NAME: W_SPARSE_160_53
n: 160
m: 4160
0	59	73
0	87	19
0	123	55
0	93	38
0	74	97
0	37	7
0	66	34
0	119	16
0	124	33
0	130	40
0	36	58
0	99	28
0	48	80
0	41	48
0	30	82
0	88	50
0	105	96
0	53	44
0	43	25
0	27	61
0	114	43
0	86	59
0	31	81
0	100	59
0	7	42
0	44	55
0	103	38
0	157	92
0	51	11
0	4	71
0	151	87
0	102	65
0	69	24
0	3	98
0	108	43
0	115	33
0	52	63
0	11	67
0	18	27
0	121	40
0	17	67
0	95	92
0	33	25
0	35	69
0	144	15
0	76	13
0	71	98
0	142	56
0	84	47
0	94	35
0	147	62
1	29	23
1	44	51
1	122	94
1	81	99
1	98	63
1	55	42
1	74	63
1	113	19
1	57	28
1	70	89
1	59	95
1	108	66
1	42	23
1	66	53
1	84	73
1	83	31
1	30	71
1	11	67
1	77	67
1	60	56
1	65	31
1	129	24
1	47	98
1	28	15
1	97	81
1	6	89
1	127	12
1	79	88
1	3	67
1	68	94
1	110	24
1	150	65
1	155	34
1	7	88
1	4	78
1	49	69
1	8	85
1	154	98
1	35	29
1	88	28
1	80	77
1	52	37
1	54	48
1	105	80
1	148	44
1	71	90
2	50	30
2	96	58
2	49	57
2	125	9
2	99	45
2	41	47
2	83	71
2	97	53
2	104	72
2	88	44
2	109	94
2	57	83
2	78	94
2	90	23
2	66	41
2	87	66
2	52	10
2	64	70
2	9	93
2	10	63
2	153	41
2	119	58
2	111	30
2	61	53
2	33	77
2	6	54
2	95	82
2	114	45
2	59	98
2	91	43
2	120	15
2	92	60
2	105	11
2	113	12
2	121	94
2	44	86
2	40	18
2	4	63
2	73	50
2	156	25
2	22	96
2	46	77
2	43	33
2	135	36
2	151	71
2	12	79
2	3	66
2	80	40
2	159	39
2	139	17
2	63	12
2	158	99
2	48	77
2	53	50
3	32	38
3	69	26
3	92	23
3	58	94
3	45	8
3	73	92
3	117	76
3	133	35
3	41	76
3	68	75
3	49	78
3	135	16
3	5	10
3	36	60
3	134	65
3	119	69
3	63	11
3	9	63
3	108	59
3	156	68
3	39	46
3	80	19
3	109	31
3	132	49
3	76	38
3	124	89
3	159	47
3	130	55
3	147	66
3	13	69
3	114	93
3	94	55
3	101	29
3	21	94
3	127	41
3	59	14
3	20	95
3	123	64
3	81	96
3	22	95
3	54	27
3	106	75
3	44	13
3	26	91
3	86	24
3	122	52
3	140	10
3	10	53
3	144	24
3	107	11
3	118	76
4	122	33
4	74	64
4	42	12
4	76	46
4	36	37
4	133	14
4	159	35
4	127	47
4	56	95
4	78	8
4	85	9
4	115	8
4	128	40
4	126	61
4	131	32
4	73	25
4	137	43
4	34	24
4	110	89
4	46	11
4	135	25
4	55	91
4	17	44
4	57	16
4	100	11
4	70	71
4	102	23
4	136	37
4	10	37
4	7	17
4	71	13
4	38	53
4	66	11
4	49	32
4	53	25
4	52	53
4	103	45
4	33	18
4	108	44
4	105	67
4	97	78
4	23	13
4	45	42
4	146	84
5	57	95
5	80	46
5	83	46
5	86	84
5	67	76
5	116	100
5	131	96
5	59	34
5	35	31
5	121	56
5	124	33
5	43	8
5	158	96
5	41	6
5	68	18
5	115	46
5	109	16
5	122	70
5	10	87
5	37	97
5	85	83
5	45	26
5	54	48
5	78	97
5	14	49
5	19	42
5	9	23
5	98	34
5	17	24
5	52	58
5	88	24
5	125	36
5	97	80
5	47	57
5	53	57
5	32	65
5	50	86
5	62	45
5	39	29
5	138	51
5	126	53
5	82	92
5	87	11
5	16	94
5	107	65
5	77	24
5	76	67
5	146	48
5	90	87
5	101	78
5	34	12
5	74	23
5	81	89
5	113	65
5	159	86
6	91	18
6	103	8
6	105	97
6	7	23
6	132	24
6	39	67
6	94	92
6	107	27
6	43	55
6	45	53
6	57	51
6	77	87
6	109	56
6	68	35
6	125	46
6	11	68
6	58	58
6	41	21
6	65	84
6	100	40
6	113	28
6	61	46
6	88	49
6	75	29
6	70	92
6	96	35
6	15	57
6	138	83
6	19	96
6	80	69
6	123	75
6	108	61
6	87	70
6	122	77
6	38	18
6	71	6
6	93	72
6	83	80
6	149	65
6	104	13
6	36	68
6	55	47
6	47	61
6	114	12
6	12	35
6	31	100
6	53	44
6	118	30
6	157	99
6	144	84
7	88	32
7	51	65
7	114	89
7	87	50
7	41	12
7	58	58
7	43	36
7	85	26
7	8	31
7	61	29
7	11	40
7	96	89
7	75	44
7	108	82
7	97	36
7	63	57
7	98	22
7	124	84
7	81	88
7	118	99
7	101	11
7	113	69
7	137	52
7	156	74
7	36	56
7	119	83
7	79	10
7	73	13
7	138	49
7	95	87
7	86	40
7	90	29
7	77	84
7	38	57
7	21	90
7	35	84
7	47	22
7	25	70
7	65	60
7	106	87
7	135	40
7	145	85
7	27	16
7	57	74
7	83	47
8	124	64
8	46	26
8	95	53
8	139	35
8	115	42
8	53	76
8	61	75
8	109	54
8	81	20
8	111	23
8	10	29
8	84	28
8	130	49
8	37	69
8	104	6
8	140	42
8	55	43
8	79	90
8	35	76
8	68	83
8	39	75
8	85	53
8	52	37
8	71	74
8	13	76
8	67	6
8	14	11
8	127	46
8	132	49
8	116	69
8	59	32
8	156	72
8	114	30
8	36	38
8	15	96
8	121	82
8	119	35
8	97	85
8	89	52
8	120	95
8	150	14
8	50	20
8	45	96
8	54	73
8	141	73
8	29	43
8	30	39
8	72	88
8	9	73
8	18	15
9	75	7
9	56	31
9	129	24
9	121	78
9	133	14
9	142	71
9	11	95
9	45	11
9	138	79
9	135	38
9	110	88
9	71	88
9	48	91
9	84	35
9	92	89
9	109	45
9	98	29
9	64	36
9	107	78
9	123	73
9	124	39
9	87	40
9	17	70
9	58	22
9	80	58
9	126	87
9	83	39
9	40	93
9	120	49
9	82	79
9	157	84
9	81	46
9	68	22
9	117	96
9	69	8
9	108	63
9	88	92
9	104	87
9	49	53
9	42	86
9	118	27
9	10	46
9	77	93
9	94	8
9	73	30
9	137	45
9	155	26
9	140	28
9	31	22
9	30	39
9	20	64
9	100	97
9	19	12
9	33	5
10	74	95
10	50	28
10	63	35
10	110	91
10	81	82
10	107	13
10	77	29
10	42	99
10	54	96
10	82	18
10	68	100
10	98	37
10	109	71
10	95	42
10	37	56
10	99	16
10	45	82
10	73	33
10	112	90
10	38	59
10	114	74
10	18	29
10	55	61
10	137	24
10	56	12
10	105	59
10	23	60
10	61	52
10	14	58
10	59	40
10	113	83
10	129	95
10	156	18
10	22	96
10	153	11
10	28	23
10	141	35
10	58	70
10	13	66
10	16	99
10	64	63
10	48	41
10	90	34
10	94	95
10	125	50
10	40	37
10	134	54
10	150	18
10	138	70
10	86	96
10	15	48
11	125	12
11	106	36
11	140	54
11	143	30
11	38	50
11	50	18
11	96	30
11	105	59
11	80	78
11	121	27
11	107	96
11	144	57
11	91	36
11	119	7
11	51	13
11	79	99
11	138	77
11	82	14
11	64	22
11	95	42
11	70	24
11	108	56
11	87	75
11	61	34
11	73	15
11	52	66
11	102	34
11	62	24
11	78	21
11	117	28
11	126	61
11	155	20
11	130	42
11	67	43
11	99	99
11	53	58
11	122	82
11	154	28
11	100	91
11	31	91
11	109	46
11	124	48
11	133	77
11	69	89
11	158	17
11	14	28
11	74	75
11	141	35
11	45	65
11	123	78
12	100	56
12	46	29
12	126	51
12	113	11
12	40	29
12	117	98
12	139	51
12	99	32
12	52	56
12	119	9
12	17	76
12	78	67
12	55	41
12	77	79
12	91	76
12	92	95
12	39	64
12	76	58
12	57	80
12	85	87
12	105	12
12	134	49
12	43	80
12	62	71
12	125	85
12	83	50
12	19	88
12	88	66
12	53	39
12	103	90
12	73	63
12	56	81
12	124	62
12	21	32
12	111	95
12	82	15
12	67	69
12	136	96
12	63	76
12	118	20
12	132	26
12	96	21
12	97	61
12	120	73
12	104	91
12	138	87
12	131	41
13	143	47
13	54	8
13	86	74
13	93	23
13	137	58
13	47	86
13	115	91
13	141	71
13	102	19
13	111	19
13	79	13
13	144	35
13	74	15
13	103	69
13	97	23
13	46	29
13	50	98
13	61	99
13	80	38
13	56	63
13	113	42
13	82	30
13	108	44
13	130	6
13	58	8
13	107	68
13	124	47
13	71	42
13	123	21
13	60	72
13	121	49
13	59	48
13	18	26
13	119	58
13	132	50
13	20	90
13	51	49
13	136	31
13	68	57
13	81	70
13	128	7
13	89	41
13	117	83
13	48	25
13	96	53
13	67	46
14	91	86
14	139	9
14	120	71
14	104	71
14	147	46
14	84	64
14	74	20
14	51	10
14	132	77
14	54	86
14	87	12
14	102	88
14	140	42
14	115	56
14	49	40
14	70	55
14	89	86
14	135	49
14	130	45
14	18	17
14	108	37
14	19	22
14	124	83
14	17	91
14	106	51
14	138	68
14	57	36
14	116	88
14	16	71
14	78	72
14	48	12
14	95	53
14	121	36
14	26	33
14	144	16
14	134	42
14	25	70
14	28	35
14	81	33
14	44	32
14	101	55
14	105	84
14	42	42
14	43	85
14	69	68
14	35	25
14	142	54
14	82	33
14	30	67
14	92	78
14	34	83
14	66	16
14	75	26
14	24	80
14	45	51
14	80	63
15	51	12
15	49	57
15	89	36
15	54	20
15	114	70
15	48	91
15	55	64
15	122	98
15	128	24
15	70	47
15	86	64
15	69	86
15	123	12
15	112	22
15	80	21
15	16	55
15	100	99
15	52	92
15	133	17
15	110	75
15	56	6
15	142	67
15	62	65
15	146	63
15	108	34
15	61	92
15	82	50
15	43	50
15	92	55
15	148	43
15	117	30
15	144	45
15	131	51
15	90	88
15	105	80
15	158	26
15	58	8
15	116	25
15	53	9
15	137	37
15	67	57
15	118	84
15	147	95
15	98	83
15	57	24
15	25	24
15	107	20
16	107	7
16	99	80
16	140	34
16	81	60
16	48	49
16	62	59
16	77	35
16	19	6
16	112	66
16	59	20
16	142	18
16	100	94
16	70	62
16	80	34
16	46	72
16	75	46
16	145	95
16	111	50
16	146	63
16	66	42
16	52	45
16	117	40
16	58	59
16	123	21
16	63	9
16	68	57
16	53	75
16	61	32
16	74	74
16	158	73
16	25	19
16	109	55
16	26	37
16	55	21
16	98	98
16	73	88
16	156	33
16	97	67
16	116	74
16	149	68
16	27	39
16	138	25
16	154	12
17	138	29
17	99	20
17	149	49
17	73	62
17	106	71
17	132	96
17	69	89
17	147	74
17	76	77
17	133	45
17	150	42
17	88	60
17	116	100
17	142	23
17	24	7
17	135	62
17	145	26
17	124	20
17	84	99
17	136	54
17	123	16
17	78	54
17	57	47
17	104	24
17	112	49
17	47	44
17	120	78
17	143	7
17	140	58
17	89	38
17	90	44
17	28	21
17	97	62
17	45	61
17	126	76
17	92	73
17	72	47
17	134	56
17	19	66
17	32	21
17	141	80
17	129	51
17	27	14
17	61	29
17	91	12
17	102	47
17	82	93
17	114	36
17	71	40
18	119	82
18	112	9
18	79	82
18	121	31
18	104	40
18	149	99
18	77	56
18	97	73
18	134	36
18	48	9
18	63	17
18	70	36
18	127	53
18	125	17
18	46	97
18	128	81
18	110	70
18	27	27
18	56	18
18	151	13
18	55	17
18	66	66
18	94	18
18	95	94
18	92	81
18	76	18
18	85	43
18	106	17
18	136	26
18	147	42
18	109	73
18	146	92
18	52	77
18	114	48
18	144	42
18	107	76
18	131	74
18	35	69
18	87	32
18	122	93
18	22	60
18	159	63
18	65	37
18	73	27
18	123	45
18	158	26
18	28	6
18	69	25
19	60	67
19	65	74
19	97	94
19	141	33
19	53	19
19	130	43
19	118	44
19	62	73
19	59	83
19	85	33
19	100	55
19	49	11
19	117	63
19	95	32
19	120	55
19	126	78
19	124	26
19	54	97
19	77	75
19	32	90
19	148	33
19	143	58
19	78	22
19	98	59
19	28	52
19	23	48
19	110	41
19	70	56
19	150	74
19	151	72
19	147	15
19	72	45
19	91	60
19	34	15
19	56	28
19	27	95
19	105	72
19	113	27
19	138	61
19	64	74
19	103	11
19	37	94
19	92	11
19	102	8
20	127	15
20	135	11
20	21	68
20	100	54
20	92	54
20	119	61
20	24	24
20	132	57
20	147	11
20	153	75
20	133	8
20	97	57
20	143	20
20	58	10
20	69	41
20	113	32
20	95	94
20	81	88
20	128	21
20	129	43
20	52	85
20	64	84
20	86	34
20	90	56
20	47	80
20	145	62
20	61	92
20	130	60
20	140	17
20	56	39
20	29	83
20	96	43
20	125	77
20	72	56
20	75	15
20	131	48
20	57	84
20	27	52
20	50	64
20	87	70
20	54	27
20	110	46
20	124	82
20	126	11
20	42	68
20	89	89
20	112	46
20	85	92
20	26	70
20	134	44
20	117	67
20	38	16
20	98	91
20	40	58
20	103	37
21	80	56
21	88	18
21	71	38
21	79	34
21	50	77
21	126	64
21	64	70
21	109	15
21	67	81
21	139	61
21	131	37
21	107	7
21	143	36
21	137	84
21	125	38
21	57	28
21	95	53
21	69	32
21	31	71
21	74	70
21	138	67
21	54	88
21	22	92
21	49	98
21	132	31
21	99	83
21	94	70
21	35	45
21	85	72
21	127	86
21	34	17
21	73	13
21	78	64
21	108	44
21	33	38
21	113	58
21	86	8
21	82	94
21	29	85
21	134	29
21	76	52
21	93	59
21	24	53
21	121	54
21	151	11
21	148	43
21	51	42
21	101	18
21	75	18
22	50	63
22	55	91
22	51	53
22	94	27
22	49	34
22	59	32
22	79	88
22	149	44
22	131	42
22	100	50
22	122	49
22	125	78
22	56	57
22	83	19
22	77	94
22	153	42
22	106	73
22	124	71
22	63	80
22	109	95
22	86	96
22	89	33
22	137	62
22	88	97
22	127	98
22	84	30
22	102	7
22	133	20
22	92	53
22	126	19
22	104	46
22	111	75
22	128	71
22	87	34
22	108	59
22	151	15
22	67	33
22	82	55
22	123	25
22	29	88
22	54	90
22	75	78
22	148	76
22	152	86
22	118	82
22	138	39
22	139	12
22	130	13
22	46	71
23	153	5
23	97	5
23	154	59
23	51	32
23	83	39
23	135	91
23	141	98
23	57	65
23	137	57
23	71	74
23	138	86
23	90	27
23	148	60
23	155	39
23	55	14
23	106	76
23	101	51
23	94	16
23	54	53
23	144	34
23	116	64
23	61	79
23	27	24
23	143	55
23	82	54
23	36	29
23	85	85
23	58	65
23	139	32
23	32	22
23	63	12
23	42	85
23	125	18
23	93	26
23	30	52
23	89	30
23	43	67
24	52	11
24	96	25
24	98	34
24	138	29
24	151	26
24	69	19
24	63	23
24	103	89
24	90	78
24	115	89
24	59	42
24	58	27
24	62	32
24	142	48
24	82	18
24	51	98
24	147	42
24	88	99
24	56	32
24	139	63
24	129	81
24	27	73
24	70	50
24	123	59
24	28	72
24	89	33
24	119	68
24	109	20
24	79	17
24	102	9
24	128	82
24	92	72
24	130	86
24	148	11
24	65	57
24	72	10
24	32	99
24	25	57
24	112	49
24	113	18
24	144	80
24	57	24
24	39	31
24	104	65
25	115	70
25	104	95
25	52	77
25	71	59
25	96	95
25	146	91
25	92	85
25	108	38
25	135	28
25	126	20
25	109	36
25	143	6
25	76	84
25	98	82
25	62	39
25	128	12
25	130	29
25	137	7
25	101	9
25	57	40
25	150	13
25	55	74
25	53	46
25	88	37
25	35	53
25	32	72
25	77	72
25	154	54
25	69	25
25	33	93
25	26	91
25	106	48
25	139	42
25	103	82
25	155	90
25	125	68
25	107	68
25	31	97
25	148	90
25	149	51
25	39	54
25	82	71
25	29	28
25	87	72
25	78	19
25	84	10
25	121	48
26	127	77
26	84	88
26	103	22
26	76	65
26	64	51
26	145	20
26	137	9
26	155	50
26	124	23
26	96	86
26	131	19
26	159	77
26	102	48
26	126	26
26	150	59
26	156	95
26	69	81
26	54	65
26	106	60
26	68	7
26	72	54
26	136	55
26	125	54
26	34	86
26	130	25
26	27	77
26	122	68
26	144	93
26	140	74
26	111	96
26	147	90
26	56	27
26	94	92
26	119	48
26	85	23
26	121	88
26	123	88
26	45	42
26	74	87
26	79	78
26	129	74
26	92	15
26	70	39
26	104	57
26	30	55
26	80	73
26	135	42
26	151	33
26	93	98
27	98	45
27	101	22
27	133	19
27	150	21
27	76	11
27	134	65
27	72	67
27	94	10
27	118	77
27	148	19
27	143	68
27	54	6
27	75	21
27	68	19
27	154	99
27	62	95
27	87	7
27	95	58
27	61	38
27	100	60
27	66	99
27	107	51
27	82	62
27	109	15
27	144	81
27	113	82
27	124	42
27	30	21
27	89	45
27	139	39
27	123	20
27	41	28
27	116	75
27	34	44
27	78	71
27	46	18
27	145	38
27	158	56
27	80	18
27	106	37
27	65	36
27	44	65
27	59	32
27	49	23
27	50	87
28	141	76
28	96	25
28	74	20
28	159	26
28	63	67
28	72	91
28	73	24
28	118	90
28	32	86
28	125	63
28	116	85
28	92	14
28	80	35
28	102	85
28	110	74
28	119	36
28	132	49
28	104	41
28	61	65
28	144	83
28	153	55
28	126	96
28	97	62
28	123	93
28	142	25
28	133	32
28	150	90
28	158	75
28	139	52
28	121	70
28	40	91
28	151	44
28	47	86
28	30	26
28	36	60
28	145	13
28	85	80
28	41	18
28	112	53
28	86	59
28	117	57
29	123	45
29	108	74
29	128	73
29	67	58
29	113	10
29	150	6
29	30	54
29	121	14
29	71	88
29	73	6
29	120	60
29	96	49
29	60	18
29	134	62
29	132	40
29	36	57
29	66	18
29	77	78
29	62	51
29	64	36
29	122	20
29	37	95
29	105	6
29	159	34
29	139	58
29	41	39
29	111	88
29	126	56
29	94	88
29	131	88
29	118	80
29	38	83
29	34	76
29	95	30
29	137	80
29	80	99
29	65	58
29	144	79
29	72	82
29	44	54
29	45	28
29	79	83
29	86	6
29	127	54
29	143	18
29	141	99
29	117	35
29	153	45
30	94	46
30	98	41
30	101	54
30	131	41
30	158	63
30	69	80
30	107	60
30	76	74
30	141	77
30	102	15
30	157	98
30	97	72
30	130	85
30	99	73
30	73	97
30	31	60
30	124	6
30	136	89
30	87	84
30	63	95
30	89	72
30	154	100
30	146	70
30	132	26
30	147	75
30	133	87
30	127	64
30	145	56
30	150	82
30	106	84
30	122	31
30	108	25
30	140	51
30	64	73
30	129	67
30	142	60
30	46	33
30	45	22
30	41	60
30	121	35
30	151	85
30	71	47
30	153	45
30	40	21
30	43	9
30	38	6
30	61	66
31	141	42
31	146	84
31	143	21
31	65	74
31	138	10
31	94	24
31	105	18
31	115	31
31	132	24
31	140	81
31	102	89
31	108	81
31	78	60
31	76	11
31	73	21
31	85	71
31	135	61
31	93	86
31	104	43
31	112	18
31	125	23
31	155	94
31	36	85
31	32	62
31	82	37
31	126	59
31	100	10
31	84	42
31	49	23
31	136	96
31	43	33
31	80	79
31	157	89
31	46	39
31	39	63
31	71	43
31	79	31
31	116	19
31	101	64
32	106	48
32	93	88
32	154	74
32	65	75
32	60	70
32	78	48
32	151	81
32	156	97
32	138	73
32	111	60
32	134	30
32	105	51
32	74	43
32	69	53
32	116	88
32	100	71
32	139	76
32	101	40
32	36	96
32	83	39
32	66	54
32	98	48
32	107	88
32	76	57
32	147	60
32	91	18
32	125	82
32	130	42
32	115	98
32	63	97
32	104	65
32	49	68
32	108	64
32	75	29
32	126	48
32	47	44
32	102	51
32	141	95
32	144	66
32	46	29
32	41	45
32	68	16
32	64	59
32	96	88
32	61	19
32	149	69
33	130	49
33	74	81
33	131	50
33	79	45
33	102	64
33	112	89
33	81	72
33	142	52
33	154	17
33	87	25
33	88	24
33	116	20
33	39	71
33	97	35
33	117	59
33	118	30
33	156	76
33	75	87
33	152	58
33	111	27
33	133	89
33	132	7
33	110	52
33	157	22
33	65	63
33	34	74
33	42	87
33	71	93
33	137	38
33	107	77
33	41	54
33	83	66
33	96	66
33	67	71
33	150	72
33	80	26
33	45	96
33	78	12
33	85	83
33	72	87
33	94	78
33	43	53
33	53	56
33	91	16
33	95	12
33	77	29
33	149	80
33	64	19
33	76	17
33	134	91
33	144	88
33	127	15
34	119	22
34	76	7
34	148	26
34	153	89
34	99	57
34	80	37
34	83	16
34	65	60
34	73	30
34	38	31
34	117	96
34	143	5
34	92	88
34	123	22
34	156	30
34	66	48
34	132	82
34	37	70
34	71	42
34	136	47
34	134	25
34	101	11
34	114	44
34	41	54
34	104	57
34	150	34
34	70	26
34	125	58
34	151	85
34	67	92
34	128	44
34	69	71
34	85	57
34	122	91
34	89	26
34	111	97
34	141	72
34	68	16
34	121	80
34	110	42
34	145	27
34	106	86
34	135	46
34	131	58
34	50	71
34	157	17
34	98	66
34	126	93
35	113	47
35	64	46
35	119	8
35	69	54
35	105	34
35	157	42
35	95	14
35	91	94
35	71	10
35	94	67
35	101	83
35	86	89
35	124	73
35	85	33
35	63	13
35	74	64
35	103	25
35	149	11
35	108	61
35	143	21
35	130	83
35	37	76
35	154	32
35	129	22
35	77	33
35	84	25
35	67	8
35	76	37
35	80	18
35	140	52
35	100	21
35	89	54
35	114	25
35	46	7
35	50	77
35	82	97
35	159	82
35	42	75
35	145	96
35	158	33
35	92	70
35	109	48
36	63	56
36	132	7
36	140	54
36	130	8
36	101	56
36	144	31
36	157	8
36	75	37
36	67	26
36	74	31
36	83	27
36	110	10
36	114	62
36	100	87
36	79	38
36	88	77
36	91	75
36	141	65
36	81	34
36	43	78
36	117	12
36	105	41
36	121	26
36	131	75
36	93	46
36	95	91
36	80	90
36	159	73
36	115	81
36	104	91
36	128	76
36	44	25
36	119	60
36	156	89
36	77	20
36	147	68
36	71	31
36	97	36
36	146	81
36	152	96
36	37	95
37	68	74
37	71	80
37	130	83
37	139	25
37	99	21
37	111	90
37	129	14
37	95	6
37	106	39
37	38	36
37	75	41
37	121	24
37	144	16
37	92	37
37	114	7
37	82	41
37	151	11
37	40	28
37	155	17
37	109	41
37	140	5
37	100	85
37	149	12
37	66	57
37	159	37
37	52	12
37	131	72
37	87	74
37	69	99
37	80	59
37	86	86
37	138	52
37	88	56
37	74	21
37	51	37
37	103	33
37	141	11
37	154	52
37	143	19
37	54	35
37	55	88
37	157	85
37	85	86
37	49	92
37	115	16
38	81	7
38	134	87
38	129	78
38	98	52
38	143	21
38	155	67
38	44	8
38	41	30
38	70	65
38	87	29
38	146	8
38	158	87
38	159	66
38	102	68
38	122	89
38	109	7
38	103	5
38	99	66
38	80	34
38	88	31
38	72	7
38	101	83
38	123	48
38	106	45
38	114	52
38	105	9
38	82	56
38	43	34
38	120	98
38	94	50
38	93	50
38	107	97
38	117	36
38	135	72
38	142	46
38	83	55
38	133	35
38	130	74
38	58	99
38	153	86
38	69	48
38	57	11
38	50	60
38	150	86
38	112	24
39	122	69
39	145	73
39	134	41
39	132	88
39	91	6
39	80	72
39	75	63
39	153	19
39	157	80
39	142	22
39	150	13
39	144	66
39	104	25
39	141	6
39	112	81
39	81	98
39	87	90
39	52	92
39	127	6
39	93	99
39	118	77
39	149	25
39	120	17
39	116	68
39	115	78
39	44	78
39	133	38
39	148	16
39	128	24
39	89	92
39	41	30
39	102	14
39	123	86
39	96	29
39	100	67
39	113	7
39	131	62
39	86	67
39	73	85
39	84	41
39	85	33
39	57	8
39	140	42
39	45	36
39	125	84
40	121	92
40	120	73
40	137	88
40	110	13
40	106	81
40	98	15
40	142	6
40	158	65
40	128	25
40	112	14
40	41	77
40	114	93
40	96	24
40	46	89
40	95	35
40	140	40
40	146	64
40	93	54
40	79	55
40	109	61
40	113	58
40	157	58
40	155	47
40	125	27
40	126	88
40	141	56
40	80	63
40	97	31
40	150	71
40	100	11
40	45	60
40	44	34
40	143	48
40	105	89
40	51	59
40	82	5
41	110	11
41	79	43
41	149	66
41	118	59
41	75	49
41	119	60
41	120	57
41	128	71
41	113	61
41	42	42
41	70	52
41	144	8
41	90	68
41	117	82
41	156	75
41	91	16
41	44	52
41	72	80
41	52	21
41	114	22
41	76	85
41	116	74
41	48	67
41	86	67
41	47	93
41	59	27
41	121	31
41	122	41
41	123	32
41	108	16
41	58	12
41	107	61
41	102	9
41	68	33
41	130	79
41	95	46
41	143	74
42	148	52
42	104	41
42	101	73
42	151	62
42	158	91
42	119	7
42	84	43
42	48	55
42	89	88
42	88	12
42	71	49
42	122	96
42	90	57
42	138	19
42	152	8
42	76	57
42	157	74
42	96	59
42	55	75
42	125	95
42	102	28
42	140	24
42	77	45
42	111	94
42	147	25
42	45	92
42	127	93
42	139	89
42	120	77
42	60	86
42	47	16
42	63	17
42	54	39
42	153	80
42	73	81
43	133	61
43	100	7
43	102	61
43	138	10
43	158	35
43	118	79
43	152	66
43	113	83
43	124	87
43	154	95
43	149	42
43	157	81
43	130	24
43	131	59
43	97	52
43	83	31
43	99	30
43	142	94
43	156	68
43	49	27
43	88	56
43	61	75
43	126	83
43	150	21
43	141	97
43	127	84
43	146	70
43	95	69
43	54	52
43	136	83
44	71	62
44	119	60
44	83	66
44	85	96
44	141	46
44	78	71
44	115	12
44	147	59
44	136	17
44	159	18
44	79	90
44	97	47
44	74	94
44	87	38
44	143	56
44	138	54
44	148	10
44	152	58
44	48	57
44	103	82
44	107	41
44	133	39
44	135	48
44	94	20
44	110	17
44	49	67
44	128	47
44	57	51
44	117	14
44	91	57
44	53	58
44	126	37
44	67	29
44	139	18
45	100	92
45	105	34
45	46	95
45	83	36
45	80	15
45	140	7
45	87	88
45	113	55
45	147	11
45	120	67
45	82	98
45	78	66
45	76	43
45	99	60
45	127	36
45	88	47
45	74	87
45	156	54
45	157	98
45	123	32
45	55	84
45	115	36
45	153	9
45	134	25
45	84	98
45	58	74
45	50	49
45	112	45
45	59	82
45	101	38
45	97	32
45	138	68
45	79	24
45	102	33
45	125	61
46	81	25
46	115	14
46	128	75
46	129	47
46	83	30
46	48	69
46	95	31
46	110	86
46	157	17
46	50	33
46	113	52
46	159	71
46	94	6
46	133	35
46	73	85
46	146	29
46	136	61
46	91	29
46	155	54
46	106	71
46	112	80
46	140	6
46	151	32
46	47	46
46	120	30
46	79	24
46	80	67
46	97	91
46	150	94
46	137	68
46	131	55
46	61	71
46	116	9
46	144	50
46	54	21
46	55	46
46	101	46
46	108	77
46	57	67
46	119	76
46	141	70
46	66	26
47	76	5
47	135	14
47	49	41
47	132	38
47	91	8
47	83	84
47	114	54
47	136	72
47	129	80
47	139	96
47	88	85
47	101	26
47	130	25
47	118	6
47	144	56
47	140	10
47	57	55
47	145	42
47	121	97
47	75	46
47	124	84
47	56	79
47	54	34
47	55	82
47	81	58
47	99	41
47	82	52
47	111	37
47	51	29
47	97	54
47	107	52
47	143	60
47	149	86
47	119	38
47	116	22
48	82	9
48	111	78
48	103	77
48	51	49
48	90	9
48	152	14
48	156	34
48	147	5
48	94	6
48	110	22
48	129	47
48	76	19
48	125	73
48	107	100
48	159	76
48	149	81
48	52	46
48	126	43
48	142	41
48	60	18
48	79	59
48	117	24
48	98	76
48	59	16
48	50	28
48	66	95
48	124	45
48	56	18
48	78	76
48	81	12
48	112	33
48	102	44
48	154	64
48	84	95
48	109	19
49	150	6
49	151	69
49	83	33
49	51	53
49	125	47
49	80	36
49	52	48
49	94	87
49	159	98
49	123	10
49	82	63
49	99	27
49	90	23
49	79	78
49	85	6
49	134	51
49	140	11
49	60	55
49	113	44
49	112	7
49	53	95
49	139	70
49	111	26
49	136	35
49	117	100
49	127	36
49	89	30
49	128	85
49	135	52
49	149	33
49	67	87
49	69	21
49	86	99
49	96	43
49	63	43
49	104	10
49	119	37
49	153	92
49	142	77
49	109	28
49	100	56
50	123	50
50	138	77
50	131	80
50	140	98
50	128	29
50	124	52
50	132	57
50	82	45
50	113	98
50	152	79
50	112	18
50	134	36
50	101	64
50	127	46
50	144	68
50	98	12
50	83	13
50	154	84
50	77	50
50	121	60
50	158	23
50	53	83
50	91	87
50	133	7
50	51	64
50	54	6
50	58	91
50	159	32
50	89	75
50	111	35
50	137	41
50	118	45
50	64	35
50	157	53
50	122	96
50	85	61
50	126	24
50	142	35
50	74	62
50	55	52
51	123	16
51	156	29
51	146	8
51	111	91
51	144	80
51	124	22
51	117	90
51	132	31
51	93	85
51	112	34
51	130	59
51	83	90
51	136	77
51	98	95
51	118	21
51	139	49
51	101	8
51	62	25
51	106	11
51	94	33
51	63	67
51	90	14
51	119	49
51	92	72
51	115	34
51	116	37
51	157	29
51	142	6
51	96	87
51	140	27
51	102	30
51	82	92
51	84	41
51	159	97
51	147	23
51	60	68
52	129	93
52	100	50
52	95	83
52	82	35
52	152	84
52	158	80
52	101	42
52	123	85
52	155	5
52	139	30
52	154	11
52	53	70
52	79	96
52	132	43
52	138	80
52	108	95
52	58	91
52	136	32
52	99	41
52	137	44
52	63	57
52	113	33
52	80	34
52	81	17
52	98	37
52	134	63
52	143	74
52	56	58
52	92	21
52	104	99
52	116	98
52	131	35
52	102	56
52	106	79
52	150	70
52	153	44
52	130	20
52	121	62
52	125	21
52	103	51
52	141	84
52	69	14
53	99	42
53	124	62
53	143	59
53	130	45
53	152	16
53	89	67
53	80	41
53	82	6
53	101	33
53	112	27
53	100	23
53	106	56
53	149	63
53	128	13
53	123	6
53	118	21
53	57	92
53	115	81
53	114	92
53	113	36
53	122	27
53	65	45
53	91	79
53	64	60
53	139	18
53	88	93
53	98	81
53	108	40
53	136	100
53	138	24
53	96	5
53	148	20
53	109	70
53	131	7
53	157	92
53	142	35
53	62	7
53	76	37
54	91	57
54	112	80
54	86	53
54	97	54
54	100	22
54	131	42
54	148	67
54	104	17
54	58	65
54	89	99
54	108	32
54	125	86
54	115	41
54	94	38
54	56	48
54	149	85
54	93	87
54	130	26
54	136	86
54	133	35
54	61	82
54	121	12
54	60	37
54	118	85
54	88	41
54	117	93
54	144	89
54	135	35
54	157	64
54	101	80
54	159	7
54	102	86
54	138	49
54	141	69
54	124	97
54	137	94
54	59	8
54	77	90
54	82	60
54	114	37
54	65	8
54	150	52
55	155	84
55	90	37
55	91	35
55	92	28
55	96	78
55	94	8
55	88	42
55	136	89
55	58	23
55	148	18
55	158	77
55	120	88
55	141	79
55	127	92
55	119	90
55	110	12
55	115	62
55	87	43
55	130	94
55	121	57
55	150	14
55	125	69
55	61	17
55	113	27
55	152	72
55	99	65
55	97	30
55	56	44
55	74	85
55	107	12
55	108	77
55	106	75
55	93	19
55	85	11
55	139	31
55	68	78
56	57	19
56	156	77
56	95	14
56	111	38
56	139	10
56	131	53
56	58	83
56	92	46
56	91	91
56	102	30
56	86	60
56	110	14
56	150	85
56	135	43
56	125	78
56	96	44
56	69	52
56	137	83
56	148	10
56	114	71
56	149	86
56	59	56
56	112	14
56	140	13
56	158	24
56	93	9
56	100	41
56	151	62
56	90	27
56	63	81
56	104	53
56	107	93
56	159	99
56	103	63
57	118	90
57	97	39
57	127	99
57	85	16
57	123	11
57	60	12
57	157	8
57	61	51
57	59	8
57	114	84
57	100	81
57	126	100
57	152	34
57	116	57
57	96	79
57	111	24
57	84	74
57	89	29
57	128	99
57	156	17
57	66	67
57	103	65
57	86	55
57	98	11
57	101	96
57	140	70
57	71	86
57	69	55
57	74	84
57	129	38
57	120	16
57	142	43
58	123	12
58	137	91
58	100	52
58	114	26
58	154	19
58	88	98
58	134	21
58	111	89
58	94	83
58	91	50
58	133	71
58	106	89
58	126	62
58	120	22
58	125	85
58	93	13
58	104	24
58	69	59
58	86	63
58	101	64
58	145	79
58	60	26
58	105	7
58	142	20
58	144	80
58	139	80
58	74	37
58	136	71
58	109	37
58	87	15
58	157	69
59	99	7
59	145	86
59	127	81
59	153	17
59	111	7
59	88	45
59	60	88
59	151	12
59	109	25
59	102	29
59	121	10
59	64	67
59	100	24
59	106	17
59	67	33
59	138	90
59	144	12
59	61	44
59	148	79
59	103	61
59	86	95
59	87	69
59	101	64
59	128	62
59	141	98
59	91	87
59	72	62
59	82	35
59	89	41
59	108	49
60	119	62
60	118	26
60	128	68
60	110	90
60	120	33
60	104	14
60	98	61
60	107	98
60	138	9
60	125	59
60	155	59
60	149	12
60	121	6
60	142	85
60	133	30
60	127	33
60	122	99
60	139	20
60	71	95
60	87	19
60	95	27
60	124	48
60	148	22
60	68	27
60	101	77
60	105	22
60	69	82
60	76	47
60	157	30
60	146	80
60	140	49
60	129	21
60	147	71
60	111	58
60	65	6
60	89	14
60	109	35
60	93	39
60	123	83
60	113	76
60	112	28
60	62	14
61	135	21
61	159	90
61	102	42
61	110	55
61	94	39
61	109	95
61	150	9
61	158	97
61	157	68
61	127	91
61	67	88
61	107	18
61	128	71
61	118	31
61	124	10
61	103	53
61	140	92
61	97	53
61	101	96
61	145	51
61	72	79
61	144	9
61	71	80
61	65	85
61	132	13
61	126	99
61	146	55
61	119	46
61	129	91
62	130	14
62	116	53
62	115	83
62	117	54
62	90	65
62	135	63
62	63	31
62	150	16
62	89	22
62	67	45
62	137	58
62	119	46
62	159	60
62	91	36
62	141	66
62	97	68
62	138	68
62	75	13
62	73	75
62	64	56
62	127	18
62	99	97
62	71	18
62	98	98
62	111	11
62	140	11
62	146	9
62	108	71
62	100	17
62	101	36
62	78	81
62	157	29
62	156	46
62	82	74
62	81	91
62	143	91
62	70	22
62	85	32
62	66	13
62	96	13
63	135	87
63	109	6
63	98	8
63	115	79
63	127	35
63	145	83
63	146	19
63	128	42
63	121	81
63	132	68
63	123	82
63	124	48
63	125	48
63	153	61
63	154	16
63	118	13
63	65	58
63	76	40
63	104	97
63	71	86
63	102	35
63	130	88
63	74	92
63	136	93
63	100	65
63	103	39
63	93	80
63	75	23
63	67	15
63	90	61
64	124	29
64	134	86
64	152	86
64	116	27
64	148	63
64	131	41
64	139	97
64	143	15
64	111	89
64	135	14
64	157	8
64	70	25
64	106	43
64	146	37
64	96	15
64	149	39
64	140	44
64	138	66
64	137	95
64	107	19
64	83	90
64	128	85
64	117	12
64	73	58
64	88	24
64	150	45
65	112	42
65	100	48
65	137	30
65	140	28
65	128	82
65	143	19
65	151	11
65	126	31
65	145	89
65	121	82
65	125	93
65	139	5
65	113	80
65	156	37
65	93	54
65	68	73
65	148	15
65	144	82
65	111	89
65	147	49
65	119	89
65	81	45
65	116	97
65	142	40
65	133	24
65	155	11
65	130	69
65	108	7
65	129	19
65	124	19
65	84	42
65	105	75
65	67	24
65	150	95
65	154	9
65	69	19
66	109	6
66	102	15
66	114	71
66	122	55
66	126	83
66	145	37
66	133	80
66	118	48
66	99	86
66	148	94
66	67	89
66	129	57
66	136	84
66	68	42
66	156	21
66	117	94
66	143	90
66	111	33
66	107	56
66	149	26
66	125	33
66	115	64
66	95	17
66	152	55
66	78	34
66	96	55
66	155	59
66	131	94
66	119	89
67	104	63
67	108	73
67	136	35
67	154	7
67	158	97
67	142	78
67	111	75
67	105	15
67	75	41
67	114	47
67	72	62
67	123	79
67	109	13
67	76	37
67	127	62
67	101	79
67	98	25
67	116	86
67	151	36
67	74	72
67	152	81
67	156	50
67	118	66
67	71	98
67	99	30
67	150	64
67	78	53
67	149	53
67	132	12
67	138	86
67	159	69
67	139	79
67	81	19
68	156	23
68	117	80
68	145	81
68	104	75
68	126	64
68	149	94
68	99	42
68	134	40
68	69	89
68	125	97
68	139	98
68	100	32
68	127	73
68	129	44
68	72	14
68	152	93
68	133	64
68	73	78
68	75	89
68	84	69
68	118	53
68	128	96
68	85	54
68	146	36
68	120	91
68	88	95
68	103	17
68	77	9
68	91	53
68	158	33
69	113	52
69	107	80
69	103	67
69	112	95
69	159	77
69	155	63
69	157	74
69	105	83
69	116	69
69	141	28
69	131	100
69	128	25
69	125	15
69	153	58
69	106	7
69	137	68
69	117	21
69	71	6
69	135	30
69	122	96
69	127	43
69	100	19
69	118	34
69	149	91
69	126	37
69	120	18
69	90	72
69	79	90
69	80	18
69	72	74
69	143	23
70	157	97
70	133	51
70	127	67
70	156	90
70	145	54
70	151	22
70	103	59
70	123	65
70	98	47
70	108	23
70	130	84
70	97	75
70	149	76
70	153	41
70	104	40
70	77	94
70	113	97
70	128	24
70	74	43
70	126	66
70	132	21
70	158	17
70	106	39
70	90	21
70	110	47
70	146	15
70	115	21
70	83	75
70	150	14
70	102	26
70	117	30
70	81	75
70	141	81
71	111	30
71	157	84
71	72	60
71	116	59
71	129	66
71	122	55
71	118	59
71	136	72
71	132	43
71	113	22
71	105	73
71	114	46
71	82	72
71	154	44
71	134	58
71	75	99
71	85	80
71	133	10
71	110	82
71	81	92
71	125	12
71	76	14
71	135	12
71	109	5
71	98	44
72	140	13
72	113	46
72	136	82
72	104	39
72	155	47
72	152	76
72	156	95
72	120	77
72	138	80
72	122	87
72	78	82
72	111	63
72	107	17
72	125	63
72	100	8
72	146	42
72	99	60
72	103	73
72	128	54
72	149	66
72	84	83
72	74	42
72	114	14
72	76	35
72	87	33
72	158	51
72	105	45
72	134	22
72	92	42
72	121	47
72	79	65
72	133	24
72	101	34
73	159	12
73	112	50
73	149	62
73	140	83
73	144	45
73	135	70
73	130	21
73	158	40
73	100	10
73	103	79
73	148	30
73	118	98
73	115	69
73	74	8
73	106	46
73	157	98
73	111	100
73	151	40
73	150	53
73	121	8
73	91	53
73	132	27
73	143	35
73	134	97
73	125	80
73	85	33
74	153	74
74	159	66
74	144	51
74	136	41
74	155	53
74	137	67
74	158	85
74	104	35
74	115	89
74	119	99
74	156	50
74	111	31
74	132	61
74	106	89
74	122	74
74	127	79
74	152	56
74	129	51
74	77	82
75	146	91
75	124	91
75	110	32
75	137	74
75	145	81
75	76	29
75	103	87
75	127	79
75	113	67
75	106	19
75	148	8
75	130	7
75	142	81
75	138	89
75	120	20
75	158	21
75	102	97
75	123	33
75	128	98
75	150	14
75	136	90
75	133	81
75	107	90
75	80	47
75	155	72
75	87	98
75	105	75
75	154	67
75	85	76
75	91	8
75	119	74
75	84	71
75	126	35
75	109	65
75	144	81
75	93	47
75	139	22
76	146	26
76	124	19
76	141	10
76	119	68
76	105	7
76	80	12
76	155	68
76	106	14
76	115	92
76	116	29
76	148	77
76	109	31
76	153	68
76	125	14
76	149	99
76	154	36
76	143	96
76	126	79
76	82	24
76	91	43
76	93	69
76	135	82
76	147	71
76	130	89
76	158	20
76	151	53
76	96	81
77	127	79
77	109	23
77	143	77
77	78	49
77	133	38
77	118	78
77	154	52
77	152	24
77	112	53
77	140	34
77	150	34
77	120	25
77	105	20
77	113	50
77	134	67
77	123	30
77	86	48
77	149	32
77	155	53
77	147	78
77	122	96
77	108	88
77	139	50
77	151	53
77	156	87
77	100	42
77	114	30
77	117	82
77	95	47
78	144	29
78	106	60
78	152	58
78	139	15
78	147	18
78	105	39
78	122	44
78	84	15
78	87	54
78	154	75
78	132	68
78	124	31
78	119	54
78	88	54
78	149	96
78	126	47
78	93	74
78	109	14
78	121	34
78	79	11
78	107	93
78	130	38
79	125	30
79	132	85
79	114	6
79	80	27
79	158	60
79	123	47
79	116	56
79	119	28
79	82	26
79	147	54
79	140	6
79	109	11
79	149	38
79	96	46
79	94	24
79	122	26
79	152	26
79	126	16
79	88	69
79	98	73
79	146	69
79	151	87
79	87	61
79	121	13
79	112	65
80	155	78
80	146	15
80	137	52
80	151	95
80	157	14
80	109	9
80	138	44
80	159	52
80	85	65
80	154	9
80	143	49
80	141	96
80	117	91
80	134	6
80	89	78
80	93	97
80	96	72
80	81	21
80	111	97
80	145	64
80	84	49
80	136	46
80	149	30
80	127	16
80	148	89
81	125	36
81	148	69
81	113	47
81	151	97
81	146	58
81	136	48
81	119	67
81	137	7
81	135	85
81	90	46
81	154	98
81	153	76
81	139	43
81	118	96
81	147	23
81	159	82
81	129	76
81	120	11
81	111	28
81	144	34
81	87	28
81	152	89
81	98	25
81	117	71
81	109	34
82	145	62
82	147	48
82	126	8
82	141	9
82	111	41
82	114	76
82	140	38
82	157	70
82	150	52
82	152	18
82	93	7
82	117	5
82	97	31
82	139	72
82	122	40
82	124	77
82	121	14
82	109	92
82	112	67
82	118	83
82	132	27
82	153	68
82	144	72
82	83	9
82	95	11
82	154	74
82	128	51
82	151	62
83	140	18
83	146	82
83	127	16
83	149	9
83	114	48
83	88	53
83	128	64
83	156	10
83	155	77
83	131	75
83	134	67
83	142	81
83	145	28
83	147	52
83	97	13
83	129	78
83	137	91
83	95	92
83	118	23
83	135	76
83	124	43
83	110	96
83	94	75
83	99	14
84	128	51
84	142	69
84	126	16
84	113	70
84	127	35
84	134	33
84	116	94
84	153	96
84	133	26
84	112	88
84	158	96
84	144	60
84	117	82
84	145	74
84	88	38
84	95	43
84	96	56
84	118	46
84	149	19
84	98	18
84	87	8
84	152	41
85	144	31
85	127	94
85	114	42
85	136	37
85	113	22
85	132	40
85	147	67
85	139	58
85	87	40
85	89	32
85	94	89
85	90	18
85	112	10
85	91	69
85	149	21
85	116	80
85	88	45
85	155	6
85	159	94
85	128	26
85	106	17
85	131	42
86	115	18
86	126	6
86	127	7
86	121	23
86	132	90
86	134	38
86	138	12
86	92	100
86	114	69
86	125	99
86	133	50
86	96	93
86	129	40
86	150	13
86	89	76
86	141	15
86	148	47
86	113	41
86	93	66
86	118	48
86	146	55
86	107	65
87	156	54
87	127	75
87	155	45
87	140	60
87	129	47
87	116	15
87	91	32
87	133	35
87	122	49
87	94	28
87	123	99
87	120	54
87	144	67
87	158	13
87	136	61
87	153	14
87	100	80
87	118	68
87	124	50
87	149	51
87	128	34
87	148	25
87	157	58
87	125	31
87	119	60
88	127	34
88	142	17
88	158	87
88	151	100
88	155	85
88	124	86
88	91	79
88	126	64
88	141	52
88	117	20
88	93	27
88	148	42
88	146	48
88	94	38
88	149	48
88	100	26
88	153	30
88	115	21
88	123	23
88	97	13
88	105	80
88	92	13
88	104	96
88	110	63
88	150	90
88	121	77
88	139	7
88	138	37
88	125	29
88	101	58
89	134	24
89	117	72
89	140	75
89	137	80
89	121	81
89	159	86
89	120	74
89	152	30
89	157	89
89	131	72
89	116	65
89	128	13
89	139	69
89	135	57
89	102	90
89	97	26
89	147	84
89	146	98
89	108	44
89	132	53
89	100	84
89	111	44
89	124	48
90	121	40
90	118	95
90	153	9
90	156	94
90	126	38
90	135	84
90	127	38
90	142	67
90	91	42
90	134	59
90	117	93
90	145	35
90	159	51
90	97	71
90	95	36
90	119	71
90	128	83
90	96	75
90	125	73
90	133	23
90	104	56
90	112	42
90	131	47
91	152	6
91	138	79
91	129	88
91	122	47
91	141	53
91	149	74
91	95	46
91	133	37
91	144	49
91	146	94
91	98	41
91	131	50
91	100	92
91	157	77
91	147	88
91	134	10
91	105	84
91	97	65
91	155	56
91	158	86
92	130	41
92	158	69
92	157	93
92	141	18
92	159	80
92	124	37
92	154	25
92	94	28
92	99	93
92	132	84
92	100	97
92	155	94
92	123	77
92	107	25
92	139	43
92	148	44
92	138	65
92	151	59
92	102	29
92	149	68
92	140	99
92	153	43
92	126	21
92	115	33
93	141	40
93	130	78
93	147	74
93	131	44
93	158	35
93	134	52
93	154	85
93	137	63
93	135	86
93	133	63
93	126	52
93	152	80
93	122	21
93	146	76
93	124	31
93	132	89
93	129	12
93	103	88
93	121	49
93	96	65
93	116	69
93	136	91
93	115	79
94	155	89
94	148	95
94	135	43
94	141	56
94	97	15
94	136	51
94	151	58
94	133	98
94	131	9
94	153	12
94	95	98
94	158	8
94	101	93
94	96	89
94	139	28
94	105	34
94	114	94
94	132	50
94	99	25
94	124	89
95	136	63
95	125	80
95	132	80
95	150	86
95	128	96
95	144	92
95	143	56
95	99	9
95	149	77
95	122	93
95	130	38
95	140	50
95	97	58
95	129	73
95	102	36
95	110	15
95	155	39
95	141	92
95	145	82
95	111	91
95	100	41
95	147	56
96	126	28
96	157	34
96	139	13
96	152	98
96	124	78
96	104	18
96	125	94
96	138	10
96	153	67
96	132	82
96	136	17
96	97	46
96	156	84
96	129	38
96	108	80
96	133	62
96	144	89
96	155	99
96	100	19
96	103	11
96	110	81
96	141	24
97	154	95
97	100	35
97	135	98
97	128	71
97	137	96
97	102	95
97	127	99
97	106	43
97	105	79
97	155	88
97	143	10
97	139	30
97	157	15
97	103	73
97	115	52
97	119	39
98	144	43
98	131	55
98	156	84
98	130	78
98	125	25
98	155	36
98	137	30
98	132	40
98	136	96
98	105	90
98	134	45
98	143	40
98	154	20
98	157	85
98	133	98
98	138	19
98	108	38
98	104	75
98	119	80
98	135	50
99	141	82
99	154	64
99	134	48
99	145	90
99	150	19
99	157	57
99	128	28
99	127	67
99	156	90
99	131	44
99	126	90
99	115	60
99	155	9
99	152	15
99	158	74
99	121	40
99	149	7
99	110	34
100	159	93
100	141	91
100	153	98
100	144	78
100	147	18
100	150	75
100	151	12
100	154	23
100	148	95
100	155	36
100	140	82
100	127	11
100	137	16
100	115	9
100	128	79
100	149	32
100	123	59
100	116	67
100	129	8
100	135	50
101	106	32
101	147	82
101	131	42
101	133	46
101	107	51
101	110	19
101	159	38
101	137	41
101	129	46
101	156	17
101	142	51
101	135	11
101	112	90
101	153	97
101	134	76
102	131	54
102	149	37
102	142	49
102	143	100
102	152	13
102	103	91
102	108	34
102	154	27
102	155	46
102	110	46
102	115	14
102	135	46
102	132	67
102	144	21
102	159	47
102	130	15
103	151	87
103	140	70
103	109	75
103	131	71
103	143	64
103	142	57
103	114	35
103	119	76
103	120	26
103	106	21
103	104	79
103	111	52
104	157	53
104	134	47
104	140	71
104	149	91
104	132	83
104	136	18
104	109	77
104	144	54
104	155	20
104	147	38
104	146	32
104	111	75
104	150	45
104	151	16
104	154	31
104	158	89
104	123	13
104	127	21
105	148	21
105	149	52
105	154	26
105	140	42
105	146	9
105	114	71
105	147	76
105	132	26
105	141	94
105	142	38
105	106	14
105	152	77
105	125	22
105	120	73
105	126	85
106	138	27
106	154	90
106	145	28
106	134	95
106	115	45
106	116	64
106	152	30
106	112	35
106	117	67
106	151	12
106	149	80
106	122	46
106	156	94
107	153	79
107	151	11
107	135	51
107	147	23
107	137	47
107	152	74
107	140	99
107	143	61
107	150	15
107	156	51
107	110	48
107	142	73
107	149	67
107	138	17
107	116	53
107	145	94
108	146	65
108	143	22
108	150	6
108	155	28
108	158	28
108	138	22
108	113	56
108	123	94
108	122	25
108	117	30
108	128	66
108	137	56
108	127	6
108	120	86
109	140	69
109	141	24
109	139	9
109	151	71
109	142	6
109	150	42
109	115	88
109	121	96
109	112	62
109	110	75
109	122	75
109	154	10
109	138	72
109	132	35
109	155	69
110	112	90
110	140	41
110	138	90
110	152	52
110	148	60
110	139	54
110	116	98
110	156	24
110	151	6
110	122	53
110	124	8
110	137	89
110	127	9
110	159	71
110	111	86
110	120	95
110	121	50
110	141	91
110	134	14
110	118	68
111	154	35
111	145	88
111	159	91
111	157	69
111	114	22
111	112	65
111	147	39
111	155	53
111	158	62
111	120	25
111	122	60
111	139	40
111	119	35
111	142	98
111	127	71
111	138	12
111	156	53
112	146	35
112	116	15
112	145	64
112	157	67
112	154	47
112	155	79
112	126	57
112	148	57
112	153	97
112	130	23
112	129	49
112	143	46
112	115	56
112	141	53
112	122	70
113	152	87
113	148	53
113	154	23
113	159	22
113	158	9
113	122	33
113	125	75
113	145	91
113	119	99
113	150	44
113	156	79
113	128	22
113	151	96
113	123	9
113	124	26
114	156	64
114	149	54
114	143	23
114	120	64
114	152	71
114	124	47
114	115	85
114	157	62
114	119	56
114	146	87
114	153	28
114	129	55
115	153	63
115	152	43
115	147	86
115	151	8
115	157	48
115	145	83
115	130	97
115	144	11
115	124	92
115	159	21
115	143	24
115	158	42
115	122	54
116	159	18
116	146	11
116	120	77
116	148	21
116	119	91
116	122	75
116	129	71
116	134	55
116	128	59
117	153	33
117	119	33
117	144	59
117	145	60
117	146	48
117	154	84
117	121	21
117	155	63
117	124	16
117	156	31
117	135	86
117	127	20
117	148	86
117	138	84
117	132	12
118	159	78
118	119	59
118	147	75
118	121	12
118	128	8
118	146	6
118	149	20
118	127	43
118	140	69
119	147	49
119	154	55
119	151	17
119	137	71
119	121	50
119	128	64
119	130	52
119	120	35
120	159	67
120	149	45
120	148	64
120	130	36
120	151	24
120	158	30
120	134	72
120	127	83
120	137	36
120	126	67
120	123	63
120	143	56
121	149	51
121	123	42
121	158	48
121	150	36
121	156	41
121	152	44
121	154	96
121	133	97
121	145	46
122	123	53
122	149	82
122	155	42
122	125	40
122	129	20
122	158	67
122	153	44
122	157	70
122	142	82
122	133	13
122	131	58
122	152	97
123	129	32
123	126	69
123	154	22
123	134	55
123	155	46
123	150	16
123	125	86
123	137	98
124	152	94
124	157	7
124	134	58
124	159	75
124	153	76
124	138	83
124	155	87
125	157	12
125	130	62
125	159	27
125	128	38
125	134	41
125	133	34
125	129	47
125	152	97
126	129	11
126	154	46
126	132	93
126	159	61
126	143	87
126	133	33
126	146	15
126	144	16
126	156	75
126	137	88
126	155	79
127	158	69
127	129	67
127	128	48
127	134	80
127	139	52
127	132	9
127	140	25
127	144	47
127	133	24
127	141	54
128	130	32
128	131	85
128	137	98
128	134	81
129	156	81
129	135	85
129	158	80
129	141	5
129	159	96
129	143	77
129	140	88
129	138	83
130	158	54
130	157	38
130	140	83
130	134	60
130	151	27
130	149	80
130	143	53
131	141	36
131	133	40
131	159	91
131	139	11
131	151	82
131	149	68
131	148	17
132	141	5
132	145	73
132	148	32
132	159	71
132	139	11
132	152	65
133	134	37
133	139	38
133	153	13
133	141	56
133	154	96
133	145	32
133	137	22
133	146	55
134	135	40
134	139	33
134	137	87
134	145	68
134	144	26
134	146	48
134	150	36
134	155	38
135	137	40
135	136	54
135	141	75
135	139	55
135	145	76
135	147	15
135	152	11
136	140	52
136	137	99
136	143	23
136	149	76
136	144	84
136	152	60
137	147	76
137	148	21
137	152	64
137	145	82
138	146	27
138	140	96
138	149	53
138	156	89
139	144	48
139	148	16
139	149	78
139	143	41
139	154	13
139	155	74
139	147	69
140	146	27
140	145	71
140	141	36
140	159	19
140	155	84
140	152	26
141	145	48
141	148	67
141	142	12
141	144	20
141	154	62
141	159	6
141	155	62
142	144	33
142	153	30
142	155	82
142	145	63
143	151	99
143	152	100
143	153	89
143	144	27
144	158	39
146	151	10
146	149	91
146	150	50
146	147	43
146	158	98
146	155	45
147	154	21
147	156	22
147	152	87
148	153	9
149	151	82
149	152	82
149	159	35
150	155	9
150	156	8
151	153	32
151	156	86
151	159	63
152	153	80
153	156	12
153	159	28
153	158	92
154	155	77
155	157	40
155	158	60
158	159	90
