NAME: W_SPARSE_120_56
n: 120
m: 3360
0	32	28
0	60	18
0	56	24
0	78	39
0	42	24
0	55	46
0	90	57
0	75	50
0	88	33
0	51	45
0	5	12
0	54	23
0	87	27
0	49	47
0	77	36
0	112	29
0	67	84
0	2	49
0	30	63
0	115	46
0	11	74
0	81	89
0	69	61
0	72	61
0	89	48
0	106	17
0	82	97
0	40	76
0	76	20
0	3	58
0	44	68
0	105	66
0	17	93
0	33	12
0	71	43
0	15	86
0	41	69
0	18	10
0	65	81
0	83	45
0	13	67
0	50	56
0	73	34
0	98	20
0	7	6
0	29	17
0	100	47
0	110	70
0	114	76
0	47	24
0	61	80
0	21	56
0	93	86
1	65	91
1	40	49
1	46	29
1	48	96
1	55	89
1	42	59
1	67	93
1	86	97
1	56	78
1	62	37
1	79	78
1	84	51
1	33	17
1	43	63
1	80	94
1	53	6
1	31	47
1	114	17
1	75	51
1	36	31
1	69	54
1	83	50
1	63	83
1	61	65
1	10	32
1	87	96
1	9	26
1	32	93
1	6	61
1	107	79
1	118	17
1	78	53
1	54	67
1	41	13
1	82	64
1	73	18
1	72	37
1	90	65
1	113	8
1	77	70
1	59	70
1	4	57
1	21	14
1	89	87
1	116	65
1	74	87
1	13	88
1	106	99
1	12	52
1	16	94
1	70	79
1	30	48
1	14	18
1	112	53
1	110	99
1	5	58
1	26	76
2	47	22
2	88	29
2	45	7
2	62	97
2	119	9
2	55	57
2	72	8
2	65	47
2	87	74
2	51	52
2	79	16
2	38	52
2	67	16
2	44	87
2	73	22
2	74	40
2	39	92
2	43	86
2	12	49
2	10	40
2	58	37
2	89	78
2	68	8
2	5	85
2	109	86
2	63	35
2	54	99
2	34	52
2	92	48
2	114	41
2	15	42
2	17	36
2	49	57
2	85	19
2	86	29
2	7	77
2	6	82
2	18	39
2	112	17
2	91	22
2	103	28
2	23	37
2	37	55
2	42	82
2	66	45
2	105	16
2	107	25
2	4	14
2	118	78
2	108	97
2	106	61
2	60	23
2	61	38
2	90	84
2	56	23
2	32	56
2	8	8
3	53	79
3	50	63
3	74	67
3	91	21
3	35	75
3	82	20
3	87	57
3	37	68
3	36	6
3	75	32
3	51	45
3	54	53
3	66	49
3	60	38
3	55	76
3	7	57
3	6	69
3	45	94
3	4	38
3	33	33
3	73	82
3	80	89
3	64	21
3	8	23
3	41	65
3	83	9
3	61	73
3	93	27
3	11	98
3	14	64
3	92	91
3	12	23
3	17	6
3	9	99
3	84	22
3	59	29
3	62	18
3	114	17
3	68	93
3	57	75
3	32	85
3	13	36
3	43	37
3	56	23
3	19	87
3	15	13
3	111	78
3	58	81
3	34	13
3	86	76
3	110	57
3	77	29
3	40	92
3	99	72
3	28	45
3	85	58
3	101	42
4	54	64
4	37	96
4	65	30
4	89	51
4	53	28
4	36	89
4	5	62
4	55	52
4	7	19
4	10	94
4	70	97
4	119	79
4	12	11
4	81	30
4	92	21
4	47	10
4	80	76
4	85	84
4	58	46
4	88	58
4	116	75
4	94	36
4	50	41
4	13	47
4	68	8
4	49	10
4	82	86
4	83	38
4	39	69
4	109	30
4	18	28
4	38	28
4	48	17
4	20	71
4	15	43
4	86	86
4	72	33
4	105	11
4	108	36
4	8	32
4	51	18
4	57	39
4	73	89
4	113	52
4	9	11
4	111	65
4	61	55
4	71	7
4	11	19
4	95	74
4	25	59
4	17	57
4	62	37
4	74	20
4	98	53
4	29	59
4	28	31
5	36	91
5	39	100
5	61	24
5	77	15
5	91	56
5	94	77
5	51	52
5	69	67
5	6	32
5	84	32
5	89	40
5	43	37
5	63	44
5	93	65
5	59	89
5	13	28
5	119	42
5	34	57
5	67	31
5	47	82
5	64	59
5	16	91
5	7	11
5	8	13
5	79	45
5	15	70
5	20	85
5	70	20
5	55	17
5	46	52
5	35	39
5	111	11
5	110	90
5	83	61
5	86	46
5	26	14
5	85	85
5	109	47
5	75	85
5	52	61
5	57	44
5	60	60
5	117	51
5	19	33
5	49	48
5	14	58
5	73	60
6	60	52
6	78	77
6	52	29
6	73	64
6	95	18
6	51	17
6	64	31
6	48	67
6	90	83
6	57	40
6	69	50
6	70	93
6	85	54
6	45	43
6	56	36
6	43	68
6	59	59
6	40	82
6	89	83
6	15	23
6	65	38
6	84	68
6	91	94
6	63	50
6	66	48
6	49	50
6	79	7
6	87	65
6	75	18
6	111	19
6	71	82
6	53	64
6	114	26
6	12	62
6	24	31
6	67	8
6	38	45
6	94	5
6	58	20
6	93	25
6	21	98
6	106	16
6	42	83
6	16	24
6	82	28
6	117	13
6	88	98
6	50	38
6	44	45
6	30	55
6	107	71
6	72	76
6	112	58
6	54	68
6	76	42
7	84	92
7	76	10
7	77	33
7	86	20
7	39	33
7	45	7
7	97	83
7	59	74
7	65	39
7	75	94
7	71	40
7	10	16
7	78	30
7	69	71
7	83	21
7	55	91
7	48	50
7	57	41
7	64	85
7	73	24
7	12	42
7	70	29
7	85	52
7	54	30
7	95	20
7	81	23
7	47	49
7	90	67
7	13	54
7	38	96
7	40	89
7	98	42
7	58	74
7	49	20
7	14	90
7	24	13
7	8	7
7	20	8
7	23	89
7	21	69
7	52	49
7	80	69
7	88	34
7	93	57
7	22	15
7	79	25
7	115	47
7	30	82
7	87	7
7	68	17
7	66	88
7	61	63
7	32	28
7	43	55
7	110	10
7	19	50
7	116	77
8	41	93
8	56	20
8	44	43
8	48	30
8	66	50
8	88	63
8	97	86
8	37	8
8	65	33
8	63	46
8	68	36
8	80	96
8	71	64
8	12	85
8	58	68
8	72	13
8	99	44
8	77	35
8	10	26
8	17	60
8	50	58
8	73	47
8	57	30
8	49	94
8	40	47
8	119	94
8	13	7
8	98	18
8	91	81
8	18	41
8	23	7
8	117	91
8	79	34
8	115	8
8	52	97
8	111	75
8	47	36
8	15	93
8	90	38
8	107	83
8	16	19
8	43	66
8	45	10
8	106	76
8	26	31
8	24	63
8	27	81
8	86	6
8	82	64
8	42	86
8	67	24
9	80	14
9	56	46
9	62	61
9	55	55
9	39	61
9	57	56
9	52	41
9	93	35
9	66	34
9	99	13
9	78	90
9	63	53
9	53	19
9	59	41
9	42	46
9	47	94
9	43	35
9	11	51
9	100	96
9	94	74
9	87	68
9	64	76
9	45	92
9	118	16
9	82	30
9	69	46
9	95	60
9	81	78
9	51	15
9	98	7
9	14	97
9	18	26
9	110	31
9	115	20
9	49	44
9	19	10
9	108	63
9	48	32
9	23	21
9	31	15
9	106	33
9	85	12
9	73	7
9	75	34
9	88	19
9	27	56
10	41	86
10	57	21
10	59	58
10	12	47
10	83	63
10	93	12
10	64	91
10	45	93
10	15	64
10	39	63
10	63	31
10	43	96
10	48	23
10	76	18
10	13	27
10	18	71
10	66	48
10	80	6
10	99	54
10	101	78
10	89	63
10	19	63
10	79	48
10	47	83
10	70	49
10	62	53
10	53	38
10	49	7
10	117	66
10	71	17
10	73	50
10	46	68
10	28	57
10	77	49
10	72	50
10	54	59
10	16	50
10	78	25
10	24	79
10	55	79
10	112	68
10	40	67
10	84	56
10	50	94
10	86	57
10	35	58
10	32	65
10	92	98
10	75	8
11	97	33
11	61	70
11	49	91
11	68	52
11	69	53
11	82	40
11	89	73
11	84	93
11	58	66
11	47	99
11	66	24
11	72	55
11	65	35
11	75	91
11	76	23
11	67	22
11	93	91
11	101	20
11	73	96
11	86	82
11	71	88
11	102	54
11	56	80
11	22	7
11	81	74
11	80	69
11	94	39
11	118	11
11	17	88
11	79	64
11	77	13
11	85	66
11	18	100
11	95	10
11	12	64
11	26	69
11	48	92
11	112	78
11	27	93
11	43	11
11	13	92
11	41	77
11	100	54
11	59	74
11	19	75
11	87	30
11	33	76
11	51	23
11	29	38
11	54	47
11	111	61
11	96	13
11	63	66
11	32	13
11	46	32
11	104	41
12	49	97
12	89	52
12	85	29
12	56	9
12	65	53
12	61	64
12	84	89
12	44	73
12	42	69
12	57	72
12	58	89
12	92	5
12	59	38
12	66	18
12	98	16
12	87	85
12	48	84
12	79	6
12	25	24
12	77	51
12	13	13
12	21	70
12	99	28
12	68	53
12	26	32
12	78	13
12	94	8
12	67	8
12	46	93
12	86	42
12	73	61
12	90	99
12	16	79
12	115	25
12	119	84
12	15	41
12	53	98
12	60	56
12	112	70
12	20	68
12	93	32
12	71	31
12	30	82
12	14	92
12	17	15
12	43	35
12	118	35
12	28	95
12	75	7
12	107	61
13	69	69
13	92	16
13	42	52
13	67	82
13	79	80
13	82	34
13	56	37
13	61	28
13	88	80
13	65	77
13	77	56
13	52	69
13	59	68
13	60	99
13	74	76
13	22	62
13	83	75
13	19	49
13	47	84
13	43	93
13	73	90
13	94	46
13	23	19
13	62	97
13	81	6
13	76	66
13	54	87
13	50	88
13	87	100
13	93	37
13	27	98
13	29	38
13	71	43
13	17	38
13	45	37
13	84	80
13	49	61
13	116	55
13	113	22
13	99	43
13	46	95
13	32	49
13	85	33
13	89	73
13	115	34
13	14	79
13	44	72
13	48	11
13	53	98
13	90	67
13	78	71
14	83	6
14	85	42
14	93	78
14	15	44
14	66	40
14	81	10
14	43	88
14	82	11
14	74	62
14	95	60
14	48	97
14	54	99
14	71	21
14	103	94
14	61	53
14	45	95
14	67	36
14	57	84
14	50	9
14	73	97
14	17	44
14	79	24
14	99	23
14	46	58
14	20	16
14	44	79
14	53	89
14	89	25
14	105	53
14	80	85
14	25	15
14	88	68
14	100	16
14	92	82
14	86	58
14	90	22
14	34	14
14	111	87
14	118	19
14	77	97
14	87	6
14	108	13
15	92	29
15	67	40
15	79	50
15	47	7
15	63	97
15	93	30
15	85	71
15	56	48
15	57	35
15	83	80
15	78	15
15	90	48
15	65	37
15	17	9
15	105	14
15	16	36
15	45	54
15	75	19
15	102	74
15	61	24
15	106	30
15	50	8
15	97	33
15	24	36
15	84	79
15	55	99
15	28	33
15	60	51
15	53	22
15	31	48
15	51	44
15	104	28
15	64	15
15	91	51
15	26	71
15	94	9
15	95	77
15	74	31
15	59	89
15	44	79
15	21	95
15	88	40
15	77	73
15	58	94
15	72	36
15	19	6
15	80	27
15	114	43
16	82	13
16	77	95
16	60	75
16	85	27
16	86	63
16	20	18
16	51	32
16	62	44
16	72	65
16	75	36
16	58	55
16	71	75
16	55	75
16	46	55
16	89	97
16	63	63
16	24	25
16	101	26
16	61	42
16	76	87
16	102	35
16	99	99
16	54	61
16	107	70
16	98	84
16	103	40
16	95	97
16	17	95
16	97	20
16	88	75
16	92	66
16	74	11
16	64	16
16	78	79
16	80	94
16	66	10
16	35	55
16	100	82
16	30	48
16	53	30
16	65	12
16	118	69
16	27	97
16	83	81
16	115	51
16	114	84
16	23	7
16	70	28
16	34	40
16	21	59
16	117	12
16	113	84
16	18	87
17	75	65
17	59	19
17	103	56
17	76	13
17	100	85
17	107	15
17	69	62
17	78	41
17	88	21
17	49	59
17	105	10
17	92	25
17	19	45
17	94	28
17	67	21
17	84	19
17	97	63
17	21	99
17	47	67
17	96	33
17	68	49
17	28	20
17	89	6
17	98	51
17	52	19
17	27	74
17	81	53
17	99	97
17	61	26
17	66	17
17	71	64
17	102	76
17	36	43
17	85	59
17	23	54
17	46	50
17	83	19
17	117	79
17	106	57
17	101	36
17	93	85
18	68	94
18	100	57
18	63	71
18	58	37
18	88	17
18	21	50
18	104	78
18	78	10
18	66	60
18	51	47
18	74	52
18	98	18
18	49	46
18	48	26
18	92	34
18	70	70
18	52	77
18	50	77
18	84	11
18	89	92
18	86	33
18	30	63
18	106	20
18	80	9
18	109	57
18	107	37
18	94	52
18	101	86
18	99	65
18	27	95
18	57	76
18	55	42
18	118	58
18	36	80
18	61	38
18	28	60
18	119	20
18	23	76
18	25	50
18	75	76
18	26	73
19	74	44
19	70	11
19	108	37
19	78	77
19	80	28
19	50	95
19	91	97
19	65	55
19	102	81
19	105	51
19	57	23
19	109	99
19	21	70
19	51	72
19	87	82
19	97	28
19	81	48
19	67	61
19	55	22
19	61	72
19	59	65
19	90	43
19	31	59
19	85	92
19	60	21
19	64	20
19	72	65
19	83	100
19	86	22
19	88	17
19	27	72
19	69	31
19	101	19
19	77	72
19	119	80
19	29	88
19	26	59
19	104	86
19	96	94
19	41	69
19	20	59
19	33	53
19	76	20
19	25	95
19	47	57
20	84	28
20	66	83
20	92	89
20	64	50
20	61	9
20	69	32
20	111	40
20	22	28
20	98	47
20	57	62
20	91	27
20	95	52
20	80	68
20	108	98
20	102	7
20	88	10
20	28	63
20	25	97
20	81	64
20	104	66
20	59	41
20	101	19
20	54	21
20	87	86
20	27	6
20	62	26
20	65	70
20	89	99
20	31	43
20	56	17
20	75	75
20	29	58
20	78	35
20	32	88
20	105	62
20	110	31
20	58	25
20	67	83
20	68	67
20	39	72
20	40	73
20	107	22
20	74	30
21	98	47
21	102	44
21	83	25
21	111	99
21	80	35
21	84	70
21	100	11
21	99	68
21	54	6
21	72	69
21	89	90
21	66	37
21	103	57
21	104	72
21	76	31
21	25	51
21	71	8
21	77	39
21	73	67
21	60	95
21	93	15
21	28	26
21	82	20
21	50	37
21	69	36
21	57	33
21	63	54
21	79	35
21	29	26
21	75	84
21	40	100
21	101	62
21	67	9
21	61	33
21	108	87
21	119	77
21	45	34
21	26	85
21	38	79
21	59	91
21	42	75
21	81	98
21	97	10
22	108	81
22	81	35
22	58	49
22	71	92
22	72	57
22	25	63
22	106	73
22	59	42
22	92	7
22	73	65
22	74	75
22	91	77
22	82	54
22	105	73
22	60	37
22	66	94
22	62	82
22	79	51
22	86	49
22	103	43
22	83	31
22	23	88
22	111	74
22	55	51
22	68	67
22	26	97
22	96	65
22	37	44
22	67	6
22	95	58
22	112	91
22	31	15
22	100	55
22	110	41
22	36	5
22	39	78
22	80	7
22	56	82
22	41	21
22	118	44
22	119	86
22	44	96
22	27	40
22	47	69
22	52	38
22	57	34
23	89	45
23	64	65
23	71	16
23	83	60
23	113	88
23	101	42
23	61	77
23	65	66
23	59	86
23	63	65
23	87	55
23	96	30
23	97	98
23	94	14
23	114	36
23	95	62
23	105	57
23	68	62
23	84	63
23	53	73
23	58	25
23	67	84
23	60	99
23	93	7
23	80	58
23	99	58
23	112	47
23	81	89
23	79	33
23	24	64
23	55	31
23	32	56
23	69	16
23	30	78
23	82	8
23	56	65
23	110	26
23	27	30
23	38	93
23	62	42
23	25	20
23	29	53
23	90	20
23	92	69
23	34	22
23	75	40
23	28	41
23	42	61
23	33	82
23	66	20
23	111	10
23	85	31
23	43	10
24	107	70
24	94	58
24	90	87
24	72	23
24	91	70
24	66	56
24	84	67
24	97	80
24	59	69
24	87	28
24	75	77
24	25	38
24	68	67
24	104	14
24	31	27
24	93	14
24	86	83
24	73	50
24	81	79
24	74	52
24	100	76
24	57	32
24	29	38
24	82	51
24	26	80
24	101	17
24	96	23
24	108	37
24	77	58
24	55	50
24	110	35
24	115	87
24	79	54
24	111	35
24	27	63
24	103	72
24	35	15
24	54	14
24	61	90
24	92	51
24	67	75
24	89	52
24	112	91
24	102	77
24	113	53
25	109	92
25	54	85
25	112	89
25	93	8
25	76	29
25	111	91
25	100	78
25	68	98
25	28	46
25	95	8
25	57	23
25	83	37
25	104	70
25	108	97
25	81	18
25	60	33
25	84	11
25	86	72
25	30	98
25	59	55
25	85	70
25	75	78
25	115	100
25	31	21
25	82	85
25	38	50
25	63	29
25	99	81
25	106	95
25	87	79
25	34	46
25	90	80
25	91	83
25	58	91
25	64	53
25	70	28
25	41	55
25	65	68
25	61	38
25	94	73
25	113	99
25	62	36
25	103	55
25	116	79
25	49	52
25	44	57
25	45	77
25	37	35
25	42	14
26	74	32
26	78	38
26	56	77
26	91	92
26	95	22
26	81	54
26	83	29
26	87	67
26	108	19
26	77	57
26	93	44
26	109	77
26	114	92
26	65	98
26	99	64
26	106	95
26	67	93
26	85	42
26	104	71
26	57	88
26	90	69
26	100	74
26	107	5
26	73	87
26	76	24
26	70	42
26	103	28
26	117	78
26	27	8
26	75	45
26	97	22
26	38	84
26	55	33
26	84	59
26	31	62
26	40	22
26	30	62
26	115	45
26	35	77
26	44	63
26	63	37
26	28	66
26	102	50
26	96	66
26	60	23
26	94	24
26	39	12
26	110	85
26	101	82
26	89	84
26	113	46
27	61	60
27	74	30
27	114	75
27	73	44
27	97	66
27	108	62
27	67	81
27	81	27
27	86	58
27	107	15
27	89	75
27	56	68
27	94	59
27	118	23
27	64	32
27	93	46
27	110	60
27	75	59
27	59	9
27	70	49
27	80	80
27	102	30
27	85	29
27	63	21
27	106	62
27	34	95
27	92	71
27	101	41
27	111	28
27	95	99
27	82	88
27	66	60
27	58	71
27	57	46
27	43	84
27	65	26
27	31	27
27	90	18
27	32	33
27	100	86
27	68	59
27	60	12
27	45	90
27	46	46
27	48	81
27	109	95
27	30	48
27	35	50
27	36	51
27	104	55
27	103	29
27	115	24
28	89	52
28	92	64
28	72	26
28	80	36
28	90	87
28	100	36
28	60	38
28	115	5
28	107	58
28	74	87
28	57	46
28	61	15
28	70	14
28	84	56
28	93	95
28	112	89
28	91	63
28	77	16
28	106	98
28	116	68
28	29	100
28	88	17
28	95	33
28	103	73
28	111	16
28	66	33
28	75	8
28	85	32
28	96	65
28	108	87
28	113	17
28	34	57
28	82	69
28	32	32
28	33	56
28	36	87
28	42	87
28	41	31
28	40	97
28	39	30
28	62	57
28	86	93
28	35	74
28	46	47
28	76	27
28	48	12
28	73	97
28	83	34
28	47	79
28	71	10
28	53	7
28	69	60
28	97	8
28	52	90
28	109	87
28	50	66
29	58	53
29	75	79
29	103	20
29	106	23
29	104	88
29	32	18
29	85	63
29	101	56
29	78	40
29	68	49
29	99	67
29	109	78
29	72	10
29	62	25
29	60	97
29	82	80
29	93	15
29	64	25
29	111	6
29	77	70
29	117	76
29	97	69
29	112	66
29	41	17
29	98	75
29	89	11
29	84	49
29	36	28
29	40	93
29	116	36
29	63	45
29	110	35
29	42	48
29	71	59
29	94	12
29	48	16
29	47	11
29	96	85
29	69	38
29	102	58
29	113	60
29	33	19
29	107	98
29	38	65
30	83	35
30	115	25
30	59	8
30	69	47
30	74	19
30	68	86
30	92	51
30	32	46
30	31	59
30	78	55
30	82	9
30	76	96
30	101	30
30	73	29
30	100	53
30	109	50
30	96	42
30	111	80
30	40	40
30	108	92
30	84	54
30	107	43
30	102	99
30	119	62
30	64	56
30	118	25
30	90	16
30	70	89
30	104	62
30	48	22
30	89	46
30	46	77
30	71	86
30	103	20
30	116	15
30	65	91
30	49	85
30	66	42
30	80	57
30	94	92
30	39	12
30	62	41
30	91	14
30	50	17
30	99	66
31	65	62
31	97	56
31	71	84
31	101	28
31	93	47
31	68	92
31	34	87
31	80	5
31	74	17
31	94	61
31	79	29
31	87	6
31	75	62
31	88	60
31	91	66
31	33	36
31	63	20
31	115	40
31	89	12
31	81	16
31	67	100
31	40	43
31	86	42
31	69	30
31	109	84
31	38	69
31	106	91
31	117	57
31	48	30
31	78	76
31	119	69
31	112	100
31	77	17
31	41	89
31	84	30
31	55	83
31	64	84
31	66	29
31	105	75
31	56	87
31	61	90
32	114	91
32	109	91
32	102	51
32	117	39
32	93	87
32	74	73
32	91	70
32	98	59
32	96	6
32	100	65
32	108	71
32	118	38
32	80	25
32	66	17
32	92	81
32	86	27
32	76	87
32	78	51
32	70	77
32	94	37
32	35	27
32	63	45
32	110	94
32	104	74
32	72	9
32	69	92
32	87	64
32	90	38
32	119	98
32	83	12
32	107	66
32	36	72
32	105	76
32	50	53
32	88	100
32	40	13
32	116	45
32	112	71
32	85	97
32	81	89
32	47	45
32	45	71
32	97	72
32	62	61
32	77	42
33	79	15
33	63	91
33	101	6
33	85	80
33	68	54
33	82	93
33	77	27
33	102	57
33	74	11
33	100	54
33	86	43
33	39	27
33	91	87
33	99	81
33	95	98
33	117	14
33	114	88
33	73	27
33	112	30
33	111	24
33	81	58
33	69	59
33	66	14
33	44	58
33	67	59
33	94	79
33	96	57
33	116	5
33	80	90
33	43	17
33	40	79
33	110	90
33	53	57
33	48	18
33	70	55
33	84	17
33	49	72
33	107	92
33	92	90
33	72	75
34	72	28
34	111	53
34	83	22
34	95	69
34	76	90
34	102	38
34	63	56
34	67	27
34	75	70
34	107	57
34	38	30
34	114	18
34	112	92
34	105	18
34	35	48
34	82	23
34	68	90
34	106	100
34	108	83
34	91	31
34	43	35
34	64	100
34	81	33
34	109	66
34	100	63
34	77	93
34	97	95
34	42	33
34	118	65
34	66	36
34	37	93
34	103	74
34	48	89
34	51	85
34	50	54
34	113	11
34	85	47
34	87	62
34	90	85
34	54	36
34	94	78
34	46	60
34	73	6
34	59	85
34	93	30
34	49	10
34	96	96
35	107	48
35	83	100
35	69	94
35	102	55
35	37	83
35	79	56
35	71	33
35	85	41
35	90	84
35	70	69
35	36	16
35	41	97
35	116	22
35	40	46
35	95	11
35	99	62
35	39	64
35	109	30
35	77	53
35	93	5
35	88	89
35	87	69
35	76	36
35	92	96
35	44	35
35	67	52
35	100	21
35	108	15
35	49	98
35	106	8
35	117	52
35	48	92
35	74	13
35	98	52
35	111	12
35	97	15
35	45	75
35	113	82
35	81	57
35	43	39
35	50	96
35	118	57
36	100	90
36	78	36
36	93	96
36	77	84
36	106	77
36	73	92
36	86	51
36	119	88
36	76	83
36	108	58
36	82	27
36	107	34
36	68	27
36	37	87
36	110	82
36	92	66
36	72	20
36	67	39
36	97	70
36	104	50
36	69	48
36	75	18
36	40	13
36	80	51
36	91	85
36	49	58
36	45	88
36	89	78
36	117	6
36	101	53
36	113	58
36	81	43
36	94	57
36	79	75
36	95	69
36	88	92
36	99	100
36	66	71
36	41	73
36	70	31
36	71	58
37	87	79
37	114	58
37	79	83
37	72	39
37	90	68
37	106	35
37	74	21
37	109	22
37	86	89
37	103	12
37	68	15
37	107	79
37	66	30
37	42	10
37	101	65
37	77	80
37	97	46
37	41	31
37	112	79
37	70	61
37	108	61
37	102	14
37	104	5
37	105	14
37	89	14
37	40	96
37	52	12
37	85	8
37	76	52
37	51	37
37	93	87
37	78	99
37	69	82
37	91	94
37	39	52
37	59	30
37	81	49
37	44	57
37	100	88
37	98	71
37	82	17
37	116	38
37	47	99
37	53	54
37	92	29
38	82	40
38	84	86
38	96	59
38	105	51
38	67	87
38	100	41
38	111	21
38	118	60
38	78	36
38	79	21
38	101	60
38	102	75
38	117	93
38	97	19
38	44	82
38	71	29
38	90	37
38	119	33
38	69	76
38	86	89
38	45	91
38	98	71
38	112	62
38	39	84
38	85	66
38	50	32
38	68	84
38	76	79
38	77	77
38	113	56
38	70	29
38	54	77
38	56	53
38	107	12
38	99	91
38	91	23
38	83	55
38	88	99
38	103	71
38	63	10
38	61	18
38	94	81
39	72	98
39	106	19
39	114	95
39	118	31
39	109	21
39	41	37
39	110	81
39	102	45
39	95	7
39	89	52
39	117	68
39	98	93
39	49	28
39	51	48
39	116	92
39	91	51
39	42	42
39	46	29
39	77	77
39	79	73
39	70	70
39	73	47
39	104	51
39	87	24
39	84	24
39	60	11
39	92	82
39	103	99
39	82	80
39	76	79
39	68	62
39	74	9
39	107	81
39	113	64
39	96	95
39	55	13
39	52	27
39	111	33
39	50	14
40	87	45
40	93	78
40	78	21
40	77	80
40	116	78
40	115	93
40	99	57
40	71	95
40	91	74
40	92	85
40	100	72
40	83	16
40	118	34
40	89	34
40	70	37
40	109	67
40	110	37
40	46	60
40	88	20
40	104	67
40	103	36
40	48	12
40	108	57
40	74	63
40	97	12
40	47	52
40	53	41
40	73	71
40	75	74
40	43	22
40	51	89
40	82	87
40	72	84
40	44	53
40	98	81
40	50	10
40	54	84
40	57	45
40	113	75
40	84	96
40	90	25
40	45	82
41	99	25
41	119	41
41	96	88
41	98	24
41	118	39
41	79	42
41	109	54
41	101	19
41	106	14
41	90	70
41	102	68
41	110	42
41	95	33
41	83	27
41	105	60
41	117	77
41	53	47
41	107	61
41	113	56
41	55	71
41	86	89
41	97	22
41	104	70
41	58	17
41	42	27
41	74	41
41	47	42
41	56	63
41	112	22
41	72	82
41	91	66
41	61	64
41	45	59
41	87	47
41	76	68
41	77	96
41	68	35
42	76	81
42	114	16
42	84	88
42	104	75
42	45	37
42	90	76
42	43	100
42	89	69
42	105	96
42	92	87
42	72	39
42	85	62
42	108	24
42	112	12
42	115	59
42	74	47
42	94	82
42	48	70
42	77	63
42	93	11
42	80	78
42	53	75
42	106	94
42	49	85
42	46	11
42	78	12
42	95	85
42	119	93
42	81	62
42	47	61
42	86	71
42	64	89
42	96	49
42	83	20
42	61	21
42	50	39
42	52	45
42	63	15
42	101	60
43	108	24
43	104	17
43	86	39
43	80	59
43	110	89
43	102	81
43	73	92
43	115	56
43	75	46
43	77	46
43	106	87
43	83	56
43	100	87
43	98	18
43	46	91
43	74	69
43	101	88
43	72	18
43	95	11
43	47	22
43	114	72
43	81	93
43	113	57
43	57	11
43	105	63
43	109	27
43	112	13
43	107	75
43	93	26
43	56	57
43	96	63
43	61	7
43	84	36
43	49	48
43	58	45
43	66	41
43	82	23
44	98	60
44	76	84
44	105	79
44	89	44
44	96	41
44	79	81
44	93	71
44	73	29
44	108	69
44	87	25
44	117	15
44	115	6
44	97	91
44	49	57
44	119	59
44	46	21
44	83	25
44	85	7
44	111	92
44	90	41
44	57	11
44	103	93
44	94	6
44	48	97
44	99	47
44	112	30
44	107	72
44	114	33
44	104	91
44	54	71
44	74	75
44	100	22
44	118	58
44	65	92
44	88	55
44	58	58
44	51	25
44	102	65
45	96	14
45	82	12
45	119	96
45	103	29
45	48	21
45	93	55
45	81	52
45	112	85
45	85	60
45	87	59
45	90	38
45	75	50
45	52	40
45	55	93
45	99	18
45	57	94
45	76	50
45	88	22
45	77	66
45	74	77
45	110	86
45	114	72
45	105	75
45	53	50
45	100	69
45	58	42
45	116	71
45	54	84
45	89	92
45	107	38
45	47	89
45	84	19
45	56	69
45	97	46
45	106	7
45	59	78
45	80	46
45	73	63
45	78	92
46	100	18
46	102	94
46	95	60
46	80	43
46	98	96
46	79	88
46	84	76
46	82	98
46	116	17
46	77	59
46	90	42
46	108	59
46	54	79
46	115	92
46	105	66
46	55	85
46	57	22
46	106	35
46	97	11
46	52	19
46	92	35
46	59	98
46	85	47
46	118	17
46	47	51
46	107	36
46	50	14
46	96	36
46	65	66
46	91	83
46	53	9
46	101	54
46	62	49
46	99	94
46	109	72
46	69	55
46	83	46
46	49	47
47	93	13
47	79	6
47	81	79
47	92	100
47	110	79
47	112	81
47	86	52
47	105	16
47	119	18
47	76	69
47	103	77
47	114	96
47	116	72
47	88	23
47	109	89
47	49	66
47	96	56
47	77	77
47	98	61
47	115	12
47	82	63
47	100	12
47	107	31
47	97	69
47	118	10
47	85	64
47	87	29
47	101	79
47	65	28
47	94	90
47	111	70
47	59	82
47	62	62
47	102	59
47	106	84
47	66	72
47	90	93
47	63	52
47	56	77
47	83	45
48	98	82
48	99	85
48	116	87
48	107	25
48	50	62
48	49	74
48	97	34
48	95	15
48	111	75
48	114	45
48	91	91
48	79	92
48	115	41
48	119	96
48	86	51
48	77	66
48	81	51
48	85	21
48	103	49
48	101	84
48	106	96
48	59	100
48	57	20
48	60	65
48	67	29
48	102	48
48	53	96
48	62	27
48	71	18
48	113	18
48	54	53
48	105	21
48	100	53
48	80	74
48	83	95
48	52	20
48	61	77
48	82	31
49	89	39
49	94	59
49	115	71
49	112	58
49	117	35
49	79	33
49	91	58
49	80	65
49	106	69
49	110	32
49	81	27
49	90	40
49	93	53
49	102	17
49	113	53
49	51	54
49	57	38
49	103	54
49	116	77
49	88	38
49	108	81
49	86	53
49	61	89
49	105	41
49	60	78
49	66	8
49	78	59
49	96	49
49	95	100
49	87	7
49	53	18
49	56	58
49	104	93
49	118	54
49	55	45
50	100	78
50	107	34
50	101	69
50	81	27
50	96	81
50	99	7
50	89	95
50	55	91
50	115	97
50	102	72
50	118	40
50	87	44
50	52	19
50	80	86
50	56	88
50	119	100
50	83	45
50	117	40
50	114	42
50	53	38
50	54	42
50	64	45
50	82	32
50	97	53
50	67	58
50	94	30
50	63	8
50	57	39
50	62	18
50	69	99
50	84	19
50	110	70
50	60	88
50	116	76
50	65	14
50	103	64
51	114	89
51	90	89
51	91	59
51	107	37
51	106	82
51	97	65
51	104	55
51	94	38
51	93	26
51	109	12
51	88	76
51	103	87
51	62	91
51	52	48
51	60	91
51	87	46
51	117	11
51	83	26
51	84	58
51	101	11
51	58	58
51	86	81
51	100	87
51	66	55
51	85	100
51	98	97
51	73	94
51	57	43
51	80	29
51	55	89
51	74	50
51	71	28
51	65	31
51	69	69
51	95	17
51	118	55
51	76	93
52	84	11
52	110	10
52	99	45
52	54	67
52	109	6
52	112	10
52	86	62
52	96	8
52	53	9
52	82	23
52	108	97
52	88	85
52	114	97
52	58	77
52	105	74
52	91	94
52	56	9
52	57	60
52	119	28
52	93	51
52	113	37
52	87	20
52	106	13
52	95	24
52	63	71
52	85	74
52	81	8
52	70	100
52	74	100
52	100	45
52	104	22
52	71	88
52	60	92
53	88	40
53	93	76
53	104	52
53	86	49
53	100	13
53	119	97
53	92	98
53	109	69
53	110	60
53	103	95
53	59	25
53	116	63
53	107	39
53	54	55
53	60	63
53	101	7
53	97	27
53	63	89
53	102	66
53	108	46
53	118	48
53	91	25
53	58	63
53	61	97
53	99	94
53	62	54
53	90	89
53	56	84
53	96	28
53	112	50
53	68	54
53	78	56
53	87	33
53	67	68
53	85	10
54	94	68
54	96	59
54	110	38
54	101	32
54	114	71
54	56	97
54	104	23
54	92	50
54	97	52
54	61	26
54	58	19
54	113	25
54	59	14
54	87	24
54	83	87
54	117	86
54	107	37
54	91	70
54	118	79
54	105	41
54	102	77
54	89	68
54	73	91
54	103	50
54	75	42
54	64	35
54	60	77
55	84	45
55	89	54
55	104	56
55	108	72
55	90	28
55	113	46
55	100	66
55	103	19
55	88	63
55	61	68
55	101	79
55	92	62
55	85	62
55	96	78
55	65	36
55	115	81
55	110	87
55	70	62
55	97	43
55	72	74
55	73	54
55	66	11
55	98	8
55	112	63
55	95	7
55	106	62
55	63	35
55	57	40
55	56	86
55	105	75
55	60	25
56	87	37
56	90	33
56	59	27
56	112	15
56	100	98
56	91	34
56	97	45
56	98	76
56	92	61
56	63	94
56	114	65
56	119	97
56	109	75
56	101	40
56	86	76
56	116	30
56	61	28
56	88	55
56	66	97
56	108	12
56	95	79
56	80	9
56	68	26
56	117	49
56	99	73
56	77	69
56	69	26
57	119	17
57	118	7
57	87	90
57	99	11
57	94	10
57	100	16
57	90	26
57	103	59
57	104	67
57	101	31
57	86	11
57	89	60
57	59	71
57	60	26
57	69	8
57	108	17
57	93	49
57	68	95
57	73	89
57	92	72
57	76	26
57	62	90
57	70	34
57	58	87
57	116	89
57	81	83
57	112	26
58	99	71
58	103	26
58	113	41
58	100	60
58	62	86
58	119	62
58	61	58
58	101	73
58	97	81
58	104	53
58	102	98
58	114	79
58	70	30
58	95	25
58	98	43
58	107	6
58	59	77
58	96	32
58	118	90
58	90	94
58	67	91
58	88	43
58	92	39
58	75	90
58	63	23
58	93	36
58	66	22
58	108	51
59	91	73
59	60	19
59	93	97
59	97	95
59	88	85
59	119	75
59	98	10
59	96	70
59	92	57
59	62	63
59	65	78
59	104	75
59	61	5
59	66	62
59	117	14
59	64	19
59	102	22
59	68	83
59	74	50
59	94	8
59	63	14
59	103	34
59	69	95
59	75	81
59	67	76
59	118	51
59	95	45
59	113	40
59	111	89
59	82	58
59	110	55
59	100	25
59	114	22
59	80	27
59	85	74
59	109	45
59	79	80
60	110	55
60	103	57
60	117	57
60	116	53
60	92	54
60	64	69
60	107	20
60	98	99
60	96	11
60	63	65
60	115	19
60	100	43
60	67	74
60	93	49
60	66	16
60	62	70
60	69	86
60	104	42
60	114	58
60	105	45
60	111	28
60	70	90
60	102	38
60	89	86
60	82	88
60	118	30
60	113	89
61	98	52
61	113	96
61	117	86
61	62	37
61	101	24
61	111	47
61	115	52
61	99	50
61	110	59
61	105	91
61	90	36
61	112	89
61	68	54
61	114	85
61	91	90
61	109	80
61	119	16
61	64	76
61	95	53
61	78	80
61	67	56
61	66	95
61	74	43
61	72	21
61	77	95
61	73	92
61	76	31
61	108	65
61	94	7
62	118	35
62	94	88
62	111	61
62	65	28
62	67	15
62	115	95
62	69	60
62	101	31
62	103	88
62	117	50
62	108	78
62	113	69
62	104	93
62	72	29
62	106	20
62	119	35
62	112	65
62	78	30
62	75	12
62	81	23
62	96	23
62	98	48
62	110	91
62	100	58
63	98	83
63	118	54
63	103	18
63	106	64
63	66	94
63	71	41
63	72	79
63	116	62
63	102	17
63	110	19
63	65	21
63	105	29
63	100	73
63	68	86
63	82	60
63	108	60
63	64	26
63	79	79
63	117	98
63	104	42
63	101	78
63	112	93
63	107	47
64	94	66
64	100	7
64	111	73
64	95	99
64	115	80
64	66	68
64	99	57
64	102	37
64	97	26
64	104	31
64	113	83
64	108	73
64	93	86
64	74	95
64	117	34
64	81	67
64	98	36
64	103	15
64	114	10
64	101	27
64	119	14
64	112	90
64	78	27
64	84	56
64	86	20
64	110	79
65	103	55
65	102	33
65	96	32
65	106	14
65	114	82
65	68	40
65	116	8
65	94	41
65	95	28
65	104	94
65	98	80
65	73	22
65	105	81
65	67	69
65	101	42
65	75	82
65	76	6
65	108	75
65	113	61
65	71	99
65	80	89
65	100	20
65	115	78
65	70	41
65	81	10
65	117	54
65	119	63
65	79	33
65	72	29
66	95	32
66	116	32
66	117	86
66	101	88
66	111	12
66	113	30
66	118	74
66	68	33
66	106	40
66	67	22
66	97	80
66	105	80
66	73	72
66	70	48
66	83	69
66	108	63
66	114	25
66	78	50
66	84	34
66	85	50
66	110	53
66	115	69
67	108	100
67	112	93
67	109	54
67	116	6
67	113	24
67	96	74
67	75	88
67	110	22
67	118	30
67	104	85
67	71	20
67	81	71
67	77	17
67	82	48
67	69	82
67	115	14
67	106	76
67	68	56
67	117	26
67	102	57
67	85	77
67	89	85
67	72	19
67	98	12
67	76	15
68	113	79
68	110	53
68	71	8
68	69	33
68	98	81
68	115	25
68	73	33
68	70	79
68	74	14
68	114	35
68	117	18
68	97	64
68	102	38
68	118	85
68	75	99
68	76	87
68	119	95
68	82	72
68	86	16
68	93	52
68	109	73
68	81	81
68	94	86
68	116	32
68	88	39
69	99	85
69	100	56
69	71	69
69	74	52
69	111	65
69	116	35
69	101	69
69	106	19
69	114	17
69	80	60
69	81	15
69	109	23
69	103	6
69	118	92
69	83	70
69	75	75
69	89	31
69	76	91
69	105	53
70	118	36
70	106	9
70	103	34
70	104	94
70	109	14
70	113	83
70	116	61
70	74	79
70	111	86
70	77	30
70	101	14
70	73	34
70	108	15
70	71	14
70	102	67
70	105	16
70	78	93
70	84	8
70	88	37
70	81	69
70	96	76
71	115	12
71	101	94
71	104	57
71	110	87
71	117	38
71	100	11
71	73	42
71	79	90
71	80	46
71	109	23
71	114	59
71	102	55
71	81	65
71	92	21
71	108	56
71	105	32
71	113	42
72	109	65
72	119	15
72	116	63
72	101	71
72	108	27
72	106	67
72	114	9
72	77	93
72	78	33
72	84	78
72	113	84
72	117	97
72	83	29
72	74	91
72	76	15
72	107	71
72	89	25
72	88	23
72	102	87
73	114	87
73	118	87
73	119	93
73	107	33
73	81	76
73	80	21
73	106	7
73	83	43
73	74	20
73	84	83
73	117	50
73	88	89
73	109	51
73	112	95
73	75	26
73	95	83
73	78	18
73	87	30
73	77	59
74	109	81
74	107	20
74	117	24
74	104	40
74	111	17
74	80	53
74	110	16
74	115	62
74	88	37
74	83	7
74	114	35
74	97	19
75	105	79
75	112	93
75	118	69
75	117	14
75	115	98
75	104	50
75	110	73
75	113	41
75	108	23
75	84	11
75	89	94
75	80	73
75	92	22
75	98	45
75	77	85
75	76	96
75	97	12
76	112	43
76	114	63
76	115	87
76	117	25
76	118	9
76	116	91
76	82	16
76	109	10
76	88	26
76	77	26
76	86	69
76	83	41
76	84	87
76	106	65
76	110	22
76	119	29
76	108	83
76	107	21
76	79	39
77	106	63
77	108	90
77	114	24
77	107	40
77	80	96
77	112	77
77	118	59
77	78	8
77	93	19
77	113	89
77	79	52
77	92	34
77	88	50
77	111	54
77	96	47
77	83	88
77	109	94
77	119	33
78	119	12
78	116	53
78	111	97
78	85	98
78	112	62
78	117	84
78	115	42
78	108	71
78	79	65
78	107	17
78	88	77
78	113	24
78	93	89
78	82	27
78	109	34
78	83	45
78	102	74
79	119	58
79	113	99
79	118	30
79	108	22
79	80	69
79	115	83
79	85	28
79	117	18
79	93	62
79	90	45
79	88	97
79	82	69
79	112	15
79	102	88
79	101	73
79	114	43
80	117	28
80	115	91
80	118	61
80	82	82
80	116	31
80	89	39
80	83	93
80	109	86
80	86	65
80	88	19
80	81	58
80	92	9
80	113	48
80	97	24
80	101	79
80	93	61
81	110	36
81	116	100
81	82	89
81	87	91
81	86	36
81	113	55
81	111	95
81	94	90
81	115	29
81	98	70
81	97	28
81	117	20
81	112	60
81	95	50
82	85	35
82	86	84
82	113	78
82	119	64
82	87	28
82	83	44
82	92	89
82	93	53
82	94	31
82	96	81
82	88	85
82	114	74
82	100	16
83	118	62
83	84	71
83	115	38
83	112	34
83	85	58
83	92	39
83	116	64
83	87	47
83	96	58
83	101	81
83	86	63
83	102	85
83	89	56
83	119	65
84	117	35
84	113	42
84	88	55
84	85	68
84	89	65
84	118	84
84	99	55
84	101	50
84	97	92
84	115	60
84	86	95
84	91	97
85	86	21
85	114	39
85	119	48
85	87	72
85	98	46
85	118	37
85	96	78
85	111	61
86	89	67
86	117	15
86	91	15
86	90	79
86	98	23
86	88	49
86	96	73
86	115	14
86	116	73
86	95	41
86	106	61
86	103	33
87	96	79
87	90	44
87	91	18
87	88	94
87	116	60
87	102	81
87	99	36
87	93	7
87	107	74
87	119	90
87	98	71
87	108	60
87	106	99
87	109	70
87	100	54
88	89	82
88	90	82
88	103	99
88	106	74
88	91	10
88	107	23
88	97	82
88	99	35
88	112	57
89	119	44
89	100	80
89	95	92
89	102	20
89	97	91
89	101	47
89	96	33
89	106	35
89	109	17
89	110	73
89	108	96
89	114	64
89	105	15
89	99	72
89	103	94
89	91	21
89	116	38
90	92	80
90	99	85
90	94	59
90	102	57
90	103	9
90	108	70
90	101	55
90	91	9
90	96	55
91	95	14
91	102	60
91	100	56
91	96	27
91	107	28
91	113	50
91	98	28
91	104	58
91	92	16
92	95	26
92	94	86
92	97	95
92	100	46
92	103	29
92	107	88
92	98	44
92	109	50
92	99	65
92	105	68
93	94	33
93	104	38
93	102	29
93	103	21
93	105	60
93	107	98
93	98	33
93	112	52
93	118	98
93	96	80
94	97	90
94	99	7
94	96	59
94	103	64
94	100	70
94	108	94
94	101	70
94	105	73
94	111	73
94	98	59
94	117	34
95	96	75
95	101	85
95	106	6
95	111	17
95	102	56
95	105	87
95	108	71
95	114	33
95	107	47
96	105	37
96	97	29
96	107	98
96	112	56
96	99	38
96	114	55
96	118	60
96	100	81
97	105	43
97	110	84
97	104	88
97	109	31
97	101	27
97	113	54
97	100	52
98	103	66
98	106	54
98	115	25
98	114	11
98	113	92
99	100	20
99	108	100
99	101	58
99	107	21
99	111	11
99	105	5
99	109	59
99	106	34
99	119	17
99	116	67
99	104	84
100	103	74
100	101	51
100	106	28
100	114	17
100	102	75
100	108	14
100	118	21
100	104	12
100	109	53
101	103	12
101	106	83
101	109	70
101	110	84
101	105	90
101	112	50
101	114	45
101	118	46
102	105	73
102	106	54
102	112	97
102	116	63
102	114	96
102	118	14
102	108	26
102	110	13
102	104	57
103	104	44
103	107	69
103	111	59
103	113	14
103	109	90
103	115	45
103	116	17
103	110	18
103	106	42
104	116	64
104	113	10
104	105	100
104	112	65
104	115	22
104	119	47
104	114	64
104	110	60
104	108	42
104	117	10
105	106	66
105	112	75
105	111	8
105	110	91
105	117	9
105	113	89
106	110	50
106	114	85
106	117	57
106	118	44
107	111	20
107	119	35
107	110	68
107	109	86
107	113	94
107	116	19
107	117	65
108	116	62
108	109	55
108	118	36
108	115	97
108	110	90
108	113	85
108	117	81
109	111	34
109	118	36
109	116	80
109	114	57
110	113	47
110	111	67
110	119	76
111	115	25
111	118	73
111	113	97
111	119	56
111	114	22
112	113	49
112	117	27
112	114	81
112	118	45
112	115	90
113	116	5
113	117	72
113	119	18
113	115	65
114	118	46
114	119	68
115	118	10
116	118	36
