NAME: W_SPARSE_160_48
n: 160
m: 3840
0	107	82
0	49	68
0	90	83
0	115	34
0	158	99
0	128	64
0	131	21
0	121	26
0	70	65
0	102	23
0	25	29
0	26	61
0	100	44
0	8	68
0	119	24
0	58	68
0	129	19
0	9	84
0	86	36
0	99	8
0	98	77
0	35	84
0	152	62
0	39	61
0	68	79
0	74	79
0	6	59
0	45	83
0	51	60
0	73	96
0	80	46
0	87	36
0	104	44
0	122	30
0	64	88
0	155	55
0	95	90
0	16	73
0	114	57
0	83	64
0	33	25
0	156	91
0	62	95
0	17	92
0	44	13
0	112	80
0	148	78
0	116	76
0	146	24
1	47	35
1	108	71
1	37	35
1	50	99
1	114	38
1	82	20
1	121	38
1	94	14
1	122	51
1	40	68
1	100	12
1	113	53
1	33	14
1	58	19
1	54	27
1	10	21
1	44	29
1	128	43
1	103	27
1	83	60
1	52	64
1	73	46
1	120	34
1	66	69
1	9	40
1	133	51
1	12	7
1	11	71
1	117	23
1	144	91
1	46	40
1	74	83
1	8	6
1	129	67
1	141	57
1	39	50
1	55	9
1	136	45
1	159	42
1	7	40
1	43	15
1	139	15
1	15	58
1	158	96
2	120	55
2	28	82
2	4	68
2	108	49
2	5	76
2	38	47
2	76	76
2	86	70
2	31	28
2	41	87
2	121	29
2	122	31
2	125	92
2	75	19
2	129	65
2	98	21
2	103	82
2	131	89
2	99	68
2	159	11
2	136	38
2	95	33
2	132	69
2	65	48
2	45	35
2	48	84
2	69	62
2	14	11
2	27	21
2	67	75
2	110	9
2	8	29
2	107	79
2	7	86
2	123	23
2	96	21
2	118	47
2	89	68
2	55	5
2	154	9
2	54	91
2	102	41
2	105	79
2	52	32
2	16	82
2	18	90
2	150	32
2	57	98
2	147	73
3	103	34
3	30	84
3	59	36
3	125	31
3	75	94
3	48	48
3	67	72
3	108	10
3	37	16
3	32	85
3	85	18
3	119	20
3	65	99
3	124	65
3	132	69
3	83	46
3	35	5
3	90	15
3	74	98
3	112	31
3	113	43
3	44	82
3	87	98
3	156	77
3	50	38
3	81	76
3	11	76
3	84	53
3	118	16
3	71	74
3	7	54
3	28	68
3	51	72
3	33	99
3	106	93
3	20	64
3	91	11
3	54	49
3	131	97
3	19	78
3	17	77
3	105	80
3	29	86
3	60	63
3	39	46
3	62	74
3	130	64
3	114	71
3	38	53
3	148	22
3	134	43
3	153	43
4	29	54
4	124	58
4	78	89
4	63	96
4	71	66
4	55	46
4	104	15
4	51	61
4	95	64
4	89	14
4	138	14
4	40	15
4	70	99
4	133	42
4	11	56
4	139	27
4	110	71
4	115	37
4	61	35
4	56	30
4	64	45
4	34	13
4	45	81
4	100	64
4	132	56
4	58	81
4	32	75
4	118	53
4	151	18
4	17	23
4	35	96
4	137	44
4	153	20
4	37	83
4	112	42
4	87	14
4	38	94
4	127	66
4	75	63
4	46	72
4	57	30
5	58	46
5	49	44
5	118	79
5	117	47
5	138	44
5	73	7
5	101	15
5	92	52
5	51	40
5	121	18
5	47	69
5	87	10
5	62	69
5	79	22
5	36	19
5	105	75
5	91	56
5	6	19
5	31	74
5	7	31
5	60	59
5	95	93
5	19	74
5	40	50
5	81	8
5	30	60
5	55	76
5	131	7
5	59	83
5	93	73
5	125	11
5	32	79
5	107	72
5	48	87
5	85	28
5	66	58
5	52	94
5	147	35
5	39	67
5	145	19
6	51	30
6	137	11
6	74	88
6	120	85
6	133	22
6	135	10
6	61	100
6	129	60
6	95	20
6	88	85
6	119	68
6	126	12
6	13	52
6	87	80
6	102	16
6	57	63
6	156	20
6	39	77
6	106	36
6	43	59
6	16	71
6	75	92
6	125	30
6	101	44
6	158	83
6	159	39
6	56	78
6	63	89
6	100	12
6	48	14
6	60	12
6	116	28
6	50	29
6	154	7
6	82	51
6	85	41
6	109	79
6	78	72
6	44	80
6	84	96
6	46	35
6	58	29
6	157	9
6	10	32
6	53	48
6	36	89
6	33	42
7	137	11
7	64	28
7	122	6
7	141	18
7	53	50
7	94	32
7	48	5
7	60	78
7	89	94
7	61	21
7	81	89
7	38	37
7	129	63
7	88	6
7	58	84
7	106	13
7	98	60
7	139	38
7	47	76
7	107	73
7	127	12
7	36	6
7	86	28
7	115	51
7	79	61
7	110	16
7	12	46
7	117	25
7	113	98
7	10	42
7	57	87
7	80	52
7	83	48
7	154	85
7	99	91
7	66	25
7	21	95
7	84	41
7	24	26
7	69	63
8	41	37
8	132	32
8	55	18
8	70	96
8	79	81
8	114	27
8	78	28
8	95	67
8	10	46
8	124	34
8	90	9
8	64	12
8	139	90
8	107	22
8	62	21
8	35	62
8	120	28
8	15	75
8	121	8
8	34	83
8	98	7
8	54	69
8	143	96
8	136	41
8	33	50
8	59	69
8	103	37
8	85	89
8	53	24
8	46	88
8	75	28
8	16	14
8	141	18
8	153	69
8	151	58
8	106	59
8	96	85
8	73	79
8	94	33
8	63	40
8	100	24
8	37	14
8	39	29
8	87	17
8	101	91
8	25	76
9	134	88
9	140	58
9	114	97
9	50	34
9	82	29
9	53	26
9	106	55
9	139	68
9	72	50
9	107	48
9	12	89
9	99	67
9	123	40
9	57	25
9	101	95
9	14	26
9	133	41
9	125	85
9	41	37
9	55	53
9	132	90
9	97	96
9	105	42
9	118	9
9	157	25
9	74	31
9	66	10
9	110	55
9	42	40
9	77	77
9	144	51
9	21	19
9	54	88
9	64	86
9	83	42
9	35	97
9	151	5
9	29	44
9	89	65
9	98	79
9	117	74
9	93	86
9	122	95
9	88	78
9	128	43
9	111	86
9	78	58
9	156	69
9	37	89
10	49	88
10	82	58
10	122	34
10	59	61
10	136	50
10	97	36
10	66	42
10	91	32
10	79	30
10	94	51
10	111	95
10	48	83
10	45	71
10	98	96
10	19	12
10	101	74
10	54	9
10	41	61
10	108	95
10	44	66
10	55	15
10	40	22
10	64	35
10	15	71
10	84	13
10	16	25
10	80	79
10	113	57
10	47	77
10	158	62
10	56	53
10	75	42
10	103	65
10	121	84
10	85	52
10	156	58
10	142	6
10	12	44
10	114	29
10	11	34
10	60	5
10	62	60
10	92	15
10	76	65
10	132	67
11	87	47
11	57	100
11	40	53
11	73	76
11	82	21
11	50	65
11	99	56
11	56	28
11	71	69
11	95	21
11	125	52
11	47	50
11	138	47
11	55	95
11	72	12
11	36	17
11	61	33
11	37	83
11	100	42
11	63	32
11	137	70
11	12	58
11	103	86
11	69	59
11	126	86
11	142	15
11	38	16
11	129	76
11	48	92
11	81	80
11	19	52
11	108	100
11	21	57
11	42	86
11	16	20
11	51	16
11	39	40
11	119	85
11	113	53
12	40	8
12	144	35
12	64	95
12	49	73
12	128	54
12	56	48
12	125	38
12	62	55
12	66	66
12	137	12
12	93	82
12	77	55
12	110	62
12	68	27
12	113	98
12	142	33
12	129	90
12	82	50
12	111	8
12	146	34
12	17	81
12	98	50
12	112	40
12	130	11
12	114	91
12	116	99
12	102	96
12	15	76
12	91	100
12	57	97
12	124	39
12	23	43
12	39	41
12	53	23
12	70	18
12	76	94
12	43	85
12	108	19
12	138	95
12	78	16
12	87	47
13	137	23
13	112	82
13	40	46
13	90	46
13	65	61
13	124	72
13	123	53
13	115	56
13	113	91
13	129	27
13	138	44
13	15	44
13	47	15
13	61	12
13	74	49
13	91	63
13	81	94
13	16	98
13	127	59
13	82	72
13	52	24
13	23	69
13	67	98
13	87	42
13	72	25
13	143	45
13	45	69
13	147	67
13	103	42
13	145	59
13	85	98
13	102	92
13	54	94
13	126	72
13	148	24
13	30	52
13	116	12
13	39	100
13	94	79
13	78	65
13	73	89
13	55	17
13	69	26
13	75	24
13	25	54
13	44	25
13	86	68
13	98	53
14	139	81
14	66	75
14	117	20
14	129	80
14	55	46
14	85	92
14	119	28
14	62	59
14	112	32
14	19	24
14	70	53
14	92	15
14	142	21
14	51	36
14	97	7
14	141	62
14	16	71
14	59	14
14	122	13
14	114	17
14	40	54
14	105	37
14	110	54
14	90	81
14	87	58
14	65	26
14	96	99
14	123	68
14	20	72
14	79	49
14	128	8
14	42	52
14	72	27
14	109	33
14	80	39
14	94	91
14	118	20
14	127	66
14	89	78
14	101	72
14	28	80
14	133	6
14	45	8
14	103	71
14	111	62
14	100	80
14	93	73
14	49	70
15	123	47
15	46	60
15	90	16
15	79	39
15	112	60
15	53	68
15	80	52
15	133	20
15	18	61
15	104	38
15	17	69
15	24	18
15	43	100
15	108	40
15	40	71
15	21	80
15	147	62
15	146	35
15	126	36
15	130	52
15	50	43
15	138	34
15	61	8
15	82	72
15	148	65
15	103	85
15	134	80
15	66	67
15	91	7
15	22	75
15	30	78
15	56	27
15	73	6
15	32	77
15	36	10
15	99	8
15	106	51
15	109	58
15	89	79
15	29	90
15	37	12
15	63	71
16	123	17
16	53	7
16	61	55
16	73	42
16	75	13
16	93	27
16	146	48
16	74	64
16	107	85
16	99	64
16	58	93
16	124	82
16	148	13
16	69	47
16	128	68
16	84	52
16	140	84
16	78	94
16	49	30
16	80	55
16	120	85
16	21	24
16	127	50
16	56	27
16	85	89
16	111	64
16	130	36
16	105	59
16	65	68
16	132	94
16	126	94
16	81	54
16	95	60
16	70	64
16	86	57
16	117	92
16	97	84
16	129	68
16	114	62
17	148	75
17	122	68
17	117	42
17	123	30
17	128	54
17	56	92
17	42	59
17	142	16
17	103	41
17	85	56
17	105	72
17	130	82
17	108	58
17	88	88
17	46	98
17	136	43
17	70	22
17	52	53
17	106	64
17	133	49
17	144	70
17	20	33
17	83	28
17	95	27
17	125	62
17	137	80
17	127	58
17	44	94
17	72	44
17	134	73
17	102	84
17	143	92
17	159	19
17	93	46
17	141	84
17	110	7
17	150	34
17	33	29
17	140	39
17	155	76
17	63	29
17	84	53
17	57	65
18	53	34
18	93	82
18	97	76
18	94	17
18	57	46
18	71	68
18	107	47
18	102	79
18	120	25
18	112	49
18	98	95
18	106	52
18	119	45
18	67	86
18	50	22
18	56	44
18	61	86
18	25	78
18	65	62
18	95	95
18	62	74
18	68	88
18	43	46
18	28	11
18	133	43
18	116	97
18	32	51
18	87	47
18	48	13
18	34	46
18	137	47
18	19	49
18	88	64
18	147	87
18	132	48
18	23	99
18	30	56
18	81	62
18	63	68
18	130	7
18	35	45
18	55	41
18	59	18
18	136	85
18	21	79
19	65	26
19	151	28
19	106	46
19	109	25
19	117	32
19	21	64
19	76	21
19	142	16
19	57	40
19	135	96
19	59	21
19	107	97
19	86	74
19	112	46
19	146	79
19	143	15
19	144	84
19	149	97
19	90	89
19	46	47
19	84	70
19	101	82
19	82	51
19	62	46
19	29	68
19	51	10
19	91	37
19	98	44
19	64	11
19	28	92
19	34	56
19	153	35
19	145	55
19	79	12
19	93	84
19	55	92
19	113	48
19	74	47
19	103	83
20	70	14
20	88	99
20	59	72
20	48	79
20	68	66
20	118	93
20	133	67
20	54	85
20	67	17
20	139	69
20	98	28
20	150	84
20	106	38
20	116	32
20	126	56
20	78	27
20	26	24
20	51	73
20	115	5
20	24	59
20	47	63
20	50	80
20	121	70
20	141	17
20	27	65
20	71	41
20	134	31
20	113	75
20	112	39
20	125	23
20	124	83
20	34	43
20	76	41
20	84	43
20	138	89
20	142	9
20	22	47
20	61	78
20	89	41
20	83	81
20	82	29
20	64	48
20	93	62
20	95	10
20	108	90
20	151	72
21	47	62
21	61	53
21	69	79
21	65	27
21	52	11
21	86	33
21	106	12
21	102	9
21	68	98
21	92	41
21	66	73
21	72	64
21	138	14
21	26	63
21	76	9
21	115	38
21	133	53
21	48	81
21	117	71
21	105	70
21	84	11
21	100	71
21	145	50
21	33	6
21	64	88
21	73	50
21	90	57
21	119	48
21	78	85
21	137	17
21	55	98
21	147	90
21	152	60
21	127	66
21	144	21
21	50	82
21	87	93
21	136	67
21	131	79
21	22	56
21	111	30
21	93	84
21	23	94
21	126	87
21	128	52
22	50	26
22	106	96
22	154	12
22	117	82
22	98	68
22	93	44
22	83	22
22	27	38
22	133	34
22	114	77
22	49	54
22	80	41
22	102	81
22	125	58
22	99	8
22	28	13
22	66	61
22	29	71
22	52	87
22	78	31
22	77	32
22	122	15
22	113	70
22	55	73
22	108	98
22	51	33
22	76	51
22	72	40
22	132	93
22	38	26
22	60	96
22	95	87
22	37	8
22	71	9
22	88	54
22	145	68
22	152	77
22	149	94
22	120	38
22	157	81
22	92	86
22	81	93
22	151	60
22	144	80
22	142	23
22	96	62
22	109	44
22	31	97
23	68	50
23	71	31
23	58	91
23	121	17
23	75	79
23	85	89
23	141	99
23	158	60
23	55	5
23	73	90
23	136	20
23	99	50
23	57	34
23	26	63
23	91	36
23	63	67
23	110	61
23	76	27
23	32	22
23	92	34
23	96	39
23	153	17
23	151	32
23	150	8
23	30	90
23	127	61
23	119	50
23	123	14
23	84	93
23	125	7
23	101	96
23	31	48
23	67	75
23	62	36
23	105	37
23	149	30
23	39	31
23	69	53
24	123	81
24	100	7
24	112	99
24	51	17
24	122	63
24	108	79
24	114	60
24	127	76
24	67	8
24	111	54
24	53	99
24	61	60
24	135	17
24	69	53
24	85	72
24	136	24
24	74	20
24	140	72
24	91	8
24	55	74
24	56	85
24	86	59
24	64	17
24	87	82
24	154	16
24	102	95
24	36	42
24	49	22
24	125	43
24	146	55
24	59	24
24	62	48
24	109	17
24	78	53
24	148	30
24	75	58
24	110	96
24	83	99
24	44	90
24	94	71
24	96	42
24	103	46
24	113	7
24	25	59
24	63	29
24	40	54
24	68	90
24	131	99
25	115	9
25	77	37
25	65	84
25	103	66
25	156	97
25	144	64
25	127	82
25	112	6
25	51	31
25	141	71
25	62	70
25	60	41
25	34	32
25	126	44
25	151	92
25	26	99
25	33	53
25	90	67
25	137	66
25	53	74
25	94	83
25	117	33
25	125	32
25	146	89
25	134	26
25	139	61
25	83	89
25	106	69
25	69	94
25	159	69
25	109	39
25	120	37
25	153	61
25	78	79
25	86	44
25	95	23
25	129	92
25	50	14
25	148	27
25	52	51
25	40	8
25	123	9
25	46	55
25	130	21
26	123	47
26	65	15
26	124	54
26	135	65
26	117	63
26	159	61
26	84	94
26	133	77
26	89	94
26	69	83
26	98	17
26	119	88
26	149	46
26	143	50
26	91	74
26	152	24
26	51	44
26	66	23
26	82	55
26	150	23
26	28	95
26	81	72
26	56	97
26	85	94
26	31	6
26	29	21
26	108	89
26	120	30
26	27	59
26	52	26
26	128	45
26	36	70
26	60	51
26	104	66
26	146	6
26	140	24
26	101	82
26	62	84
26	73	50
26	58	76
26	61	95
26	115	34
27	133	33
27	137	9
27	127	68
27	158	87
27	112	72
27	104	17
27	84	39
27	124	36
27	100	56
27	155	52
27	111	38
27	153	94
27	71	30
27	136	96
27	77	10
27	65	45
27	89	24
27	97	81
27	154	42
27	64	31
27	143	51
27	130	22
27	109	7
27	96	30
27	144	47
27	52	53
27	76	90
27	138	21
27	41	19
27	122	71
27	140	29
27	152	66
27	73	77
27	83	62
27	151	78
27	79	67
28	54	39
28	105	37
28	145	66
28	114	43
28	142	41
28	29	41
28	67	36
28	83	62
28	97	39
28	30	59
28	56	7
28	88	15
28	107	56
28	131	8
28	137	47
28	123	97
28	66	69
28	125	57
28	154	98
28	86	69
28	58	52
28	62	77
28	149	52
28	100	34
28	121	87
28	93	65
28	34	32
28	112	35
28	140	94
28	141	7
28	153	57
28	90	71
28	108	79
28	77	10
28	158	74
28	45	39
28	57	52
28	61	60
28	44	49
29	86	61
29	152	88
29	77	65
29	104	11
29	31	23
29	32	21
29	150	94
29	120	29
29	141	67
29	97	49
29	153	83
29	159	77
29	60	24
29	89	14
29	33	37
29	142	10
29	70	73
29	125	41
29	122	54
29	154	45
29	136	75
29	115	40
29	63	56
29	105	31
29	78	57
29	84	96
29	124	84
29	82	96
29	92	71
29	135	74
29	85	14
29	57	25
29	131	50
29	43	98
29	126	34
29	138	93
29	91	87
29	71	14
29	144	19
29	41	43
29	95	97
29	101	69
29	67	36
29	127	6
29	158	44
29	157	35
29	42	15
30	102	22
30	151	34
30	64	54
30	83	48
30	88	40
30	31	39
30	58	21
30	68	64
30	95	19
30	113	98
30	81	97
30	121	17
30	72	44
30	79	58
30	73	72
30	70	90
30	78	38
30	56	45
30	139	95
30	69	81
30	38	25
30	62	10
30	124	47
30	128	12
30	150	60
30	147	97
30	118	79
30	136	55
30	71	45
30	91	36
30	133	98
30	116	94
30	120	13
30	129	79
30	115	8
30	153	61
30	74	42
30	52	80
30	61	53
30	108	66
30	32	42
30	84	75
30	144	51
31	149	33
31	123	6
31	79	11
31	120	17
31	129	94
31	150	16
31	128	53
31	112	78
31	124	79
31	73	50
31	63	54
31	67	15
31	33	31
31	119	27
31	104	14
31	157	28
31	74	59
31	114	47
31	145	27
31	152	93
31	99	12
31	131	52
31	82	68
31	32	82
31	76	54
31	91	94
31	38	25
31	70	86
31	147	44
31	34	81
31	140	84
31	153	65
31	154	14
31	41	14
31	68	16
31	134	36
31	51	11
31	53	45
31	66	37
31	92	68
32	67	95
32	145	98
32	72	23
32	86	9
32	109	56
32	143	43
32	101	86
32	137	90
32	130	71
32	112	45
32	157	11
32	66	15
32	60	7
32	87	79
32	104	41
32	140	99
32	152	88
32	146	18
32	142	44
32	128	54
32	102	13
32	36	68
32	37	47
32	115	90
32	127	33
32	144	79
32	78	42
32	75	84
32	84	42
32	74	11
32	129	69
32	132	99
32	124	91
32	63	28
32	96	41
32	90	92
32	51	58
33	129	35
33	67	90
33	142	14
33	95	61
33	151	68
33	128	43
33	153	74
33	80	17
33	145	86
33	118	97
33	87	18
33	58	39
33	90	11
33	144	86
33	63	95
33	112	15
33	132	53
33	39	6
33	134	47
33	71	72
33	100	34
33	116	67
33	159	77
33	62	40
33	97	20
33	34	98
33	99	82
33	40	24
33	108	22
33	140	74
33	82	44
33	46	17
33	111	5
33	154	57
33	86	34
33	93	42
33	53	94
33	150	85
33	74	77
33	96	24
34	60	56
34	114	70
34	125	38
34	147	36
34	94	88
34	121	61
34	99	76
34	124	74
34	152	88
34	145	26
34	37	23
34	84	94
34	127	64
34	159	85
34	102	38
34	115	46
34	101	25
34	69	69
34	133	83
34	64	12
34	118	39
34	44	14
34	62	78
34	65	46
34	139	85
34	40	62
34	90	100
34	144	66
34	153	88
34	156	88
34	54	62
34	35	14
34	48	42
34	100	90
34	110	25
34	63	19
34	58	30
35	132	19
35	70	75
35	133	92
35	125	34
35	60	22
35	112	37
35	96	87
35	76	40
35	77	40
35	159	10
35	39	90
35	129	67
35	42	57
35	113	75
35	36	66
35	109	7
35	120	13
35	143	58
35	123	42
35	41	64
35	141	62
35	37	61
35	45	52
35	40	67
35	89	27
35	151	18
35	116	74
35	152	66
35	46	76
35	117	68
35	48	92
35	115	63
35	122	47
35	114	92
35	38	80
35	83	9
35	65	87
35	84	72
35	52	82
35	56	36
35	67	58
36	133	90
36	97	79
36	100	43
36	93	76
36	70	23
36	98	42
36	155	42
36	77	90
36	101	31
36	118	83
36	140	41
36	79	43
36	85	55
36	87	87
36	75	45
36	74	63
36	158	87
36	86	56
36	143	7
36	127	87
36	138	29
36	115	55
36	134	59
36	65	77
36	131	81
36	76	96
36	157	66
36	71	63
36	141	93
36	88	76
36	136	17
36	96	69
36	42	83
36	126	52
36	132	48
36	89	51
36	46	12
36	105	8
36	135	84
37	137	21
37	138	93
37	143	24
37	73	72
37	104	75
37	116	69
37	117	84
37	159	43
37	114	71
37	121	68
37	150	42
37	71	63
37	96	36
37	158	73
37	95	46
37	40	21
37	44	18
37	101	31
37	94	43
37	127	94
37	151	63
37	83	6
37	90	34
37	97	22
37	39	22
37	46	30
37	122	37
37	43	75
37	49	94
37	111	72
37	132	62
37	72	41
37	142	60
37	66	42
37	68	92
37	70	63
37	65	87
37	69	6
37	145	43
37	99	45
37	77	81
37	133	96
37	107	16
37	64	54
37	147	17
37	105	43
37	129	93
37	118	28
38	151	79
38	64	17
38	78	46
38	137	93
38	147	83
38	97	36
38	149	45
38	139	89
38	82	80
38	103	39
38	108	24
38	157	16
38	102	43
38	105	29
38	156	31
38	133	63
38	40	88
38	79	27
38	127	82
38	75	87
38	41	56
38	83	19
38	43	97
38	45	38
38	135	40
38	85	64
38	141	17
38	67	14
38	143	44
38	52	49
38	81	32
38	113	74
38	128	58
38	148	94
38	131	12
38	47	10
38	110	42
38	154	46
39	145	7
39	110	24
39	88	17
39	136	30
39	143	30
39	82	74
39	152	82
39	111	15
39	151	84
39	123	47
39	121	30
39	134	25
39	80	65
39	146	8
39	159	9
39	45	64
39	135	33
39	85	83
39	140	98
39	87	86
39	148	95
39	139	90
39	41	36
39	137	27
39	108	95
39	49	90
39	70	18
39	133	12
39	69	34
39	150	99
39	58	36
39	102	49
39	43	38
39	40	15
39	81	58
39	99	42
40	132	78
40	129	49
40	71	71
40	139	63
40	102	15
40	74	98
40	86	89
40	147	87
40	83	25
40	156	81
40	79	23
40	123	42
40	158	74
40	76	16
40	98	27
40	113	66
40	118	30
40	122	7
40	52	81
40	107	72
40	69	65
40	84	52
40	115	49
40	65	64
40	124	66
40	48	72
40	49	90
40	152	26
40	130	28
40	100	12
40	148	33
40	41	22
40	61	38
40	116	97
40	70	96
41	140	88
41	79	30
41	155	45
41	80	15
41	81	12
41	130	79
41	97	77
41	93	44
41	144	42
41	123	65
41	111	9
41	117	18
41	98	50
41	141	97
41	153	7
41	124	19
41	154	46
41	45	77
41	96	90
41	151	51
41	118	98
41	83	24
41	94	91
41	74	58
41	139	81
41	150	44
41	132	84
41	102	43
41	158	11
41	127	57
41	69	82
41	66	39
41	60	83
41	122	25
41	73	35
41	49	19
41	54	44
42	73	35
42	104	18
42	149	74
42	134	87
42	103	82
42	150	53
42	110	41
42	95	60
42	94	87
42	135	74
42	82	16
42	115	33
42	100	70
42	69	95
42	78	34
42	129	17
42	155	26
42	114	29
42	68	37
42	105	74
42	90	95
42	139	82
42	86	23
42	88	74
42	138	51
42	144	68
42	97	92
42	156	73
42	107	72
42	47	37
42	71	82
42	113	28
42	111	34
42	45	11
42	128	55
42	140	9
42	50	74
42	159	12
43	120	77
43	112	11
43	122	80
43	102	95
43	105	57
43	106	47
43	81	47
43	151	8
43	73	19
43	143	52
43	77	9
43	111	50
43	109	75
43	79	75
43	103	21
43	135	30
43	152	81
43	89	99
43	90	22
43	78	18
43	93	42
43	142	46
43	146	31
43	113	65
43	155	15
43	137	80
43	69	28
43	127	94
43	44	35
43	68	21
43	123	91
43	145	44
43	57	64
44	87	46
44	90	36
44	94	81
44	112	36
44	92	16
44	83	39
44	80	38
44	130	78
44	155	23
44	118	50
44	114	89
44	98	51
44	85	80
44	108	43
44	158	23
44	132	91
44	104	31
44	131	16
44	119	99
44	78	51
44	122	96
44	59	79
44	149	64
44	58	37
44	91	13
44	52	55
44	140	10
44	146	43
44	125	46
44	88	78
44	103	53
44	46	31
45	105	53
45	88	35
45	83	9
45	158	16
45	82	48
45	75	18
45	139	37
45	98	77
45	46	17
45	143	69
45	134	49
45	52	59
45	125	71
45	114	97
45	79	14
45	102	19
45	127	90
45	99	20
45	123	61
45	153	53
45	53	46
45	80	37
45	54	80
45	55	38
45	129	93
45	81	55
45	128	43
45	119	62
45	47	18
45	74	37
45	110	84
45	86	24
45	73	90
45	145	56
45	107	54
45	77	65
46	135	86
46	103	64
46	130	66
46	139	79
46	108	52
46	95	41
46	146	80
46	141	84
46	105	69
46	127	58
46	158	55
46	91	11
46	120	30
46	111	97
46	74	58
46	93	8
46	47	25
46	116	69
46	147	37
46	129	21
46	110	65
46	112	54
46	51	9
46	134	85
46	137	92
46	88	86
46	98	38
46	148	22
46	76	12
46	114	39
46	136	9
46	89	76
46	104	43
46	106	52
46	79	64
46	65	95
46	83	91
46	57	62
46	126	40
46	102	54
46	113	38
47	158	66
47	134	40
47	91	95
47	142	92
47	96	97
47	131	49
47	94	68
47	109	15
47	89	72
47	50	49
47	76	100
47	49	44
47	125	34
47	127	43
47	152	27
47	119	91
47	100	90
47	73	60
47	101	8
47	143	65
47	124	90
47	57	47
47	58	31
47	84	25
47	113	57
47	154	34
47	118	84
47	60	33
47	140	68
47	130	9
47	78	45
47	52	32
47	139	50
47	71	84
48	129	47
48	78	33
48	81	11
48	93	62
48	151	71
48	146	77
48	83	70
48	105	83
48	94	55
48	138	5
48	97	6
48	101	52
48	109	63
48	142	61
48	76	66
48	80	34
48	100	22
48	50	35
48	128	96
48	158	73
48	116	96
48	63	84
48	84	6
48	82	68
48	68	94
48	87	23
49	84	75
49	128	26
49	123	67
49	146	72
49	104	21
49	105	7
49	108	88
49	154	55
49	115	56
49	112	66
49	80	6
49	119	10
49	143	69
49	122	18
49	137	82
49	74	9
49	50	32
49	155	14
49	77	100
49	120	19
49	90	49
49	54	82
49	126	58
49	62	55
49	66	92
49	110	53
49	132	95
49	133	73
49	88	90
49	147	11
49	97	30
49	139	28
49	103	92
49	141	36
49	142	60
49	51	46
49	89	21
50	141	50
50	116	29
50	147	76
50	118	75
50	98	85
50	81	56
50	96	35
50	138	50
50	77	44
50	109	39
50	80	46
50	156	17
50	57	78
50	97	59
50	142	74
50	125	68
50	87	81
50	91	59
50	119	41
50	137	31
50	105	22
50	158	6
50	64	27
50	155	61
50	159	33
50	56	13
50	157	55
50	106	17
50	131	55
50	145	28
50	104	49
50	68	68
50	65	58
50	150	45
50	71	23
50	99	31
50	88	49
50	90	77
51	91	64
51	105	81
51	87	56
51	147	81
51	100	60
51	82	37
51	146	66
51	98	50
51	144	41
51	101	63
51	103	9
51	52	87
51	88	90
51	143	41
51	76	12
51	148	38
51	130	56
51	158	71
51	68	45
51	66	40
51	99	7
51	61	14
51	118	45
51	84	30
51	85	22
51	107	56
51	104	31
51	96	49
52	104	54
52	107	13
52	116	87
52	77	56
52	100	96
52	142	18
52	130	47
52	138	91
52	110	20
52	113	82
52	149	12
52	92	50
52	128	98
52	139	47
52	140	66
52	135	36
52	85	65
52	114	92
52	86	88
52	81	66
52	117	43
52	83	59
52	79	26
52	82	56
52	137	17
52	157	17
52	122	42
52	68	76
52	151	25
52	60	77
52	153	36
52	155	43
52	133	10
52	78	92
53	115	11
53	125	27
53	100	53
53	159	85
53	132	8
53	91	63
53	78	60
53	146	53
53	141	12
53	134	99
53	156	46
53	143	16
53	155	60
53	88	96
53	140	70
53	124	92
53	129	7
53	144	86
53	153	8
53	99	100
53	56	14
53	87	61
53	67	34
53	120	59
53	97	18
53	64	36
53	81	37
53	117	30
53	112	6
53	149	67
53	150	71
53	151	39
53	80	6
54	156	61
54	83	67
54	96	70
54	99	80
54	97	58
54	89	97
54	149	24
54	94	16
54	140	49
54	90	68
54	88	12
54	93	29
54	150	23
54	148	48
54	132	89
54	57	33
54	133	31
54	103	49
54	63	41
54	111	82
54	67	63
54	123	59
54	70	59
54	105	17
54	98	9
54	72	19
54	62	14
54	138	7
54	101	63
54	91	54
54	122	82
55	157	33
55	92	76
55	129	39
55	80	79
55	141	12
55	87	6
55	149	87
55	98	54
55	89	49
55	111	41
55	62	92
55	57	78
55	81	46
55	112	35
55	63	11
55	158	47
55	132	14
55	140	87
55	117	61
55	94	38
55	154	51
55	90	62
55	139	45
55	59	37
55	120	17
55	101	74
55	86	67
55	95	80
55	152	71
55	113	93
55	114	27
55	144	76
56	108	32
56	125	71
56	152	57
56	103	83
56	105	45
56	94	57
56	122	66
56	147	20
56	61	25
56	109	23
56	139	42
56	93	66
56	117	85
56	86	48
56	84	59
56	89	42
56	95	50
56	63	10
56	83	97
56	87	51
56	116	28
56	121	77
56	148	62
56	65	11
56	67	43
56	131	93
56	76	65
56	135	80
56	159	78
56	70	59
56	85	46
56	58	8
56	111	78
56	132	83
57	98	80
57	103	31
57	82	32
57	155	89
57	144	60
57	91	26
57	132	79
57	127	85
57	134	95
57	157	54
57	152	19
57	66	88
57	67	83
57	87	45
57	111	87
57	61	88
57	140	96
57	63	95
57	109	82
57	89	25
57	94	16
57	95	8
57	83	64
57	85	57
57	86	37
57	115	29
57	145	7
57	114	25
58	97	36
58	122	100
58	104	62
58	116	16
58	120	9
58	89	71
58	108	79
58	61	93
58	106	50
58	99	9
58	155	16
58	148	72
58	109	34
58	112	57
58	85	43
58	125	16
58	102	54
58	66	78
58	110	56
58	147	58
58	65	21
58	105	82
58	124	94
58	132	8
58	128	100
58	149	18
58	74	7
58	142	98
58	159	82
58	153	81
58	158	96
58	123	98
58	121	92
58	93	38
58	101	26
59	134	10
59	122	30
59	145	67
59	158	71
59	148	40
59	86	87
59	130	33
59	118	55
59	126	92
59	93	88
59	67	53
59	123	81
59	95	8
59	136	42
59	84	25
59	66	45
59	138	90
59	108	54
59	121	54
59	96	32
59	101	54
59	141	5
59	94	51
59	90	90
59	143	47
59	102	89
59	125	25
59	99	6
59	71	15
59	127	44
59	73	72
59	62	74
59	131	91
59	124	58
60	99	86
60	110	85
60	154	84
60	98	70
60	87	21
60	147	83
60	90	32
60	125	13
60	108	69
60	148	92
60	105	86
60	85	36
60	100	29
60	103	24
60	153	20
60	95	26
60	96	91
60	119	47
60	68	59
60	149	17
60	71	45
60	115	19
60	112	82
60	121	46
60	111	80
60	109	65
60	130	40
60	72	82
60	114	33
60	123	84
60	69	60
61	93	39
61	86	75
61	155	41
61	138	50
61	107	85
61	120	22
61	89	67
61	99	47
61	108	50
61	146	32
61	148	54
61	65	41
61	131	23
61	142	100
61	129	49
61	66	54
61	72	69
61	98	56
61	119	99
61	136	55
61	128	67
61	110	10
61	64	28
61	95	82
61	124	20
61	140	71
61	137	92
61	104	59
61	75	18
61	113	83
61	122	34
61	143	49
61	134	17
61	111	68
62	158	15
62	150	88
62	87	83
62	89	27
62	143	89
62	98	34
62	94	27
62	64	76
62	122	90
62	118	47
62	151	98
62	88	52
62	117	70
62	119	17
62	123	95
62	125	100
62	111	48
62	138	98
62	97	8
62	107	86
62	63	70
62	74	91
62	149	88
62	156	86
62	134	98
62	144	54
62	93	34
62	99	47
62	145	40
62	68	29
62	79	10
62	124	13
62	154	73
62	141	90
62	148	19
62	102	64
62	81	97
63	136	58
63	126	82
63	88	66
63	131	40
63	92	56
63	109	93
63	110	58
63	148	93
63	140	76
63	99	89
63	115	70
63	107	56
63	118	24
63	145	70
63	66	36
63	159	13
63	103	20
63	91	38
63	152	6
63	94	92
63	127	36
63	78	50
63	121	67
63	104	95
63	150	56
63	139	24
63	137	40
63	119	70
63	125	43
63	98	16
63	117	84
63	129	94
64	124	30
64	136	11
64	101	51
64	144	99
64	126	61
64	156	49
64	123	76
64	70	40
64	100	18
64	118	34
64	95	23
64	159	62
64	128	92
64	109	93
64	145	46
64	98	99
64	71	88
64	77	77
64	117	92
64	119	71
64	140	15
64	103	45
64	133	16
64	132	45
64	91	69
64	97	74
64	112	34
64	111	67
64	99	88
64	75	31
64	114	66
64	113	90
64	110	35
64	85	78
64	65	98
64	116	97
64	149	85
65	119	93
65	133	50
65	139	80
65	115	21
65	126	35
65	120	44
65	154	25
65	123	23
65	135	51
65	124	95
65	125	75
65	118	17
65	71	51
65	91	35
65	70	49
65	112	11
65	147	86
65	67	32
65	146	13
65	148	96
65	68	60
65	79	45
65	75	95
65	158	27
65	156	54
65	105	54
66	94	29
66	127	55
66	128	48
66	110	92
66	108	32
66	131	67
66	67	14
66	122	78
66	91	30
66	146	82
66	96	69
66	159	39
66	132	55
66	141	11
66	153	61
66	70	54
66	143	49
66	100	43
66	113	23
66	120	18
66	79	98
66	129	71
66	144	22
66	101	16
67	92	49
67	131	33
67	159	28
67	105	98
67	100	37
67	147	94
67	155	9
67	133	51
67	112	76
67	150	63
67	124	64
67	99	16
67	73	97
67	125	31
67	111	95
67	120	65
67	106	34
67	135	10
67	142	11
67	79	94
67	130	62
67	80	89
67	84	15
67	143	13
67	138	95
68	155	27
68	143	13
68	118	91
68	103	41
68	129	36
68	76	59
68	132	8
68	99	26
68	142	50
68	157	59
68	93	68
68	100	36
68	69	36
68	81	81
68	104	14
68	131	50
68	145	9
68	147	91
68	144	71
68	138	77
68	94	57
68	122	6
68	149	92
68	123	66
68	130	47
68	71	81
68	120	64
68	151	16
69	140	13
69	99	76
69	159	6
69	137	76
69	135	29
69	149	48
69	116	57
69	133	94
69	138	68
69	94	61
69	112	21
69	131	79
69	100	54
69	102	65
69	70	66
69	80	30
69	124	88
69	103	71
69	154	90
69	152	99
69	72	88
69	143	50
69	78	26
69	153	39
69	148	6
69	141	66
69	82	99
69	97	34
70	151	11
70	157	21
70	114	67
70	120	83
70	118	91
70	109	61
70	108	40
70	147	46
70	133	16
70	155	15
70	149	9
70	138	72
70	79	72
70	136	67
70	96	67
70	130	77
70	159	13
70	83	35
70	150	25
70	78	37
70	139	58
70	80	87
70	117	33
70	134	55
70	88	64
70	112	45
70	73	24
71	132	58
71	143	82
71	117	95
71	119	26
71	124	21
71	152	85
71	137	20
71	97	57
71	79	8
71	96	17
71	74	97
71	86	28
71	144	53
71	85	10
71	99	85
71	136	53
71	72	25
71	100	44
71	122	54
71	150	85
71	101	9
72	146	66
72	157	30
72	132	41
72	118	91
72	100	64
72	154	80
72	133	15
72	123	37
72	112	68
72	151	39
72	152	54
72	159	22
72	144	63
72	78	46
72	113	22
72	104	13
72	137	78
72	121	83
72	134	31
72	142	64
72	131	85
72	117	6
72	158	56
72	92	40
72	136	22
73	157	35
73	111	17
73	139	9
73	158	45
73	140	47
73	130	99
73	75	80
73	77	46
73	127	60
73	137	92
73	78	34
73	136	16
73	108	72
73	74	77
73	144	36
73	131	54
73	135	31
73	101	93
73	121	97
73	141	62
73	118	28
73	115	53
73	106	53
73	146	97
73	93	55
73	129	32
73	83	96
73	159	99
73	122	97
74	124	30
74	127	20
74	141	31
74	107	55
74	159	12
74	128	18
74	148	70
74	76	95
74	134	50
74	157	36
74	115	8
74	142	83
74	132	14
74	118	76
74	117	59
74	150	16
74	137	9
74	122	91
74	80	67
74	136	95
74	92	5
74	87	14
74	139	19
74	146	99
74	102	72
74	83	42
74	123	89
75	155	10
75	113	56
75	138	92
75	156	26
75	151	47
75	134	43
75	127	70
75	137	9
75	144	44
75	143	80
75	124	62
75	107	52
75	148	67
75	104	26
75	131	26
75	132	18
75	103	96
75	152	42
75	154	46
75	111	12
75	141	72
75	90	95
75	101	36
75	89	67
75	136	90
75	115	92
75	106	65
76	139	56
76	128	53
76	157	95
76	80	19
76	149	69
76	142	34
76	123	10
76	110	7
76	84	40
76	136	59
76	138	66
76	156	28
76	114	91
76	130	34
76	112	19
76	121	85
76	126	53
76	127	42
76	88	42
76	150	48
76	143	82
76	113	65
76	146	14
76	147	90
76	89	22
76	151	26
76	77	81
76	111	72
76	97	86
76	137	8
77	108	8
77	118	61
77	114	57
77	115	12
77	116	67
77	126	21
77	132	46
77	104	79
77	110	52
77	121	75
77	143	94
77	147	100
77	123	47
77	88	44
77	157	41
77	119	43
77	120	43
77	152	70
77	158	44
77	112	35
77	156	73
77	92	48
77	83	14
77	138	36
77	113	37
77	153	83
77	137	21
77	131	15
77	107	89
77	155	92
77	85	90
77	139	76
78	124	27
78	112	79
78	153	24
78	141	77
78	106	45
78	148	92
78	134	21
78	159	45
78	108	41
78	116	88
78	145	46
78	149	39
78	88	45
78	94	66
78	136	83
78	155	33
78	118	92
78	91	91
78	84	13
78	117	56
78	154	64
78	92	9
78	122	71
79	118	18
79	146	59
79	121	57
79	131	61
79	83	17
79	109	87
79	132	73
79	114	9
79	128	81
79	112	86
79	137	68
79	107	48
79	92	47
79	120	17
79	134	74
79	108	95
79	133	36
79	100	59
79	94	69
79	86	29
80	152	6
80	158	73
80	150	88
80	140	80
80	136	69
80	147	46
80	125	25
80	145	30
80	128	39
80	81	87
80	92	8
80	141	60
80	116	74
80	153	87
80	111	7
80	131	70
80	95	24
80	98	17
80	143	32
80	83	34
80	88	65
80	123	91
80	97	12
80	99	14
80	85	91
81	138	12
81	109	57
81	137	32
81	144	62
81	151	62
81	121	73
81	84	37
81	154	9
81	128	77
81	153	75
81	108	44
81	119	84
81	140	46
81	89	34
81	122	97
81	141	53
81	124	69
81	146	17
81	102	74
81	110	72
81	92	5
81	96	41
81	116	73
82	133	33
82	119	80
82	111	55
82	110	60
82	118	75
82	143	77
82	88	39
82	157	56
82	150	68
82	139	73
82	148	6
82	93	30
82	129	57
82	128	72
82	151	95
82	153	8
82	87	8
82	109	95
82	89	92
82	92	77
82	124	48
82	121	98
82	154	89
82	90	99
82	142	91
82	135	30
83	116	77
83	122	47
83	133	54
83	128	24
83	153	76
83	120	49
83	86	7
83	113	68
83	137	98
83	127	85
83	117	49
83	143	84
83	135	54
83	110	28
83	154	44
83	158	91
83	124	53
83	134	49
84	147	96
84	134	59
84	148	47
84	155	96
84	143	21
84	158	94
84	111	58
84	124	51
84	141	25
84	89	23
84	92	52
84	154	15
84	139	45
84	120	57
84	121	96
84	131	65
84	122	65
84	90	65
84	94	21
84	159	79
84	93	27
84	96	86
84	142	59
84	118	42
84	136	8
85	148	45
85	120	54
85	139	16
85	119	22
85	140	64
85	144	63
85	111	31
85	149	8
85	147	31
85	121	12
85	132	79
85	143	45
85	89	82
85	87	95
85	115	79
85	113	53
85	142	93
85	93	55
85	97	43
85	136	61
85	128	39
85	108	97
85	157	47
85	156	97
86	136	78
86	125	46
86	129	11
86	132	85
86	143	43
86	114	96
86	146	52
86	156	70
86	130	78
86	153	36
86	127	55
86	157	10
86	92	60
86	93	97
86	154	15
86	115	84
86	100	52
86	98	61
86	133	16
86	159	43
86	90	80
86	158	15
86	141	69
86	91	67
87	128	82
87	88	28
87	132	16
87	119	23
87	153	48
87	147	51
87	115	38
87	116	10
87	157	99
87	134	49
87	154	18
87	97	24
87	112	53
87	96	90
87	129	34
87	89	42
87	138	33
87	123	74
87	104	34
87	93	29
87	125	78
87	105	55
87	151	78
88	149	5
88	146	27
88	158	6
88	116	83
88	130	63
88	151	25
88	145	69
88	138	49
88	114	78
88	153	74
88	143	18
88	148	6
88	98	69
88	132	52
88	101	36
88	134	90
88	127	75
88	150	46
88	141	40
88	152	6
88	156	60
88	91	90
88	115	77
89	152	22
89	131	39
89	149	40
89	135	28
89	130	64
89	156	88
89	114	14
89	153	89
89	132	78
89	91	53
89	140	56
89	151	55
89	124	34
89	157	16
89	96	85
89	119	5
89	107	43
89	115	26
90	124	25
90	126	33
90	130	65
90	115	51
90	154	85
90	151	41
90	150	51
90	122	61
90	93	39
90	136	63
90	97	42
90	148	95
90	159	64
90	101	95
90	121	14
90	127	75
90	142	60
90	146	59
90	109	100
90	125	86
91	135	82
91	149	46
91	147	73
91	127	9
91	155	68
91	126	66
91	118	18
91	97	15
91	134	62
91	157	30
91	128	91
91	152	22
91	131	79
91	146	57
91	133	85
91	132	59
91	154	91
91	123	45
91	140	97
91	95	93
91	148	68
92	131	53
92	149	73
92	153	76
92	136	77
92	154	35
92	159	52
92	135	91
92	128	67
92	105	73
92	140	19
92	147	90
92	107	69
92	117	92
92	137	14
92	118	54
93	123	35
93	136	77
93	94	17
93	129	78
93	137	19
93	145	38
93	121	40
93	134	24
93	150	6
93	126	27
93	156	65
93	132	18
93	119	17
93	99	57
93	100	16
93	147	94
93	108	93
93	135	93
93	140	55
93	152	46
93	146	54
93	124	81
93	133	66
94	155	15
94	144	61
94	97	98
94	152	35
94	123	89
94	145	20
94	102	16
94	142	92
94	148	37
94	120	82
94	101	13
94	146	17
94	158	74
94	96	8
94	128	10
94	107	98
94	122	18
94	143	69
94	116	46
94	137	94
94	126	72
94	119	47
95	136	27
95	120	66
95	125	91
95	127	81
95	129	59
95	126	66
95	158	93
95	122	7
95	147	83
95	96	42
95	131	99
95	102	81
95	107	99
95	152	55
95	98	98
95	154	25
96	137	36
96	97	93
96	145	14
96	148	37
96	150	15
96	154	37
96	135	84
96	140	48
96	147	79
96	102	12
96	156	89
96	144	21
96	136	55
96	131	21
96	108	90
96	132	21
97	155	100
97	148	83
97	123	69
97	142	33
97	102	17
97	135	34
97	157	29
97	109	70
97	146	58
97	151	98
97	126	70
97	141	77
97	154	99
98	143	47
98	99	36
98	134	61
98	140	43
98	101	16
98	103	22
98	147	68
98	137	78
98	145	18
98	106	8
98	108	74
98	141	91
98	151	44
98	138	90
98	149	28
98	148	84
98	123	8
98	132	96
98	124	26
98	146	30
99	152	88
99	151	67
99	131	94
99	147	90
99	133	88
99	137	89
99	158	77
99	106	49
99	126	34
99	124	32
99	141	70
99	117	55
99	146	96
99	142	60
100	126	69
100	101	17
100	156	80
100	155	73
100	130	62
100	144	63
100	125	47
100	157	62
100	158	25
100	104	60
100	145	31
100	105	64
100	133	75
100	112	23
100	118	78
100	143	54
100	113	85
100	149	5
100	132	57
100	116	7
101	126	17
101	152	62
101	128	32
101	143	88
101	105	74
101	144	33
101	102	41
101	104	63
101	151	64
101	156	44
101	138	51
101	127	63
101	154	71
101	118	45
101	116	6
101	142	65
101	110	6
101	135	99
101	107	46
101	134	43
102	144	39
102	130	79
102	148	46
102	156	41
102	158	55
102	106	98
102	136	69
102	103	79
102	141	60
102	131	81
102	142	38
102	157	87
102	133	76
102	159	81
102	107	17
102	124	86
102	127	54
103	135	88
103	158	64
103	140	49
103	110	87
103	147	89
103	139	17
103	142	73
103	109	11
103	152	41
103	159	41
103	149	46
103	104	68
103	155	67
103	119	81
103	120	43
103	150	29
103	151	94
103	157	21
103	125	98
104	144	95
104	138	87
104	106	90
104	130	85
104	152	14
104	136	28
104	158	85
104	111	20
104	137	94
104	105	64
104	142	27
104	155	29
104	140	47
104	115	52
104	107	90
104	114	35
105	131	86
105	136	76
105	150	81
105	156	60
105	158	65
105	148	54
105	109	70
105	154	57
105	137	63
105	140	74
105	147	22
105	108	7
105	139	23
105	132	55
105	145	29
105	121	28
106	153	60
106	159	13
106	114	96
106	111	42
106	141	34
106	154	64
106	112	11
106	115	81
106	147	94
106	158	84
106	107	87
106	132	94
106	150	82
106	121	48
106	120	33
106	134	94
106	143	79
107	153	36
107	152	64
107	110	52
107	159	75
107	133	37
107	135	24
107	156	49
107	136	68
107	139	62
107	149	53
107	114	21
107	145	20
107	129	17
107	120	73
107	122	90
108	138	61
108	134	10
108	135	7
108	111	87
108	110	39
108	150	78
108	120	28
108	121	47
108	113	36
108	124	52
108	119	87
108	114	6
108	122	70
108	154	9
109	134	15
109	113	61
109	153	98
109	135	25
109	146	99
109	156	11
109	147	9
109	110	33
109	137	97
109	123	53
109	118	82
109	138	39
109	150	32
109	114	94
109	127	12
109	121	37
109	129	15
109	140	58
110	143	5
110	159	69
110	152	54
110	158	94
110	149	93
110	118	85
110	113	29
110	153	52
110	142	89
110	111	43
110	141	26
110	126	99
110	157	48
110	139	12
110	140	85
110	122	85
111	154	81
111	118	17
111	149	87
111	141	11
111	112	46
111	119	42
111	123	58
111	136	25
111	142	60
112	140	11
112	159	60
112	154	38
112	157	81
112	145	82
112	113	52
112	115	83
112	149	23
112	143	11
112	120	39
112	116	42
112	126	6
112	153	80
112	127	9
113	141	81
113	151	16
113	156	7
113	140	34
113	154	49
113	119	15
113	116	76
113	138	44
113	117	98
113	150	96
113	125	30
113	128	47
113	118	29
114	142	48
114	141	48
114	140	62
114	122	45
114	155	42
114	153	65
114	148	21
114	116	11
114	121	99
114	159	14
115	141	42
115	143	44
115	158	98
115	153	74
115	159	53
115	125	16
115	152	47
115	129	34
115	119	14
115	116	16
115	128	57
115	150	41
115	122	10
115	137	94
116	119	58
116	158	34
116	122	66
116	156	21
116	128	29
116	123	79
116	117	52
116	144	77
116	141	97
116	150	51
117	147	82
117	146	60
117	149	62
117	151	97
117	145	93
117	153	82
117	121	81
117	148	54
117	134	92
117	154	32
117	120	21
117	122	69
118	148	47
118	158	26
118	151	37
118	133	15
118	130	66
118	156	99
118	125	49
118	139	11
118	141	65
119	145	14
119	150	59
119	155	10
119	133	9
119	134	15
119	148	18
120	156	98
120	159	62
120	122	70
120	127	7
120	154	34
120	121	96
120	124	16
120	125	48
120	131	13
120	134	78
120	138	27
120	130	46
120	157	25
121	152	53
121	148	59
121	147	15
121	155	74
121	123	84
121	149	9
121	127	60
121	153	36
121	124	9
121	130	66
121	154	81
121	122	80
122	155	25
122	123	32
122	124	97
122	150	76
122	130	82
122	156	86
122	126	90
122	125	67
122	131	20
122	154	33
123	150	42
123	154	86
123	157	83
123	129	64
123	135	94
123	137	55
123	156	26
124	125	94
124	149	81
124	159	33
124	130	41
124	127	57
124	155	99
124	126	31
125	131	50
125	156	51
125	130	70
125	157	52
126	155	39
126	128	19
126	152	87
126	157	74
126	131	52
126	156	24
126	153	39
126	136	76
126	151	65
126	134	94
126	147	33
126	140	50
127	153	92
127	156	50
127	141	81
127	138	24
127	155	11
127	159	36
127	142	76
127	134	10
128	132	7
128	134	7
128	129	39
128	130	17
128	135	19
128	155	72
128	136	58
128	158	96
128	146	94
128	154	29
129	132	10
129	159	98
129	136	58
129	138	70
129	134	6
129	142	76
129	156	93
129	148	69
130	155	93
130	134	52
130	139	92
130	144	57
130	142	97
131	133	89
131	136	38
131	159	74
131	151	91
132	158	12
132	139	64
132	147	33
132	142	82
132	137	77
133	159	47
133	138	12
133	146	63
133	153	31
133	137	26
133	136	7
134	138	12
134	139	79
134	145	100
134	142	17
134	155	83
134	159	65
135	145	13
135	140	65
135	142	83
135	144	68
135	149	22
136	139	43
136	137	93
136	151	37
136	145	51
136	157	13
137	142	18
137	140	25
137	146	94
137	153	17
138	139	76
138	152	17
138	154	31
138	143	79
139	143	97
139	149	65
139	146	63
139	142	73
139	150	6
139	157	14
139	148	30
140	146	35
140	144	90
140	153	63
140	147	72
140	148	83
141	143	47
141	146	56
141	155	90
141	153	36
141	152	15
141	149	23
142	150	34
142	151	91
142	146	89
142	159	21
143	152	12
143	146	70
143	147	17
143	158	100
144	145	55
144	154	36
144	158	39
144	148	65
145	155	89
146	147	92
146	152	18
147	150	7
147	149	52
148	158	83
148	157	28
149	151	39
149	152	30
149	150	64
149	155	42
150	154	66
151	157	71
151	156	78
151	152	51
152	158	43
152	153	34
152	155	26
153	157	73
153	158	33
153	156	82
155	158	37
155	159	69
157	159	33
