NAME: W_SPARSE_180_78
n: 180
m: 7020
0	62	92
0	70	24
0	72	60
0	118	74
0	95	40
0	86	88
0	140	80
0	85	84
0	111	86
0	93	73
0	104	76
0	65	33
0	129	32
0	128	8
0	55	67
0	123	79
0	83	98
0	171	22
0	91	92
0	59	86
0	80	74
0	69	20
0	175	69
0	102	44
0	7	67
0	98	34
0	105	36
0	116	29
0	16	50
0	9	94
0	45	91
0	2	83
0	127	16
0	137	31
0	131	22
0	169	15
0	177	16
0	174	45
0	170	62
0	20	79
0	179	56
0	13	14
0	109	99
0	1	39
0	84	48
0	97	42
0	114	91
0	126	19
0	162	48
0	160	64
0	25	83
0	22	96
0	74	89
0	159	47
0	43	41
0	23	93
0	5	27
0	27	43
0	103	49
0	51	62
0	26	74
0	47	87
0	61	36
0	64	58
0	158	35
0	152	46
0	150	45
0	172	48
0	15	73
0	17	84
0	68	33
0	44	26
0	99	76
1	93	89
1	59	13
1	114	9
1	53	13
1	60	13
1	67	10
1	122	14
1	77	77
1	85	34
1	120	95
1	126	65
1	106	93
1	5	52
1	177	14
1	42	42
1	2	44
1	109	45
1	9	7
1	89	84
1	95	25
1	96	88
1	98	68
1	11	12
1	57	18
1	117	21
1	47	88
1	101	52
1	7	85
1	48	90
1	51	65
1	173	76
1	8	47
1	99	68
1	56	54
1	81	17
1	118	15
1	140	92
1	123	63
1	164	89
1	10	26
1	50	72
1	49	38
1	82	28
1	73	8
1	170	52
1	163	66
1	166	22
1	179	48
1	69	44
1	80	46
1	129	11
1	125	27
1	102	83
1	116	13
1	41	21
1	167	50
1	159	57
1	20	18
1	22	100
1	131	53
1	25	21
1	137	68
1	134	76
1	66	57
1	138	56
1	64	35
1	91	64
1	23	96
1	90	37
1	86	25
1	43	6
1	174	33
1	105	44
1	34	100
1	150	83
1	70	74
1	103	80
1	111	69
1	149	36
1	104	47
1	135	7
1	161	49
1	52	55
1	18	75
1	133	63
2	92	71
2	78	52
2	91	17
2	107	32
2	127	29
2	140	52
2	97	15
2	66	9
2	72	89
2	104	46
2	113	76
2	134	5
2	83	67
2	56	81
2	120	54
2	133	7
2	138	8
2	109	96
2	64	72
2	124	29
2	105	95
2	47	44
2	86	92
2	80	14
2	115	39
2	74	54
2	179	33
2	58	16
2	75	30
2	116	82
2	101	59
2	44	95
2	73	25
2	87	68
2	46	49
2	16	16
2	6	97
2	139	60
2	63	57
2	5	67
2	178	76
2	70	87
2	174	26
2	175	77
2	163	39
2	11	18
2	81	90
2	51	77
2	67	73
2	90	99
2	142	47
2	122	44
2	100	29
2	166	68
2	84	90
2	8	26
2	62	76
2	61	51
2	169	20
2	172	97
2	57	37
2	9	92
2	93	55
2	119	43
2	170	46
2	10	43
2	165	58
2	79	82
2	65	66
2	77	13
2	131	38
2	114	6
2	98	7
2	148	43
2	12	20
2	43	55
3	116	8
3	51	78
3	52	8
3	114	77
3	96	14
3	129	86
3	128	41
3	133	6
3	69	13
3	97	79
3	107	26
3	123	25
3	143	84
3	6	6
3	94	27
3	89	51
3	56	65
3	71	56
3	91	52
3	103	11
3	99	77
3	106	25
3	110	86
3	112	29
3	125	42
3	120	73
3	172	22
3	61	70
3	74	65
3	83	43
3	49	42
3	87	97
3	178	36
3	60	12
3	64	41
3	136	67
3	57	25
3	67	78
3	13	18
3	62	97
3	135	46
3	98	55
3	75	85
3	121	81
3	58	83
3	78	94
3	140	49
3	22	41
3	47	87
3	53	21
3	104	82
3	117	97
3	70	82
3	45	36
3	131	40
3	73	10
3	93	99
3	28	22
3	171	89
3	63	56
3	4	11
3	86	28
3	163	67
3	157	50
3	92	15
3	138	91
3	162	76
3	32	62
3	84	12
3	124	32
3	12	76
3	14	21
3	48	69
3	8	78
3	27	30
3	44	93
3	81	93
3	132	48
3	30	39
3	166	32
3	101	21
3	7	78
3	148	98
3	65	78
3	176	74
3	156	19
4	50	35
4	5	41
4	53	54
4	45	80
4	61	62
4	88	65
4	48	73
4	93	31
4	133	56
4	8	36
4	7	8
4	103	83
4	70	44
4	79	49
4	144	37
4	12	80
4	57	95
4	119	71
4	82	25
4	125	50
4	128	50
4	177	67
4	85	82
4	174	58
4	95	76
4	60	41
4	68	97
4	123	67
4	102	48
4	112	13
4	116	65
4	136	11
4	118	6
4	105	90
4	120	16
4	74	37
4	141	99
4	65	65
4	91	23
4	22	97
4	126	95
4	96	64
4	62	37
4	94	32
4	163	67
4	143	22
4	16	49
4	55	37
4	100	32
4	23	88
4	69	63
4	160	91
4	161	49
4	14	70
4	28	60
4	158	13
4	175	84
4	164	17
4	64	14
4	33	45
4	67	81
4	44	63
4	151	5
4	98	25
4	92	13
4	142	88
5	138	66
5	87	66
5	73	48
5	110	96
5	143	56
5	54	46
5	96	51
5	99	32
5	53	26
5	72	33
5	118	38
5	104	86
5	51	72
5	58	71
5	71	73
5	129	64
5	56	7
5	136	50
5	89	33
5	135	24
5	94	18
5	45	20
5	95	81
5	105	32
5	170	88
5	111	12
5	127	74
5	85	64
5	18	99
5	177	96
5	172	50
5	112	56
5	167	70
5	115	66
5	16	9
5	70	16
5	123	54
5	7	17
5	23	67
5	126	76
5	163	25
5	100	53
5	107	53
5	76	46
5	80	90
5	83	42
5	60	85
5	11	51
5	116	35
5	141	32
5	176	55
5	102	26
5	55	82
5	93	39
5	98	31
5	46	7
5	81	24
5	97	94
5	154	74
5	36	97
5	17	88
5	132	10
5	35	79
5	10	96
5	14	51
5	150	70
5	166	58
6	50	55
6	86	94
6	110	83
6	66	14
6	132	41
6	144	85
6	119	26
6	92	96
6	106	12
6	118	73
6	127	13
6	78	40
6	123	27
6	124	14
6	126	87
6	179	91
6	51	8
6	178	27
6	74	36
6	62	71
6	12	82
6	58	8
6	174	62
6	82	79
6	83	55
6	7	53
6	138	44
6	69	63
6	49	78
6	23	53
6	91	89
6	102	41
6	65	66
6	122	86
6	107	51
6	11	67
6	21	98
6	75	28
6	114	74
6	140	84
6	99	13
6	175	41
6	30	97
6	85	62
6	10	97
6	109	39
6	8	27
6	88	44
6	117	61
6	19	78
6	176	87
6	17	76
6	157	48
6	31	79
6	81	62
6	131	98
6	55	57
6	120	14
6	135	93
6	169	47
6	112	82
6	164	64
6	108	6
6	35	41
6	72	94
6	115	80
6	80	94
6	163	49
7	80	92
7	60	89
7	90	39
7	96	97
7	115	57
7	65	93
7	103	60
7	134	21
7	131	57
7	83	7
7	118	50
7	85	18
7	123	42
7	142	81
7	147	14
7	94	82
7	78	27
7	140	55
7	61	69
7	92	24
7	125	33
7	69	46
7	74	32
7	93	38
7	127	59
7	63	46
7	143	81
7	89	39
7	122	17
7	110	53
7	98	51
7	138	54
7	95	91
7	109	13
7	71	86
7	75	78
7	86	46
7	168	57
7	56	89
7	129	33
7	133	42
7	10	52
7	112	74
7	87	75
7	66	63
7	141	36
7	166	12
7	30	99
7	121	26
7	88	35
7	34	26
7	128	33
7	13	47
7	18	28
7	106	92
7	53	12
7	29	73
7	91	99
7	20	88
7	114	6
7	154	17
7	120	93
7	25	31
7	50	88
7	160	49
7	21	6
7	70	29
8	119	94
8	87	90
8	138	91
8	141	84
8	104	6
8	73	18
8	136	87
8	140	46
8	63	59
8	117	8
8	142	61
8	70	80
8	14	36
8	64	8
8	82	38
8	75	17
8	77	28
8	79	26
8	127	16
8	15	29
8	50	100
8	81	56
8	124	45
8	72	60
8	148	38
8	107	29
8	67	51
8	13	69
8	86	31
8	55	51
8	118	69
8	135	30
8	17	70
8	145	15
8	133	87
8	16	63
8	121	28
8	89	92
8	74	76
8	92	85
8	106	52
8	112	68
8	179	10
8	23	85
8	21	31
8	172	31
8	61	89
8	116	82
8	56	26
8	24	58
8	110	5
8	18	60
8	125	63
8	144	49
8	68	98
8	95	74
8	143	36
8	178	11
8	76	49
8	19	16
8	139	22
8	60	83
8	83	51
8	48	57
8	80	81
8	71	72
8	10	76
8	20	48
8	102	84
8	166	90
8	11	83
8	52	55
8	35	13
8	115	84
8	161	89
8	22	78
8	65	84
8	105	96
8	44	89
8	134	95
8	69	20
8	49	69
8	46	44
9	137	7
9	69	17
9	78	18
9	88	12
9	132	76
9	55	35
9	126	61
9	14	46
9	111	89
9	142	9
9	130	89
9	136	36
9	144	97
9	84	20
9	117	80
9	129	73
9	148	76
9	90	30
9	61	45
9	49	21
9	72	63
9	99	19
9	122	18
9	70	53
9	95	93
9	73	57
9	172	69
9	71	60
9	101	44
9	176	41
9	115	21
9	116	52
9	57	8
9	15	58
9	77	73
9	147	98
9	105	21
9	12	23
9	166	19
9	80	97
9	23	29
9	108	7
9	120	79
9	163	19
9	167	33
9	171	86
9	128	37
9	131	86
9	112	14
9	16	76
9	161	17
9	157	24
9	106	54
9	159	22
9	135	25
9	35	72
9	22	43
9	20	27
9	118	55
9	62	47
9	76	12
9	64	10
9	40	8
9	29	28
10	59	24
10	108	65
10	76	52
10	61	26
10	56	61
10	57	8
10	118	58
10	68	80
10	60	79
10	114	87
10	89	7
10	144	46
10	150	99
10	100	94
10	81	99
10	88	57
10	75	81
10	85	83
10	131	62
10	99	61
10	111	27
10	119	69
10	90	11
10	149	97
10	65	32
10	15	53
10	91	17
10	105	53
10	22	97
10	83	37
10	140	56
10	11	60
10	14	52
10	179	29
10	27	86
10	72	49
10	55	49
10	54	31
10	93	33
10	117	8
10	52	54
10	133	87
10	122	43
10	23	29
10	116	33
10	63	65
10	19	6
10	167	54
10	29	81
10	113	22
10	102	42
10	79	26
10	176	57
10	86	15
10	107	75
10	171	48
10	169	13
10	178	10
10	177	74
10	129	74
10	98	48
10	168	34
10	42	21
10	147	25
10	69	42
10	64	71
10	132	17
10	36	17
10	161	59
10	165	17
10	44	89
10	157	29
10	142	7
10	28	86
10	162	21
10	32	40
10	38	45
11	119	46
11	113	92
11	54	32
11	78	88
11	125	71
11	106	61
11	87	27
11	129	36
11	83	7
11	133	15
11	63	63
11	111	67
11	116	48
11	65	87
11	90	83
11	94	63
11	151	29
11	147	24
11	85	84
11	14	15
11	76	71
11	130	94
11	139	51
11	117	85
11	123	74
11	74	77
11	20	6
11	21	52
11	97	62
11	12	7
11	93	100
11	79	38
11	67	98
11	105	42
11	86	32
11	16	63
11	13	93
11	107	20
11	53	51
11	124	25
11	30	13
11	100	85
11	136	18
11	15	20
11	146	77
11	56	53
11	39	5
11	135	53
11	127	34
11	163	71
11	96	16
11	35	77
11	36	13
11	58	43
11	141	86
11	126	8
11	22	16
11	62	24
11	88	46
11	115	98
11	71	77
11	143	67
11	121	15
11	95	74
11	142	79
11	144	48
11	102	98
11	91	29
11	47	26
12	59	46
12	71	11
12	118	30
12	88	41
12	115	21
12	128	23
12	92	95
12	90	10
12	100	19
12	134	67
12	76	52
12	109	27
12	72	53
12	69	46
12	84	27
12	95	68
12	106	27
12	123	14
12	15	65
12	89	40
12	108	58
12	125	91
12	80	72
12	13	36
12	17	41
12	67	22
12	148	64
12	107	45
12	127	33
12	135	85
12	131	76
12	60	76
12	94	32
12	150	27
12	138	28
12	111	66
12	86	29
12	119	55
12	140	83
12	58	43
12	56	38
12	147	61
12	99	49
12	114	35
12	29	55
12	73	86
12	137	11
12	83	84
12	145	38
12	14	71
12	136	45
12	126	20
12	98	81
12	143	15
12	122	45
12	124	14
12	70	88
12	120	78
12	28	33
12	30	44
12	110	52
12	117	50
12	31	39
12	152	73
12	162	37
12	104	63
12	139	56
12	166	43
12	174	17
12	163	19
12	20	22
12	82	30
12	112	6
12	91	56
12	66	79
12	116	10
12	16	80
12	168	86
12	37	73
12	34	66
12	164	41
13	92	77
13	106	20
13	130	28
13	110	37
13	70	14
13	14	48
13	75	57
13	95	90
13	86	97
13	89	27
13	129	62
13	101	85
13	143	53
13	60	79
13	117	91
13	69	20
13	80	64
13	91	47
13	61	86
13	124	77
13	136	27
13	141	81
13	123	41
13	90	16
13	68	24
13	138	95
13	63	91
13	71	86
13	137	57
13	24	94
13	134	97
13	19	43
13	97	77
13	33	67
13	103	50
13	73	74
13	108	66
13	178	24
13	179	70
13	88	47
13	120	83
13	21	81
13	29	93
13	100	77
13	144	74
13	139	96
13	167	82
13	142	67
13	56	98
13	87	54
13	64	81
13	43	21
13	44	73
13	116	61
13	59	10
13	104	75
13	115	14
13	18	21
13	67	63
13	17	93
13	58	94
13	15	7
13	25	37
13	66	53
14	74	29
14	54	65
14	127	38
14	61	23
14	62	23
14	124	64
14	78	8
14	143	73
14	83	65
14	86	6
14	21	43
14	68	26
14	145	92
14	130	45
14	60	98
14	71	59
14	88	18
14	139	98
14	129	69
14	23	13
14	65	67
14	19	33
14	69	56
14	153	11
14	28	37
14	114	98
14	131	30
14	132	53
14	18	11
14	22	33
14	87	76
14	77	68
14	72	12
14	75	80
14	58	11
14	107	9
14	76	58
14	123	57
14	111	50
14	80	90
14	172	95
14	15	69
14	134	55
14	91	7
14	34	29
14	166	60
14	179	64
14	177	80
14	171	100
14	121	8
14	24	62
14	115	38
14	169	24
14	63	96
14	94	85
14	42	89
14	70	78
14	136	19
14	98	95
14	152	94
14	37	36
14	32	90
14	93	66
14	160	24
14	29	50
14	102	63
14	165	97
14	100	88
15	118	61
15	56	30
15	97	66
15	120	71
15	151	61
15	76	67
15	150	71
15	93	65
15	99	21
15	116	46
15	148	12
15	104	10
15	87	21
15	75	90
15	145	46
15	67	52
15	117	64
15	124	77
15	95	94
15	119	41
15	100	64
15	19	97
15	70	91
15	89	12
15	73	35
15	69	75
15	140	46
15	65	57
15	22	20
15	63	87
15	121	19
15	90	88
15	146	79
15	80	63
15	108	12
15	31	66
15	18	87
15	33	97
15	128	10
15	78	28
15	26	30
15	20	31
15	23	34
15	115	15
15	110	88
15	143	99
15	92	45
15	17	92
15	62	33
15	81	28
15	102	25
15	173	31
15	130	36
15	127	34
15	28	7
15	39	25
15	55	75
15	170	36
15	154	83
15	37	67
15	113	27
15	86	45
15	133	41
15	32	89
15	79	67
15	166	72
15	61	86
15	139	17
15	74	99
15	27	46
15	60	93
15	51	79
15	77	42
15	112	75
15	137	64
15	85	20
15	144	96
15	153	84
15	36	28
15	126	71
16	121	65
16	104	90
16	136	93
16	17	66
16	71	63
16	80	50
16	105	11
16	70	67
16	61	25
16	20	91
16	77	49
16	111	75
16	21	21
16	56	28
16	130	40
16	87	59
16	103	56
16	76	43
16	102	32
16	22	44
16	124	62
16	74	55
16	92	39
16	122	25
16	100	40
16	155	87
16	26	24
16	24	71
16	129	80
16	59	30
16	154	48
16	156	76
16	75	61
16	96	46
16	34	48
16	64	47
16	108	100
16	146	6
16	149	54
16	116	55
16	118	76
16	38	49
16	177	90
16	32	18
16	25	92
16	91	96
16	85	80
16	98	89
16	147	81
16	151	46
16	62	68
16	114	94
16	67	31
16	132	26
16	107	89
16	134	92
16	68	42
16	110	14
16	175	66
16	140	42
16	50	26
16	179	29
16	65	83
16	83	33
16	167	22
16	153	41
16	57	74
16	141	46
17	109	72
17	152	23
17	110	80
17	123	62
17	148	45
17	112	16
17	94	29
17	24	89
17	142	89
17	141	95
17	92	53
17	76	34
17	100	88
17	156	43
17	21	64
17	154	87
17	88	68
17	81	5
17	77	68
17	86	67
17	144	34
17	145	41
17	84	84
17	120	80
17	117	93
17	73	85
17	136	50
17	129	40
17	32	52
17	119	50
17	20	19
17	135	59
17	25	42
17	95	98
17	102	50
17	115	37
17	132	79
17	87	87
17	128	14
17	101	89
17	124	43
17	34	32
17	121	15
17	29	27
17	151	10
17	98	77
17	26	50
17	38	42
17	75	72
17	116	29
17	134	96
17	122	36
17	65	69
17	18	24
17	103	47
17	39	53
17	131	15
17	42	43
17	114	77
17	19	86
17	127	16
17	143	75
17	163	33
17	41	64
17	160	17
17	30	5
17	137	21
17	46	90
18	106	29
18	61	50
18	133	18
18	84	96
18	128	75
18	137	36
18	76	17
18	155	66
18	147	37
18	89	69
18	139	13
18	130	70
18	101	39
18	119	23
18	95	35
18	72	16
18	145	62
18	126	82
18	144	44
18	58	95
18	110	21
18	108	30
18	129	99
18	112	79
18	88	46
18	156	79
18	158	12
18	68	92
18	78	97
18	116	100
18	25	73
18	82	77
18	111	25
18	83	89
18	118	12
18	149	85
18	157	41
18	36	8
18	143	61
18	22	42
18	37	17
18	69	11
18	71	98
18	73	31
18	122	88
18	178	72
18	124	17
18	141	52
18	35	74
18	179	19
18	153	52
18	79	27
18	32	46
18	94	20
18	59	69
18	136	93
18	146	20
18	31	14
18	104	42
18	102	19
18	19	68
18	92	93
18	172	23
18	74	31
18	30	17
18	91	45
18	98	32
18	170	56
18	132	54
18	41	47
18	66	23
18	109	49
18	23	7
18	80	52
18	87	20
19	60	23
19	143	69
19	149	29
19	157	99
19	150	44
19	105	88
19	147	52
19	113	17
19	117	67
19	137	14
19	136	30
19	152	62
19	111	61
19	23	97
19	148	84
19	96	36
19	155	80
19	138	14
19	65	21
19	120	18
19	114	30
19	106	65
19	74	96
19	156	44
19	126	46
19	82	69
19	93	100
19	26	88
19	66	70
19	81	95
19	133	18
19	121	44
19	129	60
19	128	71
19	144	77
19	83	26
19	125	34
19	69	13
19	67	47
19	43	92
19	36	10
19	34	98
19	88	30
19	33	55
19	41	99
19	71	56
19	76	16
19	109	59
19	87	69
19	154	75
19	73	28
19	40	65
19	78	77
19	107	89
19	86	13
19	130	69
19	45	15
19	134	100
19	32	70
19	178	61
19	30	29
19	20	23
19	50	28
19	51	92
19	59	93
19	164	99
19	98	61
19	123	88
19	63	38
19	42	31
19	52	18
20	113	11
20	142	95
20	131	95
20	71	29
20	70	14
20	21	54
20	145	74
20	116	33
20	127	91
20	87	32
20	128	92
20	92	91
20	159	26
20	97	50
20	121	97
20	147	48
20	138	29
20	134	11
20	84	74
20	67	91
20	160	48
20	102	89
20	23	74
20	115	37
20	72	13
20	114	58
20	78	21
20	25	79
20	30	50
20	90	52
20	153	79
20	99	97
20	119	90
20	148	96
20	36	42
20	60	33
20	105	17
20	91	98
20	95	84
20	112	85
20	146	60
20	175	35
20	100	46
20	101	53
20	32	74
20	29	35
20	68	18
20	38	10
20	22	36
20	35	75
20	31	6
20	85	61
20	166	82
20	173	74
20	170	100
20	66	53
20	39	77
20	110	91
21	142	10
21	111	17
21	62	50
21	137	64
21	145	38
21	112	21
21	80	44
21	110	51
21	93	17
21	130	55
21	23	24
21	102	8
21	83	17
21	98	30
21	132	76
21	94	24
21	76	36
21	26	98
21	158	56
21	161	54
21	84	73
21	101	18
21	119	75
21	116	55
21	25	25
21	154	13
21	78	66
21	134	60
21	103	80
21	29	61
21	126	38
21	109	92
21	34	88
21	114	81
21	136	50
21	115	95
21	117	71
21	33	51
21	100	24
21	77	72
21	139	45
21	156	80
21	125	45
21	160	29
21	24	43
21	159	35
21	118	78
21	61	6
21	74	21
21	42	77
21	91	9
21	27	82
21	90	9
21	63	35
21	152	60
21	48	24
21	51	68
21	89	38
21	146	74
21	173	87
21	44	34
21	135	68
21	140	65
21	176	30
21	50	86
21	96	74
21	179	85
21	153	69
21	41	70
21	55	20
21	52	65
21	121	77
21	53	43
21	36	60
21	95	13
21	39	39
22	82	47
22	72	73
22	78	80
22	130	32
22	84	66
22	139	30
22	122	10
22	97	87
22	101	10
22	93	59
22	124	25
22	135	22
22	136	62
22	103	66
22	112	98
22	127	65
22	25	97
22	24	16
22	140	27
22	150	90
22	146	73
22	134	90
22	77	76
22	91	47
22	65	73
22	114	8
22	131	56
22	157	10
22	33	39
22	143	22
22	35	25
22	27	34
22	141	98
22	34	22
22	38	81
22	92	11
22	128	46
22	86	51
22	67	65
22	158	12
22	153	53
22	74	11
22	129	66
22	159	76
22	37	87
22	111	79
22	149	38
22	152	86
22	119	58
22	147	24
22	64	82
22	176	6
22	126	20
22	104	11
22	138	19
22	115	15
22	178	71
22	52	15
22	62	99
22	100	46
22	123	54
22	175	23
22	49	55
22	53	86
22	113	77
22	108	58
22	85	58
22	98	52
23	138	21
23	156	95
23	160	76
23	79	9
23	91	72
23	116	64
23	84	20
23	135	24
23	131	47
23	95	20
23	140	34
23	96	20
23	117	19
23	127	46
23	134	74
23	130	32
23	78	50
23	87	63
23	149	23
23	71	42
23	159	85
23	102	28
23	139	76
23	129	43
23	118	48
23	158	31
23	32	38
23	67	12
23	122	66
23	157	79
23	38	7
23	81	22
23	90	74
23	28	66
23	80	71
23	146	56
23	151	24
23	37	74
23	31	66
23	44	42
23	107	68
23	152	95
23	97	18
23	33	16
23	40	29
23	35	22
23	155	82
23	144	19
23	176	36
23	69	46
23	113	88
23	46	81
23	128	23
23	25	96
23	114	18
23	88	85
23	74	100
23	93	46
23	111	22
23	45	25
23	52	6
23	126	17
23	36	64
24	158	56
24	144	90
24	134	90
24	128	68
24	162	23
24	64	13
24	80	72
24	105	70
24	125	26
24	98	83
24	153	14
24	75	17
24	147	88
24	120	16
24	69	81
24	88	93
24	117	79
24	122	29
24	74	97
24	130	19
24	137	51
24	155	76
24	164	31
24	149	58
24	66	17
24	148	10
24	110	19
24	151	83
24	99	76
24	138	17
24	114	94
24	118	64
24	31	45
24	124	87
24	96	22
24	91	99
24	94	25
24	141	83
24	84	62
24	157	63
24	83	17
24	73	41
24	108	79
24	129	21
24	48	79
24	35	70
24	159	70
24	152	98
24	127	59
24	106	76
24	123	39
24	51	32
24	102	16
24	140	10
24	90	77
24	82	25
24	161	32
24	89	59
24	71	29
24	112	32
24	38	47
24	101	64
24	65	93
24	55	19
24	142	40
24	54	41
25	143	16
25	77	79
25	114	70
25	65	56
25	161	82
25	81	92
25	87	59
25	88	74
25	120	52
25	135	15
25	145	75
25	156	46
25	98	44
25	115	69
25	75	38
25	94	74
25	133	70
25	112	23
25	154	90
25	141	41
25	118	92
25	124	84
25	116	55
25	155	80
25	36	68
25	111	84
25	104	27
25	95	6
25	107	28
25	122	7
25	127	38
25	123	94
25	70	42
25	38	36
25	91	26
25	130	44
25	32	61
25	35	64
25	137	16
25	28	68
25	29	26
25	164	69
25	85	26
25	41	70
25	69	11
25	49	29
25	33	9
25	125	27
25	48	10
25	140	68
25	101	46
25	102	91
25	117	70
25	138	71
25	109	81
25	126	48
25	144	52
25	67	66
25	93	91
25	39	27
25	129	8
25	97	14
25	44	37
25	60	47
25	119	66
25	146	36
25	40	30
25	43	80
25	83	93
25	90	9
26	146	54
26	67	72
26	116	91
26	96	90
26	133	96
26	103	78
26	153	11
26	129	60
26	162	48
26	72	32
26	88	33
26	107	92
26	149	39
26	32	28
26	28	90
26	135	39
26	114	18
26	134	7
26	137	12
26	87	6
26	138	50
26	66	15
26	30	17
26	105	70
26	111	64
26	71	89
26	163	23
26	121	26
26	108	55
26	99	34
26	94	82
26	156	91
26	125	94
26	101	38
26	144	49
26	143	43
26	161	29
26	90	11
26	29	48
26	89	59
26	154	53
26	74	35
26	42	42
26	45	82
26	73	34
26	165	31
26	130	95
26	110	60
26	164	76
26	157	19
26	85	64
26	97	65
26	77	49
26	36	61
26	176	86
26	76	82
26	166	94
26	53	7
26	145	36
26	78	97
26	113	43
26	139	60
26	57	83
26	37	11
26	44	73
26	34	77
26	102	67
26	40	84
26	63	86
26	70	55
26	127	85
26	58	29
27	154	92
27	166	71
27	108	52
27	88	11
27	94	38
27	71	87
27	91	16
27	163	59
27	113	36
27	81	49
27	143	46
27	150	94
27	167	75
27	85	94
27	99	26
27	103	38
27	159	71
27	82	31
27	67	22
27	112	41
27	101	43
27	97	31
27	40	92
27	39	14
27	128	17
27	161	46
27	149	9
27	96	67
27	107	50
27	30	18
27	139	63
27	165	10
27	33	90
27	37	89
27	102	86
27	44	17
27	144	45
27	140	70
27	84	71
27	38	96
27	160	12
27	98	57
27	46	37
27	141	88
27	68	33
27	52	25
27	119	65
27	90	36
27	69	50
27	100	12
27	51	54
27	153	71
27	122	100
27	92	25
27	74	50
27	118	52
27	137	67
27	179	32
27	73	23
27	120	90
27	178	24
28	150	72
28	80	21
28	83	35
28	137	33
28	162	79
28	73	89
28	155	34
28	84	56
28	94	70
28	105	25
28	87	39
28	139	80
28	135	51
28	122	45
28	131	71
28	33	14
28	82	72
28	149	48
28	32	61
28	81	7
28	91	95
28	77	42
28	74	27
28	151	78
28	138	47
28	140	20
28	79	72
28	110	26
28	147	17
28	92	93
28	101	84
28	115	78
28	117	89
28	128	56
28	165	54
28	123	35
28	93	22
28	107	12
28	130	52
28	37	12
28	141	67
28	38	75
28	125	67
28	158	61
28	34	42
28	159	91
28	114	77
28	42	72
28	157	90
28	49	29
28	153	39
28	70	73
28	108	82
28	31	41
28	76	15
28	127	20
28	96	24
28	144	74
28	47	87
28	45	25
28	145	97
28	51	21
28	46	53
28	134	50
28	43	70
28	48	56
28	132	85
28	53	18
28	40	96
28	50	29
28	161	50
28	90	10
28	63	84
28	116	62
28	173	77
29	152	87
29	96	83
29	146	83
29	73	6
29	85	84
29	116	8
29	150	38
29	168	71
29	139	61
29	87	29
29	138	95
29	135	20
29	158	21
29	155	38
29	145	65
29	143	98
29	70	58
29	101	46
29	95	28
29	147	57
29	39	58
29	98	59
29	115	14
29	133	80
29	148	23
29	151	17
29	153	43
29	40	89
29	111	15
29	113	23
29	41	34
29	43	57
29	30	7
29	97	44
29	108	80
29	118	24
29	46	53
29	42	11
29	127	30
29	33	41
29	100	70
29	86	57
29	125	96
29	31	40
29	50	82
29	156	51
29	47	27
29	72	45
29	144	73
29	131	42
29	157	29
29	160	26
29	167	66
29	109	44
29	56	99
29	71	93
29	107	20
29	163	49
29	169	93
29	119	30
29	121	69
29	154	46
29	90	24
29	165	44
29	166	21
29	36	10
29	117	92
29	80	94
29	65	7
29	177	27
29	62	54
29	81	30
30	170	90
30	117	46
30	82	83
30	152	82
30	79	65
30	101	53
30	167	98
30	86	45
30	109	58
30	111	26
30	88	68
30	135	67
30	138	81
30	74	10
30	140	48
30	141	9
30	139	58
30	154	45
30	128	39
30	37	17
30	166	93
30	33	6
30	89	53
30	99	54
30	108	37
30	146	74
30	96	77
30	106	74
30	41	81
30	95	59
30	133	84
30	157	49
30	38	75
30	113	30
30	103	39
30	136	24
30	169	86
30	124	64
30	137	86
30	80	19
30	98	28
30	81	15
30	49	88
30	134	51
30	132	94
30	145	17
30	104	26
30	36	16
30	45	68
30	122	68
30	118	86
30	83	100
30	94	66
30	90	58
30	46	25
30	77	60
30	34	49
30	31	34
30	39	85
30	143	6
30	131	31
30	53	59
30	76	35
30	144	17
30	178	89
30	57	22
30	92	76
30	64	39
30	150	17
30	97	92
30	84	12
31	165	32
31	79	20
31	93	97
31	109	47
31	116	11
31	74	92
31	95	86
31	144	21
31	149	16
31	99	11
31	88	61
31	140	8
31	166	64
31	133	14
31	119	46
31	160	83
31	112	98
31	126	48
31	91	34
31	135	66
31	78	38
31	108	65
31	110	68
31	73	94
31	83	70
31	98	52
31	150	41
31	130	54
31	129	93
31	123	66
31	35	52
31	137	36
31	111	47
31	161	82
31	152	86
31	75	90
31	151	24
31	127	46
31	145	52
31	153	7
31	38	67
31	49	50
31	142	56
31	148	26
31	34	63
31	40	42
31	37	15
31	155	24
31	158	91
31	164	6
31	50	84
31	162	81
31	132	9
31	105	67
31	56	77
31	157	30
31	64	68
31	125	52
31	81	28
31	113	55
31	131	93
31	58	5
31	52	19
31	179	85
32	81	44
32	82	81
32	121	95
32	34	80
32	89	60
32	122	84
32	136	55
32	75	47
32	169	74
32	99	11
32	162	65
32	164	18
32	108	80
32	110	12
32	104	7
32	157	24
32	135	58
32	167	20
32	152	52
32	132	50
32	159	100
32	150	50
32	161	58
32	103	91
32	84	73
32	137	27
32	153	96
32	142	88
32	156	63
32	172	71
32	125	81
32	139	32
32	163	18
32	124	36
32	93	56
32	44	55
32	90	7
32	42	6
32	47	89
32	51	72
32	85	43
32	58	70
32	48	19
32	111	70
32	126	22
32	72	33
32	127	16
32	112	37
32	100	59
32	149	87
32	148	66
32	170	19
32	140	41
32	154	54
32	74	63
32	52	34
32	59	12
32	114	76
32	141	8
32	145	64
32	56	47
33	150	58
33	129	77
33	161	54
33	112	83
33	154	60
33	125	96
33	123	96
33	140	71
33	160	18
33	167	65
33	114	96
33	91	17
33	136	96
33	92	57
33	146	42
33	163	46
33	88	91
33	121	47
33	149	91
33	159	77
33	147	8
33	81	72
33	45	29
33	105	99
33	108	69
33	142	52
33	151	23
33	41	54
33	135	67
33	86	40
33	118	15
33	115	63
33	133	72
33	38	72
33	43	81
33	145	47
33	56	93
33	93	80
33	134	60
33	82	59
33	47	89
33	98	23
33	144	8
33	166	84
33	164	17
33	148	9
33	97	83
33	60	11
33	89	46
33	157	59
33	52	71
33	155	55
33	172	99
33	168	97
33	90	69
33	102	72
33	35	85
33	44	58
33	120	58
33	113	39
33	107	35
33	156	31
33	162	28
33	124	63
34	160	81
34	74	50
34	168	38
34	135	79
34	119	19
34	35	68
34	83	19
34	149	67
34	76	41
34	101	46
34	77	91
34	99	87
34	134	100
34	145	60
34	157	64
34	102	73
34	167	23
34	130	58
34	87	37
34	43	53
34	124	24
34	174	26
34	125	10
34	82	89
34	109	68
34	79	8
34	144	13
34	112	81
34	150	98
34	44	94
34	98	75
34	139	60
34	45	56
34	49	54
34	151	66
34	165	64
34	91	21
34	88	57
34	90	43
34	147	98
34	107	44
34	121	87
34	170	83
34	62	88
34	111	71
34	97	80
34	75	93
34	163	80
34	173	15
34	162	55
34	40	35
34	159	67
34	39	61
34	153	75
34	169	76
34	155	79
34	63	73
34	156	96
34	123	26
34	113	58
34	48	58
34	158	34
35	124	99
35	95	16
35	149	80
35	147	60
35	109	62
35	130	74
35	100	32
35	83	41
35	118	24
35	94	81
35	103	79
35	133	37
35	161	19
35	162	78
35	98	44
35	152	23
35	96	15
35	97	15
35	144	62
35	80	6
35	106	30
35	148	25
35	153	34
35	41	27
35	129	98
35	85	91
35	151	21
35	42	8
35	156	56
35	92	80
35	75	100
35	131	29
35	123	82
35	164	58
35	137	93
35	47	91
35	112	37
35	119	77
35	111	35
35	159	92
35	81	72
35	141	90
35	171	44
35	45	13
35	59	27
35	76	47
35	115	100
35	125	89
35	120	22
35	78	83
35	173	24
35	127	61
35	82	11
35	43	13
35	113	61
35	168	46
35	62	51
35	121	38
35	55	80
35	116	32
35	110	34
35	146	97
35	150	68
35	37	81
35	72	53
35	67	64
35	122	23
35	140	25
36	107	21
36	135	92
36	109	68
36	106	68
36	153	68
36	133	68
36	142	60
36	92	52
36	93	6
36	41	22
36	137	39
36	139	98
36	86	34
36	42	88
36	116	80
36	122	16
36	100	73
36	111	21
36	165	88
36	113	26
36	39	89
36	164	54
36	77	55
36	132	10
36	168	89
36	176	18
36	110	5
36	37	28
36	146	6
36	126	56
36	52	11
36	170	99
36	158	15
36	118	36
36	44	99
36	125	24
36	123	19
36	96	96
36	98	18
36	131	14
36	147	63
36	150	81
36	80	62
36	78	13
36	169	13
36	112	33
36	87	33
36	162	42
36	81	77
36	88	39
36	145	70
36	49	68
36	65	44
36	99	83
36	149	27
36	53	66
36	38	24
36	134	21
36	130	50
36	138	23
36	172	85
36	76	69
36	101	43
36	57	79
36	62	63
36	171	98
37	91	86
37	140	11
37	85	55
37	107	39
37	159	13
37	109	70
37	145	93
37	97	62
37	116	86
37	136	65
37	161	36
37	110	19
37	106	17
37	126	78
37	131	16
37	86	34
37	177	34
37	169	5
37	49	67
37	144	10
37	44	43
37	114	60
37	133	26
37	134	98
37	98	12
37	38	38
37	150	79
37	156	21
37	118	89
37	113	11
37	112	19
37	170	17
37	146	90
37	84	96
37	132	57
37	57	7
37	99	88
37	135	25
37	152	6
37	60	52
37	47	71
37	165	74
37	173	87
37	175	22
37	94	30
37	137	47
37	105	39
37	154	42
37	52	84
37	125	84
37	149	57
37	65	32
37	155	49
37	64	17
37	172	57
37	121	76
37	143	66
37	53	53
37	59	20
37	66	99
37	87	30
37	127	20
37	61	46
37	46	90
37	111	52
37	41	20
37	124	49
37	174	20
37	55	42
37	83	41
37	153	44
37	54	70
37	166	34
37	151	58
38	89	75
38	110	34
38	153	47
38	119	43
38	149	28
38	122	24
38	96	62
38	121	97
38	150	70
38	152	98
38	175	70
38	111	73
38	100	18
38	102	52
38	140	16
38	91	95
38	46	75
38	95	79
38	120	11
38	44	83
38	151	56
38	128	90
38	147	93
38	145	47
38	84	78
38	39	63
38	156	48
38	163	77
38	177	84
38	136	31
38	165	93
38	40	41
38	79	83
38	144	85
38	137	78
38	160	85
38	157	11
38	123	67
38	42	7
38	126	96
38	155	76
38	164	92
38	130	9
38	171	69
38	51	29
38	101	54
38	176	44
38	124	67
38	61	21
38	50	75
38	135	31
38	125	37
38	78	95
38	48	8
38	138	9
38	52	86
38	54	96
38	167	41
38	99	24
38	112	72
38	131	90
38	49	41
38	65	7
38	134	51
38	63	59
38	162	68
38	104	57
38	68	99
39	114	99
39	150	78
39	157	78
39	158	24
39	171	35
39	122	26
39	121	8
39	42	33
39	111	63
39	108	9
39	96	24
39	147	26
39	152	100
39	44	75
39	83	62
39	153	60
39	178	46
39	93	83
39	109	46
39	132	97
39	110	89
39	135	79
39	116	97
39	99	64
39	145	12
39	138	13
39	168	25
39	120	39
39	179	41
39	119	75
39	45	59
39	141	46
39	156	45
39	175	69
39	98	51
39	160	13
39	167	66
39	106	54
39	162	50
39	60	28
39	63	57
39	90	97
39	95	72
39	50	38
39	163	12
39	87	8
39	92	46
39	173	10
39	136	74
39	164	34
39	51	22
39	68	49
39	101	92
39	62	44
39	81	50
39	151	6
39	97	43
39	149	97
39	80	65
39	131	55
39	86	81
39	89	19
39	55	23
39	126	43
39	142	81
39	125	65
39	105	26
40	145	53
40	147	69
40	169	94
40	116	27
40	144	90
40	82	64
40	141	90
40	123	39
40	137	15
40	158	37
40	114	45
40	86	80
40	92	87
40	100	44
40	133	89
40	121	18
40	87	34
40	128	32
40	120	81
40	84	40
40	113	71
40	124	21
40	130	94
40	166	73
40	171	8
40	154	87
40	173	15
40	159	97
40	165	89
40	97	97
40	138	58
40	168	65
40	143	65
40	162	58
40	94	80
40	131	63
40	149	12
40	175	78
40	91	15
40	179	22
40	111	16
40	47	6
40	119	74
40	89	80
40	57	64
40	101	85
40	83	59
40	110	24
40	95	59
40	151	87
40	44	85
40	174	35
40	126	30
40	107	33
40	90	69
40	51	73
40	63	71
40	176	82
40	69	27
40	43	79
40	85	62
40	122	70
40	178	64
40	58	82
40	139	68
40	75	15
40	152	22
40	164	16
40	118	37
40	146	38
40	142	45
40	157	84
41	106	41
41	130	58
41	92	37
41	154	34
41	104	97
41	138	22
41	101	92
41	136	29
41	127	14
41	152	60
41	132	51
41	156	60
41	117	85
41	126	35
41	49	32
41	81	64
41	128	24
41	176	18
41	149	86
41	134	23
41	170	12
41	172	64
41	105	34
41	122	64
41	147	40
41	120	96
41	171	7
41	102	60
41	103	79
41	111	93
41	85	28
41	51	48
41	155	59
41	129	38
41	142	57
41	44	98
41	108	57
41	109	60
41	164	70
41	57	93
41	179	39
41	48	87
41	84	59
41	52	21
41	123	21
41	54	55
41	160	27
41	141	90
41	65	35
41	46	71
41	83	48
41	137	15
41	53	62
41	88	74
41	166	34
41	47	56
41	82	66
41	162	55
41	165	98
41	174	77
41	178	70
41	112	48
41	157	20
41	124	73
41	148	93
42	177	5
42	128	33
42	169	11
42	159	96
42	135	26
42	100	83
42	131	20
42	139	58
42	143	68
42	102	82
42	146	63
42	90	66
42	106	85
42	161	13
42	103	9
42	111	53
42	44	41
42	170	66
42	157	26
42	165	97
42	140	60
42	93	59
42	160	62
42	107	22
42	109	46
42	122	47
42	52	15
42	84	66
42	105	30
42	117	51
42	85	66
42	130	8
42	56	100
42	175	55
42	96	57
42	99	60
42	145	32
42	121	99
42	127	47
42	98	63
42	137	55
42	148	65
42	156	15
42	123	12
42	60	53
42	144	41
42	65	58
42	142	27
42	62	73
42	101	61
42	153	34
42	124	96
42	74	86
42	171	94
42	134	99
42	167	74
42	73	57
42	83	81
42	82	95
42	155	76
42	173	11
42	104	24
43	133	67
43	111	30
43	167	15
43	92	41
43	90	18
43	148	90
43	45	78
43	141	18
43	97	47
43	130	93
43	47	86
43	134	71
43	127	67
43	142	94
43	96	20
43	48	62
43	119	65
43	139	83
43	135	94
43	120	22
43	126	33
43	176	94
43	98	13
43	121	65
43	99	9
43	87	51
43	58	86
43	118	57
43	144	82
43	84	10
43	169	45
43	122	10
43	168	8
43	146	95
43	104	95
43	178	92
43	147	29
43	57	25
43	162	9
43	140	61
43	143	26
43	123	89
43	55	10
43	151	10
43	177	41
43	94	33
43	101	16
43	63	28
43	175	77
43	88	65
43	100	18
43	173	22
43	103	58
43	59	76
43	83	72
43	136	35
43	164	9
43	53	93
43	145	28
43	138	65
43	93	40
43	91	71
43	166	59
43	77	96
43	171	32
43	46	65
43	62	66
43	155	61
43	157	74
44	165	80
44	89	16
44	99	13
44	102	6
44	132	44
44	175	35
44	117	47
44	144	32
44	157	41
44	124	68
44	127	8
44	128	13
44	93	49
44	90	25
44	161	94
44	179	46
44	139	10
44	163	12
44	174	73
44	50	16
44	106	16
44	101	26
44	164	48
44	155	84
44	162	91
44	110	51
44	126	21
44	147	23
44	95	56
44	121	61
44	176	80
44	48	7
44	135	34
44	151	66
44	45	32
44	167	51
44	53	37
44	112	56
44	129	97
44	123	88
44	96	85
44	84	54
44	85	78
44	46	98
44	133	39
44	51	94
44	177	25
44	56	34
44	160	86
44	109	72
44	122	46
44	152	5
44	142	70
44	47	92
44	67	67
44	173	17
44	92	64
44	55	27
44	131	96
44	98	50
44	137	25
44	149	35
44	87	100
44	91	47
44	60	95
44	70	54
44	59	38
44	97	32
44	107	51
44	170	35
44	136	70
45	178	69
45	157	17
45	99	54
45	112	73
45	126	43
45	100	18
45	130	29
45	172	38
45	179	48
45	46	7
45	95	18
45	127	9
45	128	18
45	138	18
45	93	63
45	158	15
45	145	56
45	168	48
45	166	97
45	162	35
45	113	55
45	118	65
45	49	75
45	116	24
45	120	86
45	98	33
45	57	43
45	115	63
45	119	53
45	154	78
45	174	36
45	173	14
45	85	15
45	52	23
45	51	60
45	88	56
45	139	36
45	164	56
45	165	87
45	108	66
45	101	95
45	125	74
45	159	91
45	132	29
45	50	38
45	143	38
45	163	22
45	121	14
45	106	25
45	114	41
45	170	37
45	110	100
45	142	45
45	72	75
45	94	99
45	148	13
45	161	26
45	71	73
45	129	60
45	107	60
45	123	39
45	167	11
45	62	100
45	141	63
46	161	68
46	101	70
46	148	32
46	95	34
46	156	79
46	160	10
46	159	12
46	165	17
46	168	11
46	97	22
46	140	30
46	53	55
46	145	83
46	130	82
46	149	62
46	170	11
46	147	43
46	105	84
46	90	64
46	51	91
46	163	46
46	48	83
46	107	69
46	136	29
46	154	71
46	117	40
46	56	14
46	93	50
46	121	55
46	142	19
46	143	25
46	98	34
46	59	67
46	126	16
46	54	18
46	155	96
46	124	25
46	138	52
46	131	25
46	66	30
46	70	97
46	146	91
46	169	97
46	128	16
46	55	84
46	134	100
46	57	90
46	108	99
46	127	77
46	49	67
46	152	83
46	162	18
46	60	90
46	133	72
46	129	26
46	137	98
46	176	76
46	63	76
46	89	87
46	62	38
46	120	13
46	125	49
47	107	89
47	177	94
47	103	22
47	121	39
47	98	47
47	108	41
47	162	77
47	94	42
47	134	59
47	166	57
47	176	79
47	52	41
47	105	14
47	157	40
47	163	15
47	145	16
47	130	91
47	164	55
47	158	44
47	109	80
47	95	46
47	51	30
47	120	57
47	160	40
47	122	62
47	113	6
47	114	5
47	87	84
47	131	84
47	126	7
47	170	12
47	125	82
47	99	15
47	92	35
47	65	34
47	115	66
47	69	35
47	150	38
47	179	46
47	169	86
47	140	80
47	171	73
47	72	78
47	123	35
47	127	87
47	57	12
47	132	57
47	153	97
47	156	81
47	67	14
47	152	74
47	60	65
47	141	82
47	50	55
47	146	90
48	161	93
48	174	40
48	136	43
48	130	54
48	109	53
48	148	79
48	124	77
48	176	21
48	100	99
48	49	35
48	131	47
48	107	38
48	88	30
48	95	12
48	177	60
48	149	47
48	101	86
48	151	32
48	57	23
48	116	60
48	127	73
48	165	59
48	103	90
48	142	32
48	56	36
48	153	65
48	125	38
48	164	75
48	143	89
48	92	45
48	135	87
48	163	29
48	140	13
48	172	24
48	104	82
48	120	55
48	110	87
48	98	88
48	126	53
48	65	70
48	115	5
48	173	90
48	175	22
48	132	12
48	94	91
48	108	99
48	133	71
48	158	55
48	112	59
48	76	31
48	69	20
48	117	26
48	50	47
48	157	98
48	73	16
48	91	40
48	80	17
48	90	86
48	138	5
48	71	25
48	106	45
48	79	82
49	137	26
49	134	16
49	140	11
49	112	42
49	163	40
49	175	30
49	139	8
49	132	20
49	50	89
49	171	90
49	99	92
49	95	14
49	150	43
49	107	68
49	143	54
49	93	61
49	176	87
49	114	51
49	156	31
49	97	40
49	147	53
49	157	42
49	136	28
49	141	60
49	165	75
49	56	86
49	102	95
49	164	45
49	172	57
49	63	59
49	52	33
49	54	7
49	100	88
49	55	83
49	131	75
49	133	58
49	73	9
49	126	25
49	101	87
49	90	91
49	135	31
49	76	38
49	120	45
49	153	94
49	111	99
49	151	81
49	177	72
49	124	43
49	110	71
49	122	38
49	53	42
49	169	75
49	64	72
49	94	13
49	125	83
49	61	86
49	160	7
49	81	28
49	58	11
49	128	58
50	97	94
50	132	21
50	166	89
50	52	32
50	124	77
50	102	67
50	151	37
50	179	30
50	158	67
50	171	30
50	157	79
50	99	33
50	113	16
50	55	84
50	143	25
50	109	23
50	128	51
50	121	39
50	123	53
50	154	10
50	62	10
50	57	71
50	115	27
50	172	97
50	59	78
50	127	70
50	173	91
50	51	37
50	138	42
50	108	27
50	140	49
50	61	29
50	114	16
50	104	96
50	98	6
50	118	15
50	105	16
50	130	70
50	168	37
50	161	42
50	116	41
50	147	14
50	152	28
50	70	13
50	141	53
50	81	64
50	159	43
50	73	33
50	134	22
50	90	90
50	95	72
50	148	16
50	75	28
50	96	16
50	137	59
50	142	70
50	64	87
50	112	36
50	144	35
50	175	69
51	105	74
51	95	85
51	97	51
51	173	21
51	102	80
51	92	13
51	174	60
51	107	39
51	113	61
51	165	55
51	119	57
51	159	10
51	146	23
51	138	82
51	160	57
51	129	61
51	54	91
51	134	49
51	58	70
51	156	58
51	176	11
51	52	20
51	179	32
51	55	89
51	99	73
51	108	49
51	104	60
51	139	20
51	166	36
51	127	60
51	121	50
51	101	9
51	120	43
51	112	99
51	94	64
51	103	47
51	100	66
51	147	64
51	65	65
51	140	53
51	172	20
51	53	34
51	72	78
51	75	70
51	153	64
51	171	53
51	93	100
51	66	23
51	70	30
51	98	92
51	114	77
51	144	94
51	177	54
51	61	21
51	77	29
51	137	88
51	79	50
51	142	78
51	157	93
51	64	6
52	125	83
52	134	98
52	179	61
52	148	43
52	164	46
52	54	24
52	108	53
52	156	29
52	93	25
52	100	95
52	102	59
52	163	17
52	120	96
52	106	41
52	157	46
52	119	41
52	165	37
52	96	32
52	123	10
52	144	34
52	131	34
52	56	69
52	114	12
52	60	62
52	113	91
52	59	22
52	126	27
52	166	6
52	68	40
52	162	77
52	62	64
52	112	54
52	141	70
52	146	40
52	153	40
52	95	47
52	159	79
52	111	51
52	143	73
52	58	81
52	121	29
52	107	23
52	160	44
52	130	49
52	127	74
52	67	85
52	109	57
52	174	27
52	147	46
52	97	13
52	75	38
52	63	86
52	53	5
52	169	82
52	110	18
52	118	6
52	83	32
52	65	32
52	74	89
52	140	52
52	142	10
52	86	69
52	104	24
52	128	30
52	76	52
52	89	76
52	172	63
52	72	52
53	118	93
53	142	100
53	125	57
53	164	57
53	98	72
53	167	27
53	104	52
53	117	96
53	126	7
53	136	66
53	170	50
53	135	52
53	163	54
53	150	40
53	144	30
53	112	8
53	124	24
53	96	6
53	139	45
53	133	22
53	102	27
53	95	33
53	101	36
53	165	68
53	146	59
53	156	87
53	67	29
53	68	27
53	58	96
53	137	16
53	62	97
53	120	39
53	149	24
53	152	82
53	57	18
53	177	58
53	66	50
53	171	14
53	59	26
53	169	50
53	129	88
53	109	51
53	115	17
53	168	87
53	119	14
53	111	33
53	151	54
53	153	36
53	71	61
53	178	19
53	175	21
53	154	43
53	143	71
53	155	93
53	93	27
53	110	36
53	69	15
53	91	36
53	88	7
53	162	69
54	141	100
54	112	14
54	105	32
54	96	60
54	159	7
54	135	42
54	170	59
54	128	88
54	168	78
54	121	90
54	123	32
54	109	88
54	175	61
54	113	26
54	126	94
54	160	21
54	102	77
54	129	6
54	125	74
54	136	15
54	169	37
54	63	39
54	174	79
54	59	8
54	145	46
54	164	79
54	98	70
54	104	67
54	110	31
54	153	16
54	166	60
54	177	57
54	68	59
54	147	52
54	158	97
54	144	25
54	172	33
54	76	81
54	95	76
54	142	86
54	55	34
54	119	15
54	67	60
54	78	50
54	131	55
54	178	30
54	154	5
54	124	26
54	56	44
54	167	74
54	107	23
54	116	29
54	179	64
54	138	88
54	165	58
54	79	19
54	118	93
54	70	27
54	81	50
54	85	74
54	74	53
54	77	29
55	103	94
55	140	70
55	131	85
55	176	43
55	154	27
55	161	32
55	109	26
55	177	66
55	119	28
55	122	54
55	132	84
55	97	66
55	152	88
55	124	7
55	115	66
55	153	88
55	125	86
55	139	78
55	101	55
55	126	20
55	62	74
55	137	93
55	173	22
55	168	52
55	141	21
55	68	60
55	128	31
55	164	98
55	100	68
55	120	15
55	147	71
55	162	17
55	178	42
55	110	23
55	146	99
55	150	92
55	148	73
55	96	81
55	59	94
55	60	28
55	107	66
55	69	79
55	78	78
55	64	47
55	82	53
55	95	32
55	130	34
55	129	48
55	76	48
55	104	68
55	108	42
55	72	9
55	66	20
55	106	10
55	171	44
55	63	49
55	67	99
55	85	27
55	167	15
55	114	36
55	159	91
55	112	94
56	145	32
56	129	24
56	177	41
56	173	90
56	115	76
56	96	81
56	161	77
56	108	55
56	151	6
56	138	12
56	139	55
56	97	83
56	153	36
56	168	39
56	126	80
56	61	20
56	163	34
56	133	33
56	146	47
56	101	22
56	130	72
56	160	23
56	98	12
56	127	11
56	150	93
56	70	60
56	125	44
56	158	82
56	116	90
56	128	36
56	178	14
56	65	55
56	155	37
56	169	48
56	100	61
56	120	71
56	119	38
56	136	28
56	164	30
56	137	21
56	174	18
56	77	34
56	104	59
56	154	12
56	76	39
56	106	58
56	132	5
56	142	40
56	67	91
56	82	12
56	123	98
56	134	62
56	149	30
56	62	45
56	171	26
56	57	73
56	89	56
56	179	27
56	121	39
56	122	67
56	91	98
56	85	63
57	123	65
57	137	80
57	111	26
57	113	16
57	178	44
57	114	13
57	120	6
57	140	82
57	155	22
57	168	73
57	146	96
57	142	17
57	158	73
57	151	69
57	161	45
57	67	12
57	68	73
57	101	20
57	135	9
57	148	45
57	60	31
57	102	24
57	100	30
57	115	35
57	139	60
57	64	64
57	125	59
57	136	75
57	164	14
57	61	86
57	71	85
57	106	38
57	116	57
57	63	85
57	97	43
57	167	88
57	133	46
57	172	23
57	59	29
57	127	84
57	128	27
57	107	37
57	126	61
57	121	21
57	98	82
57	130	55
57	73	91
57	105	87
57	124	15
57	122	86
57	108	58
57	87	52
57	154	27
57	66	67
57	77	76
58	99	49
58	149	91
58	148	74
58	102	55
58	155	23
58	129	17
58	168	60
58	162	91
58	105	75
58	125	21
58	59	82
58	126	92
58	127	74
58	66	79
58	67	35
58	130	47
58	154	82
58	116	86
58	113	43
58	114	63
58	179	92
58	100	79
58	121	54
58	145	18
58	159	61
58	161	39
58	134	14
58	175	61
58	107	23
58	119	55
58	157	84
58	165	24
58	170	87
58	76	98
58	166	80
58	143	31
58	109	7
58	140	32
58	150	76
58	133	95
58	139	69
58	120	89
58	79	98
58	71	44
58	82	20
58	75	52
58	160	14
58	136	42
58	174	24
58	176	99
58	115	85
58	74	50
58	158	49
58	177	25
58	85	79
58	151	28
58	164	86
58	91	61
58	110	92
58	163	78
58	83	36
58	60	54
59	119	95
59	165	81
59	171	62
59	106	67
59	102	86
59	134	15
59	99	26
59	103	90
59	131	19
59	155	54
59	149	83
59	118	71
59	168	47
59	166	96
59	135	81
59	160	65
59	117	53
59	109	63
59	125	67
59	159	34
59	179	93
59	60	15
59	65	60
59	138	33
59	126	15
59	73	73
59	130	27
59	144	29
59	163	37
59	137	56
59	76	28
59	78	83
59	116	99
59	172	90
59	157	72
59	153	34
59	112	53
59	113	65
59	68	66
59	142	60
59	120	26
59	100	35
59	162	56
59	111	8
59	107	58
59	158	40
59	110	7
59	72	63
59	156	58
59	104	86
59	133	38
59	150	6
59	96	76
60	161	21
60	122	28
60	63	10
60	105	15
60	125	75
60	160	20
60	100	30
60	66	45
60	129	77
60	110	8
60	177	42
60	158	8
60	144	48
60	118	79
60	61	25
60	142	84
60	107	65
60	141	19
60	127	46
60	115	18
60	153	18
60	176	32
60	145	51
60	146	58
60	154	98
60	119	55
60	152	45
60	68	26
60	65	38
60	72	33
60	134	42
60	130	57
60	76	32
60	104	88
60	167	73
60	89	15
60	140	23
60	102	16
60	121	46
60	78	7
60	111	64
60	128	64
60	148	61
60	147	78
60	179	99
60	64	99
60	150	89
60	169	30
60	80	20
61	168	44
61	173	39
61	160	72
61	110	73
61	128	8
61	163	50
61	107	8
61	162	31
61	118	88
61	65	98
61	138	34
61	103	54
61	171	7
61	153	87
61	141	81
61	147	91
61	133	44
61	146	76
61	71	24
61	129	90
61	177	50
61	67	70
61	176	70
61	64	10
61	159	89
61	167	53
61	68	79
61	106	53
61	145	90
61	130	85
61	80	20
61	81	65
61	178	83
61	84	87
61	139	65
61	157	27
61	102	66
61	124	46
61	156	73
61	137	84
61	151	51
61	172	27
61	86	34
61	148	22
61	174	75
61	72	50
61	75	64
61	116	73
61	87	20
61	142	69
61	150	5
61	95	31
61	109	63
61	94	16
61	66	79
61	74	14
61	123	99
61	170	81
62	177	8
62	172	61
62	160	6
62	147	5
62	117	46
62	167	66
62	114	73
62	171	10
62	139	28
62	163	85
62	134	69
62	142	94
62	123	23
62	173	93
62	129	97
62	175	46
62	69	15
62	102	22
62	143	86
62	152	73
62	164	6
62	161	83
62	113	12
62	110	99
62	132	34
62	133	82
62	127	44
62	155	49
62	131	53
62	179	26
62	145	84
62	159	28
62	162	78
62	112	50
62	115	34
62	122	18
62	130	56
62	146	6
62	170	68
62	178	78
62	104	72
62	77	71
62	109	18
62	144	88
62	107	50
62	85	63
62	151	22
62	137	6
62	82	92
62	73	7
62	106	16
63	112	92
63	131	69
63	170	24
63	104	28
63	162	99
63	137	41
63	149	78
63	153	35
63	119	24
63	64	90
63	106	67
63	68	49
63	118	96
63	143	25
63	144	43
63	126	80
63	133	68
63	173	86
63	129	26
63	171	76
63	108	93
63	114	11
63	165	81
63	111	7
63	158	12
63	75	44
63	80	78
63	177	79
63	66	48
63	127	7
63	113	61
63	132	82
63	123	39
63	167	91
63	120	80
63	146	83
63	147	59
63	176	99
63	140	98
63	74	47
63	168	65
63	76	91
63	151	63
63	178	89
63	110	67
63	115	6
63	78	49
63	138	67
63	172	28
63	152	22
63	95	86
63	98	90
63	101	65
64	177	46
64	145	12
64	157	59
64	117	54
64	164	20
64	128	78
64	152	7
64	141	59
64	155	50
64	109	12
64	124	78
64	146	96
64	125	86
64	120	68
64	133	28
64	158	78
64	119	40
64	169	28
64	68	75
64	163	33
64	127	59
64	75	93
64	76	12
64	167	68
64	112	74
64	122	81
64	153	17
64	140	98
64	77	90
64	110	12
64	171	31
64	121	97
64	115	99
64	151	9
64	162	96
64	172	58
64	88	39
64	89	69
64	85	59
64	149	92
64	86	82
64	106	13
64	154	22
64	69	33
64	131	36
64	150	90
64	80	24
64	87	54
64	135	37
64	65	16
64	92	62
64	96	44
64	114	65
65	129	80
65	163	35
65	132	24
65	120	40
65	145	59
65	141	59
65	151	48
65	71	38
65	130	15
65	119	95
65	152	31
65	158	50
65	167	89
65	143	45
65	111	81
65	166	56
65	144	57
65	137	38
65	106	60
65	176	96
65	142	56
65	75	45
65	72	99
65	161	54
65	172	65
65	105	41
65	126	5
65	77	75
65	70	28
65	112	73
65	69	76
65	170	7
65	133	83
65	89	98
65	114	77
65	179	84
65	123	95
65	156	56
65	78	56
65	67	6
65	128	45
65	80	85
65	68	7
65	131	66
65	95	37
65	139	68
65	84	84
65	101	94
65	127	32
65	117	58
65	86	34
66	136	46
66	154	21
66	151	26
66	163	30
66	162	16
66	107	92
66	140	42
66	108	93
66	119	23
66	158	37
66	110	61
66	114	11
66	109	15
66	168	90
66	106	18
66	130	65
66	175	53
66	169	49
66	131	28
66	155	95
66	115	8
66	166	33
66	128	11
66	173	98
66	81	7
66	124	22
66	172	58
66	127	61
66	159	41
66	134	82
66	142	47
66	77	12
66	84	53
66	161	71
66	125	26
66	176	71
66	157	79
66	121	43
66	118	31
66	80	63
66	152	66
66	67	12
66	117	75
66	153	93
66	71	75
66	79	21
66	126	31
66	122	19
66	146	64
66	83	38
66	139	37
66	112	80
66	75	88
66	82	14
66	170	72
66	88	42
66	99	79
67	158	36
67	123	22
67	179	57
67	126	43
67	113	99
67	142	50
67	129	89
67	118	57
67	120	84
67	70	38
67	166	56
67	122	6
67	152	53
67	110	20
67	133	56
67	162	41
67	125	61
67	172	65
67	139	85
67	116	28
67	127	51
67	81	40
67	112	19
67	71	18
67	130	33
67	160	30
67	148	92
67	147	66
67	151	61
67	153	27
67	161	89
67	167	89
67	159	65
67	137	90
67	91	95
67	177	81
67	150	96
67	75	82
67	128	54
67	80	61
67	94	6
67	99	75
67	141	50
67	92	31
67	132	85
67	124	60
67	131	75
67	144	16
68	133	30
68	165	71
68	132	53
68	114	79
68	120	56
68	160	61
68	109	79
68	175	31
68	151	37
68	127	28
68	141	84
68	116	47
68	112	91
68	131	58
68	155	90
68	78	97
68	118	99
68	148	43
68	177	15
68	117	45
68	124	6
68	154	11
68	163	57
68	174	97
68	72	6
68	111	59
68	149	53
68	161	64
68	113	98
68	81	94
68	134	45
68	87	39
68	156	18
68	110	54
68	108	22
68	178	16
68	86	84
68	91	9
68	150	99
68	167	73
68	179	37
68	69	21
68	152	46
68	169	93
68	79	65
68	84	89
68	76	69
68	129	44
68	92	37
68	157	55
68	153	32
68	173	8
68	70	79
68	94	9
68	145	12
68	146	91
68	102	85
68	128	70
69	109	99
69	132	83
69	172	38
69	145	67
69	138	45
69	148	56
69	168	33
69	70	22
69	128	45
69	121	12
69	74	68
69	179	6
69	79	69
69	139	35
69	120	94
69	170	97
69	136	52
69	159	51
69	124	9
69	151	80
69	153	83
69	162	69
69	155	14
69	174	44
69	149	57
69	173	25
69	71	33
69	147	72
69	169	42
69	114	15
69	80	56
69	161	67
69	171	56
69	81	61
69	77	82
69	115	86
69	119	80
69	73	15
69	146	60
69	165	42
69	118	10
69	75	19
69	167	57
69	129	24
69	140	43
69	122	16
69	82	69
69	87	11
70	178	97
70	144	58
70	176	38
70	170	22
70	145	95
70	174	49
70	119	6
70	137	100
70	113	60
70	125	83
70	133	80
70	159	32
70	165	44
70	169	61
70	134	60
70	131	58
70	116	45
70	132	94
70	149	82
70	167	35
70	146	74
70	78	54
70	110	36
70	121	50
70	175	37
70	86	59
70	83	87
70	122	11
70	161	33
70	138	41
70	117	59
70	112	23
70	157	31
70	88	13
70	150	74
70	140	55
70	163	55
70	142	54
70	90	58
70	128	94
70	85	20
70	120	72
70	130	83
70	166	48
70	171	51
70	179	40
70	89	51
70	160	29
70	95	49
70	141	66
70	154	61
70	136	72
70	87	95
71	118	76
71	119	88
71	179	61
71	117	5
71	125	41
71	138	22
71	135	14
71	115	57
71	121	24
71	178	18
71	137	50
71	142	74
71	81	91
71	122	77
71	78	51
71	79	63
71	156	28
71	168	74
71	131	41
71	150	19
71	152	46
71	112	17
71	76	54
71	162	71
71	123	51
71	166	86
71	87	50
71	177	99
71	163	16
71	164	31
71	127	37
71	89	21
71	113	74
71	84	21
71	128	47
71	93	99
71	143	38
71	73	44
71	80	24
71	77	50
71	153	56
71	114	31
71	85	91
71	148	10
72	177	36
72	130	93
72	152	84
72	143	44
72	138	75
72	77	93
72	117	58
72	169	33
72	118	90
72	142	30
72	162	61
72	157	53
72	82	52
72	175	91
72	81	75
72	133	88
72	179	12
72	159	77
72	155	82
72	114	81
72	75	60
72	84	89
72	158	77
72	76	25
72	121	21
72	151	7
72	97	59
72	91	27
72	160	88
72	172	56
72	87	74
72	92	64
72	136	70
72	148	46
72	178	87
72	144	87
72	86	29
72	102	45
72	124	11
72	141	68
72	103	16
72	165	16
73	133	49
73	170	69
73	135	68
73	165	20
73	137	19
73	144	10
73	155	82
73	127	10
73	79	37
73	76	46
73	120	79
73	148	39
73	169	36
73	156	60
73	140	100
73	129	70
73	175	50
73	114	61
73	178	7
73	124	51
73	177	86
73	141	90
73	146	15
73	116	14
73	96	72
73	82	25
73	152	97
73	74	77
73	130	71
73	121	44
73	143	36
73	85	29
73	150	78
73	171	90
73	125	96
73	136	6
73	147	81
73	80	87
73	75	57
73	179	62
73	176	60
73	81	58
73	101	22
73	164	60
74	125	16
74	121	22
74	116	23
74	131	44
74	115	81
74	174	14
74	176	17
74	158	97
74	155	7
74	133	6
74	142	19
74	120	37
74	80	8
74	149	22
74	157	30
74	169	8
74	152	12
74	141	72
74	150	15
74	173	13
74	79	29
74	117	19
74	129	21
74	147	59
74	86	10
74	171	22
74	119	29
74	82	99
74	165	64
74	88	24
74	118	51
74	126	83
74	167	81
74	168	8
74	87	54
74	81	87
74	99	7
74	85	82
74	123	57
74	108	26
74	110	98
74	84	26
74	112	100
75	156	52
75	150	16
75	134	40
75	79	16
75	76	69
75	136	21
75	132	67
75	83	8
75	151	29
75	119	69
75	149	92
75	178	71
75	154	46
75	170	86
75	172	66
75	130	71
75	164	74
75	77	8
75	88	22
75	145	61
75	146	99
75	120	33
75	167	34
75	163	24
75	160	69
75	98	30
75	173	92
75	86	80
75	148	90
75	80	24
75	176	53
75	94	76
75	152	38
75	93	75
75	118	92
75	87	62
75	168	17
75	125	67
75	135	81
75	174	83
75	138	93
76	144	100
76	161	25
76	118	99
76	160	93
76	77	8
76	83	96
76	128	77
76	177	41
76	129	92
76	154	21
76	171	94
76	165	91
76	174	67
76	124	91
76	146	23
76	142	72
76	158	47
76	141	33
76	91	87
76	86	28
76	133	83
76	78	75
76	173	30
76	131	84
76	84	47
76	152	76
76	130	81
76	117	14
76	92	85
76	162	65
76	88	15
76	139	61
76	90	46
76	95	55
76	150	40
76	168	19
76	153	55
76	80	9
76	126	95
76	178	36
77	165	53
77	170	90
77	167	78
77	168	29
77	162	86
77	161	53
77	156	13
77	163	79
77	166	50
77	142	22
77	120	32
77	86	52
77	159	49
77	127	19
77	164	56
77	131	92
77	121	58
77	130	71
77	143	99
77	95	71
77	145	46
77	137	96
77	171	69
77	173	94
77	146	14
77	160	92
77	140	65
77	85	41
77	123	45
77	152	81
77	148	64
77	179	15
77	105	30
77	104	84
77	98	74
77	99	85
77	136	18
77	149	5
78	159	94
78	161	76
78	133	36
78	124	89
78	154	30
78	127	11
78	163	35
78	177	83
78	135	15
78	86	11
78	119	57
78	136	83
78	141	10
78	129	19
78	147	97
78	166	98
78	174	56
78	155	70
78	150	99
78	175	20
78	157	6
78	94	96
78	128	30
78	144	45
78	168	70
78	146	72
78	173	93
78	99	59
78	101	66
78	93	48
78	162	69
78	106	60
78	172	16
78	178	89
78	138	7
78	103	45
78	91	48
78	111	8
78	90	48
78	156	76
78	179	33
78	100	92
78	164	79
79	124	48
79	126	18
79	127	28
79	139	74
79	123	71
79	146	51
79	175	74
79	177	36
79	81	100
79	172	43
79	171	14
79	145	81
79	86	84
79	157	55
79	174	13
79	93	39
79	142	10
79	132	24
79	89	84
79	167	51
79	129	21
79	156	58
79	138	28
79	170	76
79	168	97
79	179	18
79	164	91
79	148	15
79	91	23
79	119	38
79	133	89
79	153	8
79	99	39
79	150	63
79	149	37
79	83	95
79	107	72
79	143	42
79	137	47
79	109	77
79	100	97
79	140	32
79	135	27
79	103	23
79	104	65
79	85	33
79	152	41
80	170	72
80	141	38
80	159	32
80	133	72
80	123	70
80	135	46
80	88	60
80	178	63
80	138	43
80	165	42
80	160	28
80	147	32
80	81	81
80	163	70
80	172	96
80	87	29
80	145	99
80	121	39
80	164	90
80	126	39
80	173	17
80	179	54
80	105	21
80	127	68
80	167	33
80	177	39
80	92	93
80	149	51
80	101	53
80	161	8
80	146	54
80	122	35
80	91	87
80	86	45
81	142	78
81	169	90
81	147	88
81	146	35
81	121	23
81	153	50
81	159	27
81	162	42
81	130	47
81	150	46
81	133	51
81	86	71
81	122	78
81	167	52
81	136	88
81	152	53
81	176	84
81	179	41
81	138	78
81	134	62
81	131	99
81	85	36
81	161	41
81	172	63
81	143	83
81	170	32
81	99	71
81	141	29
81	164	11
81	87	60
81	171	27
81	139	27
81	108	64
81	106	83
81	151	22
81	149	95
81	132	23
81	104	64
81	128	8
81	107	96
81	168	29
81	84	94
81	124	30
81	177	33
81	156	58
82	148	30
82	137	64
82	177	100
82	127	21
82	168	99
82	128	14
82	166	73
82	139	34
82	143	29
82	153	25
82	131	26
82	170	94
82	169	39
82	126	43
82	144	83
82	150	51
82	89	71
82	124	78
82	130	14
82	94	9
82	132	16
82	167	34
82	146	78
82	155	65
82	138	87
82	96	92
82	129	73
82	85	57
82	163	20
82	125	39
82	156	95
82	162	62
82	142	67
82	84	10
82	164	36
82	105	52
82	87	49
82	154	23
82	145	70
82	173	70
82	99	27
82	152	78
82	109	38
82	112	18
82	140	58
82	83	26
82	136	66
82	113	13
82	118	93
82	91	29
82	98	99
83	126	10
83	150	99
83	174	54
83	146	92
83	123	33
83	132	16
83	177	29
83	142	75
83	175	50
83	90	37
83	85	66
83	87	6
83	173	13
83	138	75
83	143	19
83	165	22
83	179	99
83	91	22
83	161	81
83	88	12
83	100	82
83	136	81
83	168	22
83	151	60
83	145	73
83	153	94
83	167	8
83	156	10
83	112	95
83	84	42
83	101	73
83	99	68
83	113	31
83	102	41
83	107	76
83	149	60
83	172	53
83	89	88
83	166	37
84	140	24
84	138	61
84	131	71
84	157	38
84	86	99
84	147	19
84	128	81
84	161	10
84	164	74
84	158	85
84	173	74
84	92	44
84	168	96
84	137	80
84	93	25
84	151	19
84	178	92
84	175	49
84	169	83
84	95	50
84	98	28
84	126	65
84	134	45
84	127	80
84	104	11
84	176	19
84	150	54
84	135	51
84	103	56
84	101	85
84	125	61
84	109	98
84	102	40
84	112	74
84	130	24
84	129	27
84	119	38
84	145	20
84	141	24
84	96	27
84	94	47
84	116	17
84	177	60
85	149	63
85	176	41
85	86	42
85	138	59
85	161	40
85	171	42
85	126	91
85	169	72
85	170	52
85	162	14
85	90	36
85	130	5
85	147	87
85	150	55
85	92	36
85	98	75
85	128	28
85	95	15
85	155	87
85	152	61
85	139	31
85	100	55
85	175	18
85	104	88
85	89	82
85	168	72
85	144	61
85	102	7
85	151	71
85	125	61
85	179	79
85	93	60
85	145	98
85	164	92
85	91	33
85	116	12
85	117	94
85	137	27
85	131	83
85	122	63
86	139	90
86	161	26
86	149	49
86	175	70
86	170	10
86	129	77
86	88	55
86	152	10
86	171	36
86	92	33
86	128	16
86	141	61
86	156	92
86	162	33
86	179	28
86	146	24
86	178	32
86	100	54
86	127	57
86	177	17
86	145	80
86	153	47
86	134	31
86	136	85
86	160	99
86	169	60
86	96	71
86	130	21
86	103	16
86	131	90
86	172	33
86	112	98
86	174	21
86	89	88
86	94	46
86	135	78
86	126	10
86	143	59
86	176	28
86	91	67
86	138	59
86	104	34
86	114	56
86	97	75
87	154	91
87	175	21
87	163	89
87	147	67
87	144	14
87	173	24
87	141	49
87	165	41
87	176	22
87	150	16
87	151	85
87	139	84
87	152	57
87	92	99
87	138	45
87	172	66
87	137	19
87	171	90
87	149	56
87	159	61
87	161	51
87	142	33
87	143	76
87	102	15
87	167	93
87	99	67
87	103	87
87	91	20
87	105	96
87	98	78
87	111	32
87	155	49
87	113	93
87	160	42
87	96	15
87	101	69
87	174	22
87	156	81
87	177	38
87	158	78
87	162	80
87	94	24
88	152	99
88	177	35
88	142	27
88	143	53
88	131	24
88	178	97
88	149	54
88	135	99
88	97	97
88	92	11
88	132	81
88	169	82
88	157	90
88	148	18
88	138	83
88	160	81
88	128	60
88	176	31
88	106	21
88	163	32
88	137	17
88	161	16
88	156	38
88	164	38
88	154	23
88	136	95
88	166	40
88	111	57
88	91	20
88	150	55
88	147	87
88	139	7
88	167	17
88	89	16
88	108	83
88	144	43
88	103	86
88	158	89
88	170	6
88	100	13
88	107	32
88	130	63
89	136	37
89	143	63
89	152	95
89	150	26
89	162	85
89	166	56
89	98	19
89	146	34
89	174	52
89	91	72
89	99	57
89	140	72
89	171	9
89	159	36
89	164	59
89	94	16
89	167	79
89	137	26
89	133	18
89	100	24
89	101	32
89	170	40
89	172	68
89	149	26
89	178	65
89	109	57
89	157	22
89	141	97
89	148	8
89	114	95
89	105	21
89	175	35
89	142	99
89	176	37
89	139	74
89	179	16
89	169	92
89	155	75
89	117	21
89	135	32
89	165	50
89	90	100
89	129	75
89	168	11
89	138	73
90	138	97
90	148	50
90	175	93
90	154	47
90	151	79
90	166	43
90	177	70
90	141	34
90	149	34
90	162	80
90	170	93
90	172	22
90	134	59
90	171	53
90	164	53
90	103	13
90	176	36
90	144	17
90	161	64
90	174	67
90	168	15
90	167	40
90	132	11
90	156	96
90	160	99
90	101	65
90	112	52
90	146	65
90	157	62
90	142	68
90	114	27
90	111	53
90	115	7
90	117	19
90	173	31
90	150	58
90	99	76
90	104	12
90	140	12
90	143	21
90	106	61
91	139	20
91	159	99
91	170	20
91	164	61
91	175	17
91	138	31
91	148	17
91	174	38
91	151	54
91	176	28
91	142	28
91	163	22
91	96	69
91	103	67
91	140	14
91	172	5
91	171	71
91	177	98
91	146	14
91	166	72
91	153	20
91	155	87
91	147	76
91	169	67
91	107	89
91	161	40
91	152	86
91	165	8
91	131	7
91	114	89
91	106	71
91	113	86
91	168	26
91	135	78
91	99	71
91	125	91
91	108	9
91	109	96
91	124	53
92	146	91
92	142	90
92	94	58
92	143	70
92	151	46
92	166	81
92	172	86
92	156	85
92	139	45
92	164	46
92	168	92
92	141	60
92	144	92
92	98	67
92	148	64
92	137	96
92	157	24
92	97	33
92	165	18
92	134	46
92	112	100
92	138	31
92	161	6
92	114	53
92	140	14
92	96	90
92	152	52
92	95	8
92	132	87
92	159	98
92	102	14
92	103	76
92	158	93
92	135	29
92	147	53
92	126	64
92	167	97
93	143	26
93	168	50
93	175	70
93	146	47
93	177	91
93	167	95
93	135	45
93	148	15
93	149	49
93	142	73
93	166	61
93	158	59
93	176	93
93	140	76
93	97	73
93	159	48
93	100	80
93	107	25
93	144	26
93	162	24
93	174	82
93	151	97
93	165	37
93	96	10
93	152	8
93	95	87
93	161	75
93	164	34
93	99	29
93	112	70
93	133	51
93	114	64
93	169	31
93	103	82
93	153	47
93	102	41
93	113	96
93	138	35
94	179	100
94	171	16
94	167	27
94	152	21
94	151	63
94	165	32
94	174	80
94	95	66
94	172	79
94	173	84
94	157	21
94	100	79
94	103	49
94	176	56
94	163	99
94	138	82
94	146	86
94	154	38
94	160	25
94	178	9
94	155	46
94	153	25
94	166	65
94	101	32
94	139	34
94	104	50
94	156	22
94	142	10
94	122	16
94	135	12
94	161	91
94	137	68
94	111	76
94	168	82
94	123	16
94	124	63
94	126	39
94	150	77
94	115	32
94	99	78
94	177	75
94	116	77
95	153	11
95	143	90
95	164	52
95	135	72
95	147	20
95	97	72
95	175	80
95	179	37
95	101	95
95	98	45
95	178	49
95	173	31
95	161	84
95	157	71
95	151	98
95	142	89
95	158	87
95	152	8
95	148	95
95	170	66
95	140	92
95	104	99
95	166	46
95	110	5
95	106	88
95	163	13
95	160	31
95	141	48
95	137	54
95	155	77
95	119	34
95	145	15
95	176	15
95	121	83
95	125	74
96	155	69
96	154	92
96	102	92
96	160	91
96	141	51
96	97	8
96	164	92
96	150	35
96	140	87
96	136	63
96	105	30
96	167	40
96	177	85
96	110	80
96	165	39
96	162	46
96	142	92
96	99	23
96	151	85
96	178	20
96	143	84
96	138	21
96	146	25
96	161	93
96	103	32
96	174	89
96	100	46
96	156	63
96	171	56
96	120	62
96	179	39
96	125	16
96	129	13
96	137	74
96	157	29
96	101	5
96	131	79
96	153	29
97	151	96
97	145	32
97	159	67
97	162	36
97	173	88
97	156	76
97	106	93
97	157	50
97	172	21
97	143	79
97	111	38
97	110	45
97	146	13
97	169	72
97	165	82
97	168	46
97	170	45
97	155	26
97	137	66
97	141	51
97	117	51
97	175	59
97	158	29
97	174	77
97	120	45
97	122	42
97	176	49
97	107	47
97	105	83
97	121	22
97	125	35
97	179	84
97	128	46
97	131	61
97	113	66
97	129	59
97	112	40
98	149	92
98	161	67
98	163	68
98	147	36
98	172	11
98	178	26
98	145	59
98	179	69
98	174	91
98	104	48
98	103	72
98	168	42
98	171	6
98	139	61
98	143	70
98	138	20
98	154	29
98	116	36
98	117	92
98	127	83
98	177	84
98	118	13
98	175	22
98	108	52
98	148	10
98	100	90
98	107	53
99	172	37
99	143	47
99	100	50
99	161	60
99	164	92
99	151	45
99	146	81
99	147	45
99	107	74
99	150	57
99	165	98
99	142	27
99	160	97
99	155	38
99	111	24
99	108	79
99	169	41
99	113	20
99	176	14
99	174	62
99	118	28
99	154	56
99	168	84
99	177	27
99	116	87
99	117	60
99	170	71
99	175	20
99	178	86
99	158	88
99	130	41
99	171	17
99	115	82
99	123	56
99	120	45
99	114	7
99	139	78
99	167	41
100	140	11
100	166	45
100	144	11
100	176	12
100	161	67
100	103	64
100	110	42
100	108	9
100	142	88
100	149	48
100	146	96
100	154	49
100	164	50
100	158	16
100	174	51
100	172	86
100	147	79
100	102	21
100	117	49
100	141	92
100	143	82
100	107	7
100	109	54
100	145	36
100	151	82
100	128	69
100	104	84
100	127	15
100	160	51
100	131	31
100	169	45
100	115	85
100	114	10
101	151	49
101	166	67
101	150	75
101	104	57
101	144	94
101	175	9
101	160	12
101	107	25
101	148	66
101	111	34
101	152	42
101	165	87
101	119	22
101	174	12
101	155	42
101	147	11
101	143	66
101	156	97
101	146	44
101	118	26
101	121	96
101	129	94
101	127	27
101	173	33
101	109	23
101	125	21
101	116	44
102	152	46
102	149	90
102	103	70
102	158	87
102	173	28
102	177	55
102	175	26
102	159	55
102	160	99
102	147	60
102	163	35
102	104	15
102	157	97
102	166	94
102	114	16
102	112	37
102	113	69
102	164	44
102	153	92
102	119	81
102	155	86
102	179	62
102	171	97
102	167	52
102	133	42
102	143	92
102	132	90
102	169	28
102	137	47
102	111	99
102	156	26
103	143	53
103	171	67
103	152	74
103	160	47
103	172	65
103	175	22
103	168	55
103	174	16
103	151	49
103	155	75
103	146	39
103	108	73
103	106	5
103	123	36
103	125	12
103	118	86
103	112	61
103	178	38
103	147	93
103	129	93
103	113	90
103	161	47
103	104	31
103	170	9
103	115	19
103	144	79
103	179	49
103	105	49
103	177	98
103	165	87
103	127	67
104	168	7
104	155	98
104	177	82
104	145	9
104	161	100
104	171	10
104	172	10
104	112	25
104	118	8
104	157	49
104	173	61
104	119	84
104	110	88
104	169	70
104	153	23
104	115	95
104	116	96
104	154	35
104	109	45
104	151	55
104	170	80
104	150	11
104	123	73
104	164	63
104	127	60
104	128	58
104	130	45
104	149	27
104	158	45
104	126	38
104	178	40
104	159	80
104	114	70
104	174	24
105	167	90
105	178	38
105	172	70
105	169	29
105	151	54
105	173	69
105	159	45
105	176	19
105	147	71
105	152	39
105	171	91
105	106	56
105	166	18
105	108	90
105	109	63
105	112	34
105	116	51
105	121	62
105	170	72
105	174	45
105	122	92
105	127	48
105	155	37
105	125	23
105	150	90
105	134	50
105	179	28
105	177	51
105	135	58
105	160	71
105	136	47
105	107	54
105	115	52
105	146	28
105	132	82
105	137	14
106	146	54
106	171	50
106	173	62
106	107	95
106	163	56
106	166	77
106	112	94
106	169	55
106	162	74
106	110	6
106	175	88
106	108	77
106	167	20
106	115	76
106	122	38
106	168	61
106	126	10
106	116	86
106	152	96
106	161	72
106	172	73
106	124	46
106	170	25
106	150	26
106	156	12
106	120	45
106	121	76
106	130	37
106	151	23
106	109	92
106	147	69
106	117	52
107	165	98
107	148	48
107	151	83
107	164	58
107	167	5
107	177	40
107	114	67
107	149	52
107	175	80
107	159	97
107	173	26
107	178	34
107	116	92
107	170	43
107	123	7
107	162	71
107	118	83
107	156	52
107	154	74
107	125	8
107	168	37
107	166	91
107	109	45
107	124	56
107	132	87
107	157	72
107	161	87
107	158	72
107	139	32
108	168	72
108	155	29
108	154	38
108	110	91
108	150	90
108	165	23
108	175	85
108	169	25
108	166	23
108	122	80
108	119	48
108	173	56
108	116	63
108	149	65
108	163	83
108	164	70
108	123	71
108	157	60
108	112	54
108	167	49
108	162	18
108	148	61
108	115	67
108	177	28
108	125	65
108	127	78
108	134	98
108	132	21
109	175	19
109	149	60
109	154	34
109	177	98
109	159	73
109	151	39
109	179	68
109	158	55
109	115	46
109	161	30
109	111	49
109	166	63
109	110	80
109	168	16
109	155	26
109	167	51
109	171	69
109	163	45
109	150	50
109	178	99
109	125	86
109	169	16
109	121	49
109	122	87
109	131	94
109	114	20
109	116	53
109	176	96
109	139	35
109	123	64
109	173	96
109	137	16
109	142	21
109	119	18
109	128	25
109	132	32
110	155	45
110	158	87
110	157	53
110	151	23
110	178	92
110	162	51
110	121	43
110	174	85
110	159	18
110	168	57
110	118	86
110	175	90
110	173	92
110	163	18
110	165	41
110	123	72
110	125	59
110	115	36
110	129	70
110	113	18
110	132	29
110	124	8
110	167	35
110	160	46
110	122	51
110	116	63
110	111	21
110	130	13
110	171	11
110	128	70
110	138	9
110	176	61
111	169	23
111	166	8
111	112	88
111	158	8
111	165	36
111	159	33
111	176	44
111	172	43
111	174	37
111	113	36
111	114	5
111	128	72
111	157	20
111	179	59
111	164	80
111	173	46
111	124	43
111	126	48
111	135	91
111	134	45
111	175	42
111	116	76
111	127	35
111	151	30
111	168	72
111	143	71
111	131	78
111	137	8
112	154	23
112	160	82
112	177	20
112	175	85
112	157	8
112	161	43
112	174	57
112	158	21
112	163	29
112	114	72
112	123	45
112	117	15
112	122	15
112	179	49
112	113	60
112	115	25
112	162	8
112	169	30
112	170	33
112	129	78
112	131	48
112	132	83
112	134	84
112	135	26
112	152	84
112	139	69
112	141	58
112	166	48
112	176	43
112	156	70
112	124	26
112	147	90
112	126	28
113	173	40
113	114	21
113	169	94
113	177	73
113	164	84
113	158	30
113	167	28
113	121	78
113	161	75
113	125	67
113	153	49
113	128	13
113	157	99
113	118	27
113	178	48
113	160	97
113	176	19
113	174	46
113	130	51
113	115	68
113	140	13
113	134	47
113	159	35
113	165	43
113	132	21
113	154	17
113	155	34
114	158	43
114	159	19
114	115	28
114	172	51
114	165	58
114	168	39
114	160	89
114	119	17
114	171	22
114	155	60
114	163	61
114	164	32
114	122	95
114	120	43
114	162	98
114	125	15
114	143	90
114	133	91
114	138	28
114	137	39
114	127	66
114	150	97
115	164	90
115	163	7
115	165	30
115	178	57
115	121	92
115	168	24
115	122	37
115	177	23
115	159	32
115	157	87
115	169	48
115	158	68
115	125	45
115	119	58
115	124	66
115	160	37
115	118	74
115	174	39
115	175	45
115	171	16
115	179	23
115	136	42
115	162	44
115	166	32
115	126	88
116	163	90
116	167	58
116	162	62
116	120	8
116	170	42
116	121	32
116	178	38
116	168	8
116	169	25
116	117	64
116	164	55
116	139	25
116	173	14
116	175	37
116	135	59
116	172	91
116	176	32
116	136	29
116	140	40
116	165	46
116	129	77
116	166	76
117	168	29
117	123	87
117	171	65
117	179	79
117	175	19
117	121	95
117	169	21
117	124	98
117	122	30
117	135	13
117	166	48
117	138	45
117	160	63
117	165	27
117	163	97
117	133	32
117	174	92
117	146	53
117	139	23
117	128	78
118	164	32
118	159	53
118	166	15
118	175	35
118	158	31
118	179	67
118	131	33
118	162	8
118	170	40
118	122	15
118	132	32
118	121	97
118	125	24
118	139	31
118	133	43
118	123	10
118	165	64
118	129	27
118	120	22
118	124	80
118	171	24
118	152	82
118	172	26
118	149	92
118	161	56
118	148	26
118	168	70
119	164	57
119	121	20
119	124	21
119	126	99
119	172	18
119	132	97
119	130	71
119	139	59
119	167	38
119	173	30
119	134	38
119	141	66
119	171	16
119	125	85
119	176	6
119	159	73
119	135	83
119	123	16
119	154	90
119	127	11
119	170	91
119	145	31
119	152	93
120	166	89
120	125	61
120	161	51
120	177	18
120	175	75
120	124	93
120	171	68
120	126	83
120	132	75
120	121	52
120	122	36
120	162	27
120	130	81
120	131	55
120	179	96
120	134	71
120	144	74
120	165	10
120	146	53
120	169	22
120	164	58
120	135	70
120	149	6
121	167	92
121	166	98
121	122	71
121	170	48
121	173	58
121	129	43
121	179	50
121	171	95
121	161	42
121	164	14
121	177	24
121	174	36
121	127	70
121	128	94
121	146	82
121	140	55
121	142	51
121	137	64
121	141	9
121	148	55
121	134	19
122	178	20
122	164	12
122	171	9
122	162	81
122	173	10
122	124	52
122	123	28
122	132	15
122	169	46
122	127	92
122	177	67
122	133	18
122	176	69
122	136	56
122	125	30
122	144	11
122	179	11
122	167	86
122	137	29
122	151	53
123	175	39
123	164	12
123	178	17
123	173	33
123	125	29
123	136	34
123	140	79
123	167	91
123	177	44
123	139	37
123	174	60
123	169	70
123	124	37
123	166	91
123	152	45
123	135	50
123	143	23
123	171	18
123	147	67
123	150	93
123	130	41
123	159	8
124	167	37
124	170	77
124	126	78
124	178	41
124	173	47
124	129	71
124	131	23
124	166	48
124	176	35
124	136	11
124	179	39
124	135	47
124	125	39
124	151	67
124	153	19
124	141	78
124	165	52
125	127	67
125	128	20
125	167	6
125	173	60
125	134	10
125	172	60
125	169	86
125	168	54
125	148	70
125	144	87
125	141	25
125	133	30
125	139	17
125	178	59
125	142	39
125	175	37
125	151	46
125	149	26
125	146	70
126	170	50
126	127	82
126	179	20
126	168	93
126	176	33
126	137	30
126	167	97
126	146	46
126	145	87
126	149	91
126	128	51
126	135	7
126	154	43
127	176	51
127	170	35
127	134	37
127	129	19
127	131	72
127	132	82
127	171	10
127	136	12
127	135	6
127	179	87
127	140	36
127	142	14
127	175	22
127	139	47
127	144	59
127	147	88
127	178	77
127	174	90
127	160	41
127	167	64
127	157	79
127	130	94
127	159	7
127	138	34
128	176	61
128	129	17
128	136	26
128	138	81
128	139	79
128	140	16
128	133	76
128	179	18
128	141	86
128	145	40
128	155	54
128	160	96
128	168	77
128	149	30
128	131	19
128	156	50
128	146	84
128	154	82
129	169	97
129	176	97
129	141	72
129	170	15
129	145	35
129	146	90
129	147	96
129	177	84
129	178	12
129	173	51
129	172	27
129	133	41
129	152	90
129	159	87
129	174	9
129	136	89
129	161	54
129	171	51
129	157	29
130	172	30
130	133	22
130	138	81
130	132	53
130	173	36
130	176	39
130	174	10
130	178	75
130	144	49
130	148	37
130	135	25
130	175	11
130	149	43
130	152	54
130	131	21
130	159	21
130	163	58
130	137	71
131	175	91
131	133	21
131	177	93
131	172	44
131	173	81
131	140	44
131	147	76
131	145	5
131	178	87
131	136	80
131	154	97
131	159	73
131	132	31
131	150	82
131	171	44
131	142	27
131	138	57
131	148	14
131	156	16
132	175	20
132	178	74
132	137	38
132	139	7
132	144	76
132	146	66
132	173	69
132	149	13
132	148	18
132	145	52
132	157	92
132	174	28
132	172	46
132	147	18
132	163	64
132	136	66
132	141	46
132	158	89
132	150	38
132	142	13
132	162	68
133	178	66
133	152	95
133	156	18
133	145	43
133	179	91
133	147	30
133	154	73
133	177	32
133	160	63
133	148	65
133	141	98
133	134	94
133	175	17
134	138	8
134	140	32
134	179	13
134	157	63
134	136	13
134	151	44
134	135	63
134	155	65
134	147	83
134	162	9
134	145	19
134	141	48
134	153	55
134	166	55
134	158	62
134	178	24
134	152	64
134	149	94
135	142	10
135	140	88
135	178	87
135	179	61
135	141	92
135	176	90
135	152	73
135	138	40
135	137	38
135	175	18
135	161	56
135	145	55
135	144	63
136	176	55
136	178	18
136	143	29
136	177	99
136	154	99
136	156	44
136	160	55
136	159	70
136	149	86
136	157	59
136	169	35
136	155	72
136	179	80
137	138	71
137	142	65
137	177	24
137	150	38
137	179	53
137	139	87
137	154	55
137	158	74
137	162	59
137	159	27
137	165	35
138	142	96
138	149	87
138	178	90
138	150	57
138	154	18
138	153	18
138	143	82
138	159	15
138	179	6
138	141	30
138	140	92
138	155	22
138	157	35
139	140	16
139	143	47
139	167	54
139	164	59
139	160	13
139	168	64
139	144	88
140	145	30
140	158	90
140	160	12
140	166	57
140	162	57
140	170	87
140	146	15
140	149	24
140	163	44
140	165	63
141	148	42
141	145	69
141	150	56
141	155	52
141	157	11
141	164	92
141	165	89
141	151	26
141	160	69
141	158	91
141	168	77
141	154	19
141	170	30
141	172	54
141	142	18
141	162	47
142	152	34
142	146	41
142	145	77
142	148	80
142	149	19
142	155	77
142	147	94
142	164	60
142	166	73
143	144	85
143	153	10
143	155	21
143	154	28
143	150	63
143	148	74
143	158	57
143	164	6
143	156	20
143	160	64
143	166	68
143	165	49
143	163	90
144	147	39
144	149	9
144	152	61
144	148	81
144	151	50
144	154	91
144	166	25
144	165	63
144	170	83
144	174	73
144	177	67
144	161	73
144	178	76
145	146	17
145	160	63
145	152	23
145	166	80
145	164	46
145	165	69
145	162	17
145	169	52
145	158	98
145	176	75
145	163	25
145	150	62
146	150	28
146	147	30
146	159	59
146	163	75
146	166	23
146	148	32
146	152	91
146	175	19
147	153	13
147	163	80
147	165	20
147	173	69
147	148	42
147	150	26
147	157	77
147	169	86
147	175	56
147	179	45
147	171	80
148	152	80
148	162	29
148	157	22
148	161	80
148	149	97
148	160	8
148	168	14
148	151	75
148	164	70
148	175	90
149	155	49
149	157	14
149	152	44
149	162	73
149	179	62
149	173	56
149	168	64
150	159	46
150	155	81
150	152	14
150	166	58
150	157	39
150	154	94
150	175	98
150	158	53
150	177	97
150	171	90
150	164	50
150	170	37
150	176	22
151	156	47
151	166	10
151	174	66
151	153	80
151	167	67
151	173	44
151	177	45
151	169	32
151	172	11
152	156	69
152	161	28
152	159	22
152	154	92
152	157	9
152	175	93
152	173	52
152	170	5
153	156	81
153	157	51
153	160	31
153	164	11
153	155	48
153	165	94
153	169	30
153	161	82
153	179	89
153	167	34
153	172	83
154	155	69
154	164	33
154	167	92
154	175	10
154	159	17
154	165	21
154	179	100
154	162	18
154	163	30
154	173	12
155	162	67
155	164	15
155	170	75
155	157	48
155	175	89
155	160	13
155	177	78
155	176	19
156	158	94
156	172	8
156	170	13
156	171	40
156	165	6
156	176	42
156	160	50
156	177	85
156	175	50
156	161	55
157	168	91
157	175	99
157	166	50
157	174	14
157	179	97
157	163	63
157	169	88
157	172	75
158	159	32
158	176	72
158	169	34
158	166	22
158	175	55
158	174	13
158	167	73
158	178	39
158	165	42
158	171	27
158	162	81
159	168	78
159	173	82
159	177	46
159	179	8
159	169	79
159	167	12
159	162	70
159	172	71
159	161	13
160	161	27
160	165	67
160	168	41
160	162	45
160	163	82
160	171	47
160	167	15
160	175	42
160	166	42
160	164	26
161	162	57
161	165	98
161	175	22
161	164	87
161	174	59
161	167	23
161	177	75
162	166	75
162	172	47
162	171	46
162	176	53
162	170	74
162	164	89
162	163	92
163	172	23
163	173	88
163	177	25
163	179	22
163	169	24
163	178	74
164	171	52
164	168	12
164	167	50
164	178	86
164	173	93
164	170	51
164	166	29
164	174	81
165	166	40
165	177	38
165	172	67
165	168	84
165	179	25
165	175	34
165	174	92
165	170	53
166	168	68
166	170	61
166	174	97
166	173	75
167	177	58
167	168	86
167	171	97
167	178	94
167	176	99
167	172	12
167	170	21
167	173	22
168	171	15
168	172	24
168	176	72
168	170	93
168	178	67
168	179	34
169	170	5
169	174	32
169	173	71
169	176	99
169	178	41
170	177	44
170	173	79
171	172	38
171	175	41
171	173	11
171	177	90
172	173	18
172	174	68
172	175	90
172	179	86
173	175	14
173	176	23
173	174	12
174	175	85
174	176	88
174	178	93
175	177	17
176	179	49
176	177	20
177	178	64
177	179	25
