NAME: W_SPARSE_200_53
n: 200
m: 5200
0	93	41
0	42	29
0	150	39
0	85	20
0	147	92
0	154	48
0	95	84
0	117	63
0	65	9
0	163	75
0	53	31
0	149	66
0	107	23
0	110	5
0	168	82
0	52	20
0	30	25
0	120	83
0	169	75
0	33	86
0	144	45
0	79	53
0	115	63
0	198	99
0	47	50
0	80	23
0	10	29
0	73	79
0	89	83
0	139	45
0	153	25
0	72	60
0	59	60
0	197	83
0	164	12
0	64	38
0	19	55
0	68	56
0	128	77
0	186	66
0	88	72
0	178	8
0	143	41
0	7	57
0	133	88
0	69	97
0	113	35
0	151	38
1	152	99
1	31	30
1	66	33
1	83	42
1	93	69
1	143	79
1	63	25
1	150	97
1	96	85
1	51	19
1	115	81
1	146	46
1	142	39
1	131	41
1	45	8
1	158	63
1	70	37
1	69	51
1	37	91
1	57	20
1	48	17
1	198	29
1	2	95
1	101	23
1	128	68
1	43	36
1	44	98
1	73	47
1	126	32
1	118	20
1	104	35
1	125	7
1	65	79
1	77	44
1	89	10
1	168	43
1	14	36
1	32	39
1	149	99
1	107	83
1	49	41
1	15	65
1	91	57
1	87	75
1	160	38
1	95	81
1	35	92
1	153	41
1	79	100
1	121	29
1	24	90
1	67	54
1	64	84
1	112	56
1	9	85
1	18	35
1	19	79
2	76	94
2	79	34
2	159	71
2	103	97
2	175	21
2	45	51
2	113	64
2	85	20
2	55	46
2	104	70
2	138	59
2	83	13
2	58	53
2	46	15
2	95	64
2	129	35
2	81	10
2	194	61
2	154	45
2	117	47
2	32	41
2	48	98
2	167	59
2	122	92
2	93	35
2	41	23
2	42	81
2	77	73
2	120	60
2	144	16
2	99	7
2	38	31
2	12	33
2	145	6
2	153	57
2	82	20
2	9	21
2	156	78
2	18	16
2	135	36
2	7	29
2	53	37
2	136	43
2	78	32
2	191	51
2	199	22
2	50	19
2	133	61
2	148	99
2	72	85
2	22	65
2	47	86
2	40	88
2	158	24
2	30	28
2	21	77
2	116	72
3	103	56
3	49	84
3	89	48
3	47	49
3	59	23
3	155	51
3	154	75
3	143	73
3	156	62
3	58	78
3	74	11
3	82	90
3	107	86
3	133	40
3	105	80
3	102	29
3	127	20
3	167	17
3	171	54
3	131	58
3	135	92
3	129	32
3	87	68
3	134	96
3	73	79
3	163	25
3	120	70
3	45	67
3	94	79
3	53	69
3	63	59
3	114	33
3	72	65
3	175	64
3	16	49
3	159	71
3	71	49
3	128	99
3	83	22
3	170	72
3	142	87
3	106	9
3	197	94
3	66	86
3	18	38
3	56	43
3	196	32
3	76	83
3	164	66
3	187	11
3	60	57
3	5	61
3	158	96
3	44	54
3	161	60
3	92	27
3	86	27
3	149	68
4	103	96
4	47	59
4	61	84
4	165	60
4	79	96
4	169	71
4	174	43
4	171	63
4	160	85
4	107	71
4	39	30
4	36	45
4	162	38
4	7	91
4	164	97
4	159	88
4	8	54
4	93	99
4	5	36
4	82	70
4	150	56
4	166	76
4	97	70
4	9	44
4	146	73
4	66	90
4	125	97
4	11	62
4	89	61
4	135	62
4	31	23
4	141	68
4	46	47
4	95	39
4	154	24
4	157	53
4	142	52
4	40	29
4	122	60
4	22	29
4	58	44
4	137	33
4	173	31
4	145	67
4	118	89
4	109	30
4	48	93
4	43	86
4	42	88
4	27	48
4	155	89
4	163	33
4	20	66
4	21	57
5	117	36
5	40	76
5	166	42
5	174	39
5	51	16
5	140	71
5	109	17
5	139	62
5	43	64
5	105	44
5	46	29
5	146	36
5	101	89
5	78	92
5	134	57
5	91	44
5	66	66
5	97	21
5	65	50
5	71	95
5	137	83
5	107	6
5	125	48
5	82	68
5	44	65
5	48	91
5	12	52
5	18	26
5	60	98
5	161	15
5	50	10
5	33	77
5	164	34
5	119	34
5	69	88
5	99	82
5	118	69
5	154	56
5	86	42
5	110	58
5	90	14
5	94	50
5	22	54
5	196	71
5	108	28
5	37	49
5	198	71
6	172	84
6	33	35
6	39	8
6	147	10
6	148	68
6	37	78
6	74	33
6	84	46
6	96	62
6	161	62
6	107	96
6	38	36
6	104	43
6	89	20
6	12	84
6	80	62
6	118	10
6	168	29
6	126	94
6	90	56
6	45	26
6	105	56
6	178	61
6	98	52
6	174	65
6	175	30
6	55	72
6	158	21
6	144	88
6	132	60
6	11	75
6	36	38
6	140	80
6	58	99
6	41	57
6	9	82
6	188	40
6	173	69
6	67	70
6	139	70
6	192	32
6	42	19
6	77	32
6	122	23
6	131	46
6	69	88
6	121	57
6	191	37
6	114	55
6	60	60
6	177	78
6	129	85
7	124	24
7	63	16
7	144	24
7	88	78
7	125	23
7	135	94
7	162	68
7	98	78
7	107	64
7	53	89
7	80	38
7	58	62
7	52	29
7	158	65
7	50	97
7	75	64
7	90	70
7	74	86
7	131	94
7	48	97
7	71	78
7	86	72
7	172	20
7	169	33
7	87	69
7	126	11
7	11	80
7	198	46
7	105	91
7	133	76
7	164	45
7	36	54
7	70	74
7	21	35
7	66	66
7	73	92
7	146	21
7	176	86
7	175	13
7	19	96
7	34	84
7	120	30
7	141	67
7	149	85
7	111	25
7	114	15
7	177	81
7	134	37
7	167	42
7	77	17
7	128	86
7	155	92
7	35	76
7	45	48
7	193	40
7	195	10
8	154	83
8	118	23
8	79	35
8	61	45
8	59	33
8	62	40
8	172	31
8	155	31
8	159	21
8	82	61
8	77	18
8	149	54
8	103	42
8	98	39
8	74	41
8	57	14
8	45	99
8	49	57
8	166	62
8	150	74
8	42	79
8	51	90
8	76	78
8	73	51
8	115	32
8	104	70
8	83	89
8	157	17
8	145	14
8	46	35
8	63	35
8	194	33
8	86	19
8	97	18
8	146	83
8	16	80
8	127	7
8	134	43
8	36	77
8	94	46
8	148	29
8	178	42
8	143	15
8	175	82
8	124	78
8	13	78
8	126	68
8	50	76
8	23	33
8	107	36
8	67	46
8	11	97
8	80	8
9	69	31
9	97	60
9	135	87
9	169	23
9	52	97
9	150	75
9	132	51
9	163	63
9	164	69
9	179	12
9	148	81
9	85	63
9	146	78
9	180	38
9	107	78
9	119	35
9	153	92
9	58	20
9	64	92
9	81	34
9	47	38
9	170	49
9	113	69
9	82	39
9	14	89
9	45	50
9	160	49
9	114	10
9	48	56
9	74	20
9	84	27
9	101	71
9	138	62
9	93	73
9	108	76
9	136	13
9	198	90
9	152	20
9	77	7
9	172	79
9	176	38
9	140	28
9	174	9
9	22	99
9	162	6
9	192	61
9	35	54
9	41	66
10	84	79
10	69	42
10	169	8
10	128	61
10	161	88
10	61	17
10	44	29
10	103	67
10	173	47
10	182	31
10	117	21
10	116	72
10	66	59
10	152	67
10	92	49
10	65	100
10	82	46
10	74	14
10	113	14
10	79	33
10	177	22
10	153	91
10	53	49
10	132	44
10	148	83
10	126	88
10	100	69
10	59	9
10	45	28
10	146	78
10	52	78
10	137	14
10	166	66
10	170	47
10	43	23
10	46	40
10	56	49
10	180	61
10	164	71
10	183	51
10	64	58
10	42	42
10	11	35
10	60	85
10	124	92
10	13	14
10	81	54
10	125	88
10	97	42
10	16	84
10	26	81
10	76	82
11	49	49
11	112	80
11	48	27
11	55	50
11	129	60
11	62	87
11	155	76
11	100	33
11	50	13
11	122	28
11	76	65
11	39	11
11	51	29
11	69	89
11	128	38
11	19	31
11	160	16
11	136	47
11	113	94
11	88	10
11	148	29
11	109	52
11	61	42
11	14	73
11	66	68
11	139	56
11	153	13
11	15	96
11	25	25
11	68	21
11	142	42
11	146	40
11	184	84
11	147	60
11	26	36
11	156	78
11	63	32
11	164	48
11	173	73
11	102	98
11	170	9
11	16	80
11	137	58
12	93	13
12	39	66
12	122	44
12	49	10
12	128	46
12	113	40
12	114	19
12	54	88
12	139	94
12	174	11
12	67	97
12	123	72
12	16	44
12	107	6
12	175	47
12	60	40
12	74	43
12	183	88
12	86	16
12	154	34
12	65	62
12	66	85
12	43	83
12	94	27
12	62	19
12	78	75
12	99	82
12	23	64
12	144	12
12	155	97
12	179	87
12	56	63
12	126	90
12	180	67
12	168	34
12	108	76
12	84	84
12	151	67
12	173	71
12	31	13
12	111	78
12	178	24
12	198	12
12	82	56
12	197	36
12	165	31
12	25	43
12	132	32
12	190	37
12	90	10
12	51	88
12	38	69
12	52	49
13	84	92
13	85	98
13	137	96
13	174	90
13	111	63
13	105	18
13	140	28
13	132	31
13	72	86
13	171	8
13	130	11
13	165	91
13	78	63
13	121	46
13	152	21
13	122	36
13	66	25
13	47	52
13	138	51
13	159	49
13	142	51
13	126	81
13	119	21
13	79	97
13	160	24
13	54	23
13	59	59
13	15	35
13	18	82
13	19	24
13	87	82
13	80	16
13	81	52
13	124	40
13	161	13
13	58	82
13	186	14
13	108	36
13	183	57
13	133	60
13	75	63
13	63	71
13	100	8
13	197	44
13	109	38
13	173	98
13	190	31
13	36	61
13	74	90
14	98	5
14	86	94
14	135	74
14	158	55
14	136	77
14	53	71
14	147	31
14	43	74
14	111	11
14	146	18
14	148	98
14	50	83
14	92	17
14	66	36
14	21	57
14	20	31
14	179	68
14	116	43
14	127	84
14	160	35
14	159	93
14	139	85
14	101	54
14	138	44
14	156	66
14	67	69
14	88	33
14	48	46
14	32	58
14	165	11
14	79	9
14	180	37
14	151	57
14	198	74
14	186	36
14	51	28
14	85	55
14	56	94
14	128	100
14	29	86
14	97	55
14	196	10
15	58	34
15	53	19
15	123	40
15	128	63
15	88	15
15	129	80
15	67	13
15	134	22
15	156	31
15	48	18
15	76	96
15	113	40
15	137	35
15	142	45
15	170	36
15	162	44
15	89	43
15	135	83
15	105	16
15	125	31
15	49	68
15	45	40
15	158	58
15	172	16
15	114	81
15	24	99
15	138	9
15	182	91
15	61	83
15	52	69
15	81	60
15	99	89
15	55	19
15	101	31
15	130	28
15	155	13
15	102	52
15	30	60
15	179	11
15	25	84
15	93	16
15	33	70
15	168	41
15	180	17
15	77	54
15	96	15
15	95	86
15	63	49
15	132	15
16	44	11
16	139	98
16	147	70
16	182	10
16	173	82
16	146	77
16	17	17
16	159	70
16	175	12
16	73	79
16	46	47
16	126	53
16	137	64
16	111	24
16	93	49
16	151	21
16	119	72
16	108	51
16	76	19
16	161	48
16	144	80
16	65	83
16	49	52
16	150	68
16	88	39
16	136	12
16	112	42
16	98	67
16	189	55
16	69	48
16	58	85
16	78	23
16	122	31
16	82	16
16	52	74
16	30	78
16	178	44
16	184	10
16	118	42
16	21	45
16	166	18
16	140	8
16	92	27
16	167	95
16	74	80
16	53	60
16	99	53
16	164	25
16	39	35
16	105	68
16	60	21
17	48	64
17	150	93
17	121	5
17	98	72
17	144	87
17	166	92
17	105	16
17	47	94
17	71	31
17	107	7
17	126	33
17	82	13
17	21	44
17	142	72
17	152	62
17	20	55
17	149	53
17	130	12
17	18	96
17	113	22
17	92	94
17	74	22
17	25	56
17	78	79
17	163	62
17	91	90
17	51	61
17	87	24
17	167	24
17	136	28
17	67	16
17	180	38
17	118	88
17	131	47
17	141	83
17	31	82
17	108	54
17	123	85
17	154	58
17	145	23
17	19	70
17	185	54
17	96	12
17	178	24
17	100	69
17	89	72
17	57	76
17	84	93
17	138	98
17	159	18
17	109	27
17	32	42
17	35	36
17	112	65
17	55	29
17	146	53
17	24	87
17	37	57
17	93	68
17	114	72
17	52	94
18	99	94
18	65	71
18	100	97
18	136	55
18	62	17
18	51	13
18	134	34
18	139	70
18	177	73
18	55	56
18	104	49
18	124	70
18	64	20
18	49	89
18	20	48
18	154	56
18	68	31
18	93	62
18	181	14
18	180	25
18	159	10
18	48	43
18	66	64
18	188	27
18	153	62
18	23	79
18	166	6
18	63	82
18	191	6
18	47	24
18	98	83
18	27	9
18	70	48
18	19	45
18	101	82
18	160	85
18	138	7
18	148	90
18	22	79
18	74	65
18	25	76
18	90	69
19	192	27
19	51	9
19	82	54
19	156	56
19	91	73
19	130	19
19	164	13
19	189	67
19	99	43
19	77	93
19	85	35
19	80	30
19	95	58
19	126	6
19	68	50
19	133	86
19	22	95
19	115	46
19	160	93
19	113	25
19	144	96
19	152	68
19	161	41
19	178	98
19	172	67
19	182	17
19	120	55
19	107	87
19	46	78
19	109	67
19	143	88
19	175	83
19	21	46
19	176	77
19	53	11
19	64	20
19	88	96
19	142	90
19	154	43
19	106	37
19	137	85
19	150	66
19	36	23
19	69	22
20	113	84
20	192	29
20	123	92
20	22	31
20	102	77
20	166	14
20	178	21
20	181	29
20	49	86
20	141	79
20	78	14
20	107	78
20	188	95
20	88	23
20	169	90
20	184	29
20	112	34
20	60	21
20	27	71
20	172	32
20	81	39
20	176	17
20	146	35
20	100	31
20	69	83
20	134	45
20	179	60
20	193	46
20	165	56
20	122	24
20	126	28
20	54	33
20	98	50
20	59	55
20	82	67
20	36	27
20	132	94
20	128	92
20	21	92
20	57	19
20	99	15
20	90	34
20	159	20
20	163	34
20	40	43
20	71	97
20	53	57
20	29	52
20	117	67
20	150	46
20	174	16
20	83	32
20	52	23
20	156	9
21	181	66
21	77	48
21	172	62
21	104	32
21	109	90
21	62	72
21	72	52
21	118	50
21	48	63
21	63	42
21	116	84
21	61	62
21	94	80
21	115	46
21	144	69
21	194	47
21	165	95
21	65	11
21	168	89
21	180	76
21	151	70
21	76	93
21	179	21
21	160	67
21	56	80
21	28	33
21	73	39
21	52	82
21	189	77
21	145	88
21	96	41
21	140	25
21	137	86
21	193	42
21	167	55
21	158	41
21	99	36
21	178	64
21	177	80
21	41	52
21	91	91
21	78	49
21	150	22
21	156	41
21	105	18
21	131	83
22	109	17
22	55	93
22	119	82
22	143	77
22	159	19
22	180	47
22	98	91
22	67	7
22	160	23
22	91	64
22	116	93
22	183	46
22	114	84
22	125	75
22	191	69
22	122	22
22	186	7
22	78	28
22	148	56
22	53	34
22	194	26
22	117	32
22	71	62
22	108	38
22	134	29
22	190	10
22	153	76
22	96	22
22	113	67
22	172	19
22	128	18
22	158	13
22	167	83
22	107	54
22	144	93
22	49	51
22	161	33
22	115	54
22	185	53
22	140	81
22	177	90
22	72	72
22	139	44
22	157	55
22	45	40
22	73	100
22	120	82
22	44	86
22	85	60
22	136	7
23	124	40
23	64	68
23	94	70
23	193	85
23	68	66
23	137	46
23	165	51
23	132	83
23	127	48
23	188	17
23	126	34
23	111	40
23	192	91
23	155	21
23	90	42
23	142	15
23	160	79
23	185	8
23	151	94
23	182	61
23	138	53
23	164	53
23	163	58
23	173	42
23	177	78
23	146	41
23	114	72
23	87	97
23	158	24
23	170	41
23	120	56
23	171	61
23	103	16
23	100	22
23	65	73
23	140	95
23	28	83
23	101	32
23	25	97
23	95	14
23	50	97
23	26	11
23	27	19
23	42	57
23	179	21
24	132	15
24	70	29
24	101	17
24	141	27
24	107	28
24	131	85
24	122	68
24	136	72
24	155	68
24	171	97
24	184	93
24	118	80
24	32	41
24	110	21
24	116	90
24	164	70
24	134	35
24	61	77
24	68	10
24	195	62
24	194	58
24	29	31
24	169	50
24	58	48
24	108	52
24	119	86
24	191	21
24	54	98
24	180	90
24	190	84
24	62	86
24	106	62
24	146	48
24	151	13
24	103	28
24	183	51
24	188	89
24	150	95
24	105	61
24	175	30
24	140	41
24	162	30
24	88	28
24	104	76
24	156	57
24	176	44
24	27	33
24	197	83
24	148	14
24	166	94
25	177	91
25	113	33
25	140	57
25	158	16
25	170	62
25	59	97
25	86	17
25	109	82
25	181	34
25	138	84
25	26	63
25	112	65
25	178	97
25	180	73
25	118	44
25	103	19
25	100	72
25	93	20
25	80	38
25	60	52
25	119	6
25	136	78
25	56	11
25	126	81
25	57	77
25	125	64
25	30	19
25	107	12
25	143	47
25	183	42
25	131	20
25	29	57
25	61	63
25	74	17
25	116	27
25	148	20
25	83	49
25	35	25
25	168	30
25	171	15
25	153	20
25	149	70
25	174	40
25	147	74
25	146	79
25	184	97
25	31	86
25	142	30
25	54	58
26	185	35
26	177	90
26	178	61
26	194	65
26	135	63
26	77	42
26	81	57
26	192	8
26	140	59
26	132	36
26	160	16
26	199	59
26	104	86
26	69	24
26	99	82
26	31	57
26	54	63
26	176	95
26	190	57
26	55	48
26	118	31
26	117	46
26	30	91
26	198	33
26	80	97
26	196	52
26	154	26
26	105	22
26	152	23
26	89	82
26	91	58
26	36	92
26	82	15
26	169	79
26	138	46
26	159	46
26	101	44
26	116	26
26	28	29
26	183	78
26	73	18
26	65	6
26	38	26
26	162	19
26	197	55
26	151	64
26	127	96
26	120	12
26	146	14
26	128	64
26	83	40
26	87	35
26	42	34
26	184	76
26	106	96
26	40	53
27	142	24
27	177	54
27	76	64
27	132	62
27	151	37
27	61	71
27	73	88
27	71	27
27	96	75
27	103	91
27	149	71
27	179	69
27	92	76
27	29	94
27	93	74
27	94	59
27	101	60
27	80	13
27	188	75
27	66	35
27	99	37
27	65	53
27	122	18
27	128	56
27	87	29
27	37	26
27	171	20
27	175	97
27	198	58
27	191	23
27	28	70
27	116	58
27	143	22
27	67	9
27	79	27
27	125	83
27	40	79
27	138	59
27	146	100
27	124	71
27	166	83
27	72	45
27	185	48
27	84	52
27	120	56
27	107	70
27	139	85
27	100	84
27	158	16
27	38	60
27	163	34
28	119	37
28	192	55
28	156	29
28	64	62
28	95	93
28	124	39
28	63	42
28	108	61
28	117	39
28	131	52
28	171	23
28	146	86
28	129	72
28	98	49
28	128	56
28	130	26
28	102	47
28	157	79
28	35	30
28	167	39
28	178	24
28	188	27
28	147	85
28	114	84
28	104	43
28	94	36
28	143	80
28	71	89
28	170	31
28	139	65
28	103	95
28	36	80
28	144	68
28	150	47
28	40	32
28	56	83
28	123	92
28	44	57
28	30	64
28	55	26
28	96	25
28	88	72
28	51	28
28	69	31
28	121	98
28	175	47
28	125	20
29	60	81
29	137	85
29	196	100
29	145	45
29	193	36
29	122	37
29	115	20
29	138	63
29	143	42
29	187	8
29	111	63
29	149	99
29	151	91
29	67	90
29	98	14
29	183	69
29	63	93
29	181	10
29	182	69
29	127	15
29	109	41
29	107	30
29	65	45
29	128	35
29	171	67
29	179	56
29	41	31
29	90	28
29	186	21
29	146	9
29	168	89
29	160	97
29	190	35
29	78	38
29	86	47
29	87	49
29	97	92
29	95	67
29	118	66
29	42	81
29	32	77
29	34	54
29	166	61
29	43	81
29	64	40
29	173	33
29	132	99
29	93	81
29	147	44
29	199	69
30	88	43
30	122	80
30	185	18
30	183	62
30	103	35
30	121	70
30	95	58
30	188	67
30	131	37
30	130	23
30	100	39
30	105	43
30	116	50
30	173	18
30	120	89
30	133	9
30	114	56
30	38	36
30	163	96
30	162	50
30	194	59
30	34	100
30	184	50
30	152	9
30	193	33
30	155	94
30	35	67
30	39	94
30	170	43
30	165	17
30	124	33
30	146	38
30	85	53
30	32	23
30	73	14
30	136	34
30	189	61
30	77	62
30	140	89
30	123	78
30	161	63
30	175	87
30	69	32
30	81	87
30	43	20
30	182	28
31	136	41
31	68	69
31	124	26
31	180	44
31	84	97
31	199	58
31	135	81
31	181	96
31	109	32
31	140	63
31	152	90
31	187	7
31	134	14
31	83	16
31	137	9
31	82	49
31	123	5
31	141	50
31	153	49
31	118	24
31	166	90
31	158	79
31	191	14
31	186	8
31	125	9
31	101	69
31	150	32
31	98	6
31	104	35
31	69	88
31	190	33
31	165	17
31	149	38
31	86	61
31	179	45
31	111	81
31	75	65
31	147	75
31	99	78
31	40	59
31	47	63
31	197	93
31	44	46
31	35	94
31	188	58
31	177	46
31	156	20
31	33	75
31	73	18
31	71	14
31	45	100
31	110	64
32	181	59
32	162	64
32	172	11
32	108	11
32	179	69
32	66	84
32	189	78
32	70	29
32	85	87
32	72	47
32	135	95
32	125	97
32	130	30
32	95	18
32	103	45
32	165	32
32	118	73
32	39	17
32	186	36
32	147	95
32	80	43
32	139	49
32	187	13
32	154	28
32	151	94
32	62	86
32	43	78
32	106	53
32	136	70
32	40	34
32	81	89
32	52	71
32	182	84
32	36	24
32	50	53
32	197	58
32	155	36
32	86	30
32	92	15
32	115	32
33	152	18
33	181	98
33	191	88
33	157	10
33	179	64
33	135	42
33	64	57
33	105	31
33	102	45
33	119	10
33	87	70
33	61	38
33	96	54
33	110	35
33	162	31
33	125	96
33	187	19
33	189	28
33	71	10
33	118	85
33	188	50
33	83	38
33	132	15
33	89	97
33	177	63
33	197	66
33	40	19
33	142	45
33	101	73
33	122	38
33	39	23
33	62	8
33	80	20
33	121	48
33	164	26
33	195	94
33	113	22
33	129	13
33	92	78
33	124	23
33	145	72
33	149	57
33	172	99
33	94	28
33	82	18
34	129	31
34	146	32
34	152	67
34	76	85
34	123	66
34	167	5
34	178	83
34	110	38
34	161	98
34	153	35
34	188	20
34	120	50
34	119	25
34	172	60
34	82	77
34	108	26
34	155	19
34	187	7
34	62	16
34	117	32
34	168	80
34	64	75
34	192	82
34	141	36
34	160	93
34	114	51
34	171	59
34	39	25
34	183	64
34	185	69
34	81	71
34	51	12
34	150	17
34	79	28
34	105	90
34	140	87
34	87	24
34	134	44
34	182	31
34	103	91
34	135	49
34	127	8
34	98	7
34	177	68
34	35	87
34	121	66
34	107	41
34	130	90
35	107	100
35	198	41
35	161	87
35	175	9
35	76	67
35	172	13
35	116	76
35	150	83
35	118	10
35	86	18
35	187	52
35	75	64
35	72	34
35	131	76
35	154	73
35	164	84
35	87	20
35	177	37
35	132	21
35	174	95
35	79	60
35	65	59
35	95	29
35	98	97
35	119	17
35	66	24
35	169	6
35	142	51
35	44	32
35	147	34
35	83	37
35	166	66
35	153	43
35	102	96
35	108	12
35	80	64
35	115	84
36	96	45
36	145	33
36	105	21
36	136	35
36	171	85
36	68	81
36	156	90
36	79	92
36	103	64
36	40	29
36	66	31
36	155	11
36	194	20
36	86	90
36	154	59
36	84	17
36	76	79
36	139	22
36	192	15
36	178	12
36	72	45
36	90	12
36	124	92
36	94	12
36	110	67
36	150	32
36	164	95
36	188	33
36	95	36
36	130	30
36	91	8
36	138	64
36	47	100
36	187	57
36	143	70
36	114	49
36	43	49
36	168	77
36	42	34
36	111	36
36	135	57
36	169	45
36	174	31
36	109	61
36	99	46
36	78	60
36	50	79
36	65	12
36	87	27
36	167	37
37	89	18
37	169	10
37	76	100
37	68	99
37	84	49
37	98	59
37	146	16
37	166	13
37	139	45
37	168	74
37	69	15
37	160	76
37	100	23
37	178	13
37	147	6
37	193	88
37	43	35
37	46	62
37	86	93
37	129	56
37	103	47
37	157	41
37	112	68
37	159	9
37	113	64
37	181	34
37	153	10
37	161	57
37	138	30
37	131	11
37	83	45
37	48	72
37	184	44
37	164	21
37	110	70
37	126	39
37	165	72
37	192	93
37	57	32
37	80	88
37	142	21
37	114	60
37	120	10
37	115	28
37	62	28
38	147	42
38	146	9
38	89	80
38	196	73
38	193	87
38	175	53
38	166	18
38	197	36
38	129	74
38	102	97
38	101	58
38	150	12
38	88	47
38	158	90
38	185	59
38	187	6
38	67	51
38	130	61
38	131	8
38	79	44
38	45	67
38	66	33
38	110	97
38	165	90
38	99	86
38	151	39
38	190	51
38	50	44
38	157	63
38	104	74
38	148	23
38	125	43
38	70	64
38	49	26
38	149	51
38	192	33
38	127	67
38	48	21
38	182	19
38	51	29
38	84	19
38	160	13
39	193	14
39	198	23
39	92	95
39	166	67
39	174	67
39	161	35
39	81	72
39	129	34
39	173	99
39	142	64
39	99	50
39	152	61
39	118	39
39	196	83
39	115	8
39	139	100
39	180	27
39	98	81
39	48	81
39	74	77
39	140	22
39	149	29
39	150	16
39	191	74
39	49	31
39	131	7
39	181	68
39	52	21
39	114	67
39	165	88
39	77	73
39	119	45
39	85	60
39	41	86
39	167	16
39	60	60
39	107	47
39	120	81
39	56	33
39	94	49
40	120	47
40	190	13
40	132	72
40	69	72
40	134	74
40	184	31
40	88	81
40	89	21
40	95	39
40	123	58
40	129	47
40	115	7
40	112	28
40	125	21
40	131	10
40	163	20
40	113	64
40	164	45
40	195	70
40	72	69
40	119	24
40	148	42
40	105	25
40	114	16
40	121	31
40	185	46
40	98	97
40	144	13
40	102	76
40	158	70
40	44	87
40	101	89
40	189	50
40	78	17
40	199	68
40	54	46
40	117	63
40	128	15
40	170	49
40	93	85
40	107	84
40	150	68
40	42	65
40	183	35
40	91	93
41	129	48
41	127	9
41	173	29
41	116	66
41	75	13
41	179	70
41	177	9
41	89	7
41	130	72
41	148	51
41	43	32
41	184	14
41	189	88
41	172	46
41	97	70
41	151	27
41	194	71
41	140	19
41	105	28
41	180	41
41	106	13
41	118	37
41	44	34
41	77	75
41	158	45
41	76	98
41	80	71
41	175	37
41	78	12
41	69	35
41	147	38
41	49	23
41	141	89
41	171	44
41	153	16
41	169	80
41	93	71
41	45	76
41	143	42
41	193	58
41	123	25
41	133	73
41	196	17
41	81	18
41	185	74
41	79	96
42	143	23
42	71	84
42	152	38
42	140	29
42	69	79
42	85	26
42	179	95
42	130	63
42	174	62
42	97	67
42	142	73
42	176	48
42	186	56
42	138	85
42	135	49
42	191	98
42	47	33
42	129	46
42	151	88
42	160	6
42	103	33
42	72	59
42	113	8
42	131	14
42	105	52
42	84	76
42	75	44
42	115	12
42	178	70
42	187	9
42	53	35
42	77	58
42	164	32
42	162	27
42	88	21
42	45	17
42	110	33
42	170	92
42	101	62
42	166	39
42	169	59
42	43	85
42	163	7
42	136	75
42	54	66
42	172	24
43	159	97
43	94	56
43	116	84
43	197	62
43	88	63
43	120	68
43	132	10
43	174	57
43	127	70
43	134	59
43	193	54
43	178	92
43	175	65
43	71	15
43	89	40
43	103	88
43	198	62
43	55	6
43	169	56
43	162	50
43	76	9
43	90	22
43	70	89
43	126	45
43	53	57
43	110	73
43	199	43
43	179	11
43	125	18
44	156	77
44	124	11
44	159	25
44	72	70
44	100	96
44	149	52
44	151	44
44	188	95
44	136	75
44	186	24
44	192	34
44	112	76
44	77	95
44	46	52
44	108	66
44	139	84
44	50	31
44	121	93
44	119	77
44	184	92
44	135	50
44	51	55
44	132	72
44	86	22
44	122	66
44	125	54
44	150	37
44	111	19
44	89	26
44	75	9
44	172	63
44	133	47
44	116	92
44	83	36
44	147	85
44	181	37
44	103	70
44	98	34
44	61	22
44	180	46
44	162	21
44	114	74
45	174	96
45	131	72
45	86	66
45	119	11
45	154	30
45	197	54
45	132	71
45	189	81
45	87	66
45	143	14
45	144	34
45	183	65
45	116	84
45	73	34
45	72	47
45	109	13
45	146	26
45	152	96
45	129	76
45	198	86
45	83	11
45	192	93
45	162	38
45	138	22
45	140	17
45	59	78
45	176	50
45	60	96
45	120	96
45	74	55
45	158	63
45	47	83
45	55	66
45	190	59
45	88	10
45	93	31
45	89	26
46	163	14
46	172	61
46	188	62
46	166	63
46	152	21
46	108	27
46	121	74
46	136	35
46	156	63
46	157	44
46	73	86
46	192	87
46	110	41
46	57	7
46	149	32
46	141	75
46	90	31
46	115	95
46	168	79
46	133	14
46	174	43
46	123	64
46	134	40
46	131	47
46	100	89
46	112	76
46	119	29
46	116	74
46	81	60
46	118	53
46	147	99
46	164	46
46	193	86
46	105	62
46	75	76
46	143	59
46	82	83
46	173	66
46	60	70
46	62	96
46	135	13
46	122	93
47	77	58
47	151	85
47	114	93
47	184	35
47	107	40
47	74	53
47	95	42
47	128	90
47	146	78
47	166	47
47	155	56
47	113	56
47	91	29
47	103	26
47	192	73
47	115	58
47	78	92
47	106	52
47	134	87
47	152	69
47	139	94
47	123	86
47	88	68
47	98	80
47	59	82
47	89	40
47	194	20
47	197	95
47	93	61
47	92	49
47	66	21
47	126	53
47	64	89
47	162	74
47	110	100
47	140	23
47	86	67
47	198	67
47	164	68
48	131	86
48	168	91
48	197	5
48	82	47
48	126	11
48	183	49
48	120	85
48	150	70
48	160	92
48	170	14
48	112	45
48	136	50
48	199	86
48	92	55
48	86	6
48	194	31
48	60	45
48	113	26
48	139	84
48	52	63
48	152	39
48	195	98
48	123	23
48	134	84
48	158	89
48	175	27
48	180	49
48	107	78
48	159	7
48	191	91
48	133	87
48	109	78
48	162	80
48	196	50
48	63	38
48	76	32
48	75	76
48	141	12
48	188	50
49	171	65
49	135	13
49	79	12
49	110	15
49	113	19
49	161	46
49	184	22
49	186	82
49	173	32
49	181	42
49	166	19
49	141	63
49	143	97
49	80	72
49	51	88
49	87	20
49	129	65
49	172	32
49	96	31
49	139	23
49	165	9
49	81	10
49	189	16
49	138	21
49	60	63
49	182	10
49	91	48
49	90	60
49	174	9
49	93	72
49	168	45
49	154	36
49	86	90
49	160	29
49	163	88
49	121	15
49	179	97
49	88	75
49	122	86
49	107	23
50	197	19
50	145	78
50	192	48
50	163	49
50	120	38
50	87	34
50	196	72
50	160	78
50	79	22
50	150	23
50	98	92
50	141	7
50	193	70
50	55	90
50	111	61
50	78	5
50	132	24
50	151	95
50	128	47
50	85	5
50	53	31
50	176	58
50	62	13
50	58	20
50	194	34
50	112	49
50	182	49
50	185	10
50	59	75
50	122	42
50	121	54
50	116	33
50	51	98
50	97	78
50	162	6
50	133	37
50	161	31
50	183	85
50	140	87
50	180	11
50	113	57
50	99	73
51	90	92
51	180	33
51	173	41
51	152	21
51	187	8
51	52	44
51	145	73
51	138	51
51	171	58
51	133	88
51	112	10
51	169	28
51	195	75
51	127	57
51	63	36
51	94	21
51	158	23
51	92	24
51	142	80
51	159	62
51	109	97
51	125	39
51	99	94
51	196	99
51	116	37
51	103	62
51	122	47
51	106	78
51	126	30
51	91	13
51	80	29
51	102	68
51	66	53
51	68	87
51	134	6
51	107	72
51	113	64
51	69	55
52	142	84
52	182	65
52	95	79
52	127	27
52	121	40
52	96	24
52	119	10
52	199	83
52	109	91
52	133	35
52	190	35
52	180	43
52	100	83
52	164	89
52	170	33
52	110	33
52	94	47
52	128	61
52	185	42
52	92	81
52	189	46
52	112	83
52	156	6
52	179	25
52	60	7
52	148	95
52	158	35
52	117	27
52	122	82
52	61	29
52	88	44
52	172	98
52	163	20
52	144	40
52	120	49
52	57	78
52	194	24
52	91	26
52	116	50
52	191	98
52	114	72
52	126	67
53	192	25
53	123	59
53	158	74
53	133	89
53	184	20
53	138	64
53	118	49
53	129	28
53	172	53
53	131	86
53	139	56
53	105	34
53	135	23
53	116	42
53	174	93
53	132	50
53	93	79
53	85	68
53	195	41
53	180	87
53	91	50
53	88	89
53	108	31
53	86	25
53	171	13
53	67	20
53	83	22
53	101	57
53	114	83
53	199	13
53	176	60
53	144	34
53	147	45
53	137	85
53	71	52
54	89	14
54	143	49
54	174	64
54	57	67
54	194	50
54	155	99
54	125	96
54	177	42
54	188	23
54	181	23
54	123	59
54	135	92
54	140	7
54	142	56
54	81	56
54	102	97
54	59	49
54	83	7
54	90	77
54	118	89
54	112	68
54	156	8
54	198	63
54	60	21
54	95	91
54	103	17
54	151	85
54	65	60
54	178	90
54	159	80
54	157	91
54	197	43
54	134	20
54	99	85
54	190	55
54	88	40
54	121	13
54	76	46
54	164	77
54	146	16
55	182	7
55	193	54
55	57	30
55	125	18
55	83	18
55	160	39
55	186	22
55	187	17
55	96	22
55	95	60
55	183	81
55	86	81
55	169	47
55	190	79
55	148	79
55	147	31
55	176	65
55	157	62
55	159	18
55	144	28
55	102	98
55	136	53
55	56	67
55	90	18
55	123	47
55	93	25
55	65	33
55	167	12
55	97	89
55	184	11
55	66	91
55	67	35
55	195	40
55	72	52
55	146	77
55	112	36
55	178	53
55	84	59
55	171	23
55	180	78
55	165	60
55	114	10
55	126	32
55	127	31
56	171	17
56	124	26
56	92	82
56	118	28
56	120	32
56	90	65
56	101	36
56	91	24
56	158	89
56	163	93
56	192	40
56	138	88
56	59	13
56	189	13
56	105	83
56	122	66
56	94	91
56	143	19
56	159	35
56	149	6
56	185	74
56	103	94
56	176	16
56	83	50
56	111	18
56	179	65
56	181	96
56	157	47
56	66	32
56	127	50
56	148	31
56	180	21
56	104	86
56	65	15
56	142	55
56	133	80
56	144	71
57	152	51
57	108	61
57	151	22
57	148	33
57	84	98
57	133	63
57	154	78
57	178	12
57	191	48
57	157	81
57	169	73
57	177	36
57	118	13
57	63	21
57	100	97
57	175	49
57	156	42
57	159	46
57	106	44
57	144	13
57	172	70
57	88	45
57	147	68
57	114	37
57	132	9
57	181	27
57	199	75
57	64	55
57	146	63
57	182	51
57	98	34
57	173	59
57	69	31
57	192	75
57	103	12
57	70	84
57	73	32
57	65	95
57	179	43
57	67	88
57	117	92
58	188	47
58	92	51
58	144	43
58	105	55
58	133	88
58	97	47
58	173	37
58	154	51
58	187	91
58	141	69
58	185	63
58	151	13
58	95	79
58	164	57
58	160	39
58	71	47
58	98	100
58	130	13
58	116	59
58	147	23
58	198	34
58	143	18
58	156	30
58	146	40
58	193	88
58	126	75
58	191	34
58	158	26
58	186	23
58	69	46
58	180	55
58	150	63
58	182	30
59	110	65
59	107	24
59	182	53
59	137	41
59	144	28
59	157	91
59	60	69
59	131	14
59	193	100
59	128	80
59	147	75
59	94	87
59	143	16
59	148	26
59	167	95
59	89	46
59	151	11
59	124	53
59	119	81
59	138	12
59	96	78
59	191	93
59	76	27
59	112	96
59	161	95
59	73	26
59	196	28
59	125	12
59	95	23
59	171	34
59	101	90
59	155	28
59	65	29
60	127	13
60	135	17
60	123	41
60	194	28
60	143	73
60	89	93
60	193	66
60	132	64
60	134	26
60	95	99
60	114	38
60	182	79
60	166	78
60	167	52
60	145	63
60	101	56
60	120	81
60	165	13
60	148	85
60	161	56
60	121	84
60	137	50
60	158	64
60	118	58
60	151	67
60	152	46
60	98	51
60	181	34
60	70	47
60	87	17
60	119	99
60	164	60
60	75	13
60	141	86
60	103	21
60	177	49
60	113	82
61	89	41
61	160	17
61	146	55
61	112	68
61	136	55
61	110	40
61	188	61
61	92	38
61	156	20
61	193	42
61	127	97
61	187	84
61	130	63
61	65	77
61	135	46
61	109	38
61	161	19
61	173	73
61	125	23
61	72	76
61	179	68
61	178	16
61	98	61
61	143	28
61	164	70
61	174	16
61	102	38
61	71	51
61	94	31
61	132	23
61	76	85
61	192	90
61	99	26
61	103	75
61	162	29
61	115	47
61	124	77
62	105	21
62	190	93
62	126	70
62	97	90
62	168	16
62	121	50
62	127	19
62	180	22
62	109	84
62	131	41
62	161	52
62	191	49
62	71	43
62	123	6
62	65	42
62	104	87
62	148	93
62	141	70
62	197	17
62	135	63
62	132	46
62	160	43
62	124	57
62	166	6
62	140	62
62	101	45
62	81	96
62	187	61
62	89	70
62	129	12
62	152	81
62	85	83
62	171	46
62	103	97
63	150	54
63	186	95
63	117	63
63	165	23
63	94	86
63	170	36
63	116	62
63	172	47
63	187	59
63	191	60
63	196	25
63	174	35
63	197	28
63	115	6
63	120	46
63	199	87
63	104	72
63	189	46
63	114	72
63	164	13
63	101	13
63	193	52
63	103	41
63	111	77
63	143	84
63	149	77
63	97	81
63	81	84
63	68	13
63	192	63
63	64	93
63	100	58
63	139	55
63	142	75
63	162	76
64	126	69
64	120	58
64	198	91
64	108	61
64	199	41
64	139	50
64	122	59
64	156	64
64	100	8
64	184	58
64	141	58
64	104	15
64	197	82
64	95	98
64	144	32
64	193	76
64	152	70
64	119	42
64	133	70
64	132	73
64	158	89
64	183	77
64	166	90
64	145	35
64	114	50
64	96	44
64	123	77
64	97	75
64	169	64
64	189	69
64	136	94
64	70	25
64	190	61
64	73	23
64	78	69
64	87	40
64	171	92
64	131	9
64	134	94
65	110	7
65	154	54
65	117	51
65	142	24
65	101	84
65	108	86
65	119	85
65	140	20
65	195	36
65	124	64
65	191	89
65	70	18
65	146	60
65	135	23
65	112	22
65	175	74
65	158	91
65	94	7
65	148	38
65	114	8
65	171	36
65	79	5
65	98	54
65	149	9
65	161	55
65	176	51
65	131	93
65	168	98
65	198	59
65	151	60
65	96	87
65	193	67
65	139	41
65	129	19
65	84	57
65	105	73
65	87	11
65	185	54
65	194	43
65	88	57
65	186	62
66	145	78
66	97	56
66	106	9
66	160	56
66	147	62
66	177	86
66	102	9
66	182	57
66	188	11
66	156	67
66	109	36
66	196	90
66	185	13
66	98	7
66	133	56
66	174	82
66	107	25
66	70	12
66	191	24
66	125	79
66	95	94
66	130	36
66	137	11
66	142	98
66	93	58
66	166	49
66	153	85
66	173	51
66	189	29
66	127	65
66	80	54
66	124	93
66	167	23
66	118	12
67	154	84
67	189	12
67	159	92
67	100	64
67	192	99
67	196	79
67	175	69
67	137	87
67	73	54
67	128	64
67	123	28
67	130	25
67	187	73
67	75	63
67	104	74
67	169	82
67	194	96
67	184	22
67	172	65
67	182	98
67	138	31
67	166	28
67	99	82
67	147	81
67	191	44
67	142	79
67	96	96
67	77	77
67	151	17
67	72	46
67	156	62
67	164	88
67	129	43
67	193	55
67	178	63
67	102	81
67	150	92
67	133	74
67	197	32
67	146	11
67	91	54
68	165	47
68	114	23
68	129	93
68	198	96
68	120	96
68	183	64
68	73	39
68	192	34
68	77	26
68	145	40
68	96	54
68	112	65
68	97	32
68	124	47
68	122	85
68	148	11
68	70	38
68	102	29
68	106	89
68	188	66
68	160	62
68	100	98
68	72	39
68	125	66
68	171	9
68	130	60
68	151	47
68	177	58
68	164	21
68	146	68
68	180	53
68	139	98
69	157	50
69	109	40
69	182	100
69	191	26
69	149	85
69	147	51
69	146	83
69	112	30
69	119	50
69	111	44
69	161	35
69	164	88
69	73	93
69	136	43
69	72	49
69	151	6
69	117	51
69	108	10
69	185	13
69	126	34
69	179	40
69	173	39
69	135	98
69	152	100
69	122	72
69	155	18
69	74	59
69	172	88
69	133	42
69	180	87
69	196	80
69	70	10
69	187	28
69	190	81
70	175	20
70	171	6
70	141	89
70	148	66
70	170	51
70	111	72
70	118	23
70	169	19
70	151	28
70	145	9
70	117	20
70	139	99
70	177	52
70	173	66
70	79	34
70	165	55
70	73	46
70	104	18
70	119	62
70	150	13
70	71	22
70	101	82
70	116	73
70	89	80
70	138	65
70	163	19
70	88	53
70	134	27
70	105	86
70	128	80
70	130	98
70	144	90
70	198	89
70	191	50
70	75	35
70	83	40
70	168	16
71	114	72
71	154	68
71	182	32
71	118	89
71	188	69
71	187	37
71	138	71
71	100	64
71	107	99
71	129	6
71	112	13
71	198	43
71	81	10
71	195	15
71	153	84
71	197	15
71	135	35
71	173	7
71	131	63
71	186	90
71	196	74
71	158	71
71	183	77
71	78	42
71	132	75
71	177	70
71	139	32
71	159	42
72	147	79
72	176	14
72	139	23
72	133	49
72	180	21
72	74	96
72	191	38
72	146	51
72	168	91
72	119	17
72	177	33
72	171	98
72	82	11
72	184	90
72	107	22
72	81	84
72	175	97
72	85	7
72	121	14
72	169	68
72	88	14
72	154	99
72	118	75
72	79	44
72	170	81
72	113	30
72	163	55
72	126	13
72	138	69
72	86	97
72	145	44
72	87	90
73	133	18
73	183	46
73	171	48
73	131	85
73	132	71
73	172	41
73	173	87
73	177	83
73	151	53
73	104	93
73	174	80
73	162	96
73	123	73
73	194	90
73	101	44
73	158	13
73	74	37
73	136	70
73	134	46
73	81	65
73	145	29
73	79	99
73	197	32
73	135	54
73	157	99
73	117	17
73	114	53
73	128	79
73	149	52
73	196	20
73	153	37
73	168	99
74	117	69
74	199	73
74	76	47
74	179	88
74	196	12
74	119	83
74	125	27
74	177	14
74	80	46
74	161	26
74	130	85
74	107	9
74	139	30
74	81	13
74	141	97
74	84	55
74	149	83
74	133	29
74	171	18
74	194	32
74	176	27
75	133	21
75	160	28
75	116	36
75	157	77
75	165	50
75	121	11
75	145	28
75	197	88
75	156	53
75	185	83
75	149	33
75	158	87
75	76	29
75	112	47
75	124	81
75	161	58
75	120	19
75	134	65
75	164	23
75	77	39
75	154	11
75	82	63
75	109	96
75	110	82
75	118	92
75	166	52
75	175	20
75	117	67
75	163	23
75	80	6
75	83	29
75	150	70
75	155	43
75	194	54
75	119	15
75	91	89
75	89	95
75	169	86
75	199	91
75	93	61
75	153	97
76	179	19
76	144	43
76	162	77
76	181	25
76	138	100
76	163	80
76	183	22
76	113	56
76	159	80
76	161	98
76	188	69
76	107	67
76	114	8
76	143	53
76	185	29
76	139	95
76	85	97
76	154	81
76	155	23
76	137	61
76	91	20
76	78	17
76	167	75
76	169	57
76	119	17
76	128	9
76	187	63
76	79	65
76	111	12
76	145	23
77	113	73
77	156	22
77	140	59
77	198	24
77	122	35
77	134	72
77	78	14
77	133	78
77	186	47
77	160	43
77	80	97
77	173	82
77	84	43
77	190	53
77	112	41
77	136	91
77	116	59
77	182	21
77	172	79
77	196	30
77	174	28
77	151	49
77	180	93
77	159	64
77	171	24
77	176	53
77	82	23
77	123	37
77	158	96
77	119	51
77	95	18
77	96	42
77	181	82
77	199	80
78	147	30
78	163	57
78	79	71
78	176	84
78	181	20
78	127	47
78	115	83
78	120	56
78	183	56
78	119	63
78	82	23
78	152	46
78	186	9
78	138	33
78	154	31
78	84	39
78	136	69
78	142	93
78	159	19
78	190	61
78	164	97
78	185	52
78	139	67
78	151	22
78	178	5
78	88	55
78	174	41
78	93	59
78	94	83
78	113	54
78	160	87
78	130	27
78	101	67
78	123	70
78	165	83
78	85	16
78	80	46
79	114	71
79	195	94
79	192	28
79	158	10
79	196	94
79	140	38
79	135	36
79	193	28
79	142	90
79	145	97
79	173	41
79	199	26
79	146	59
79	194	6
79	147	83
79	170	82
79	131	66
79	124	34
79	182	57
79	93	58
79	121	53
79	151	64
79	153	94
79	187	79
79	123	48
79	102	80
79	127	92
79	186	71
79	168	99
79	167	54
79	138	55
80	154	28
80	171	5
80	177	94
80	150	70
80	109	54
80	162	12
80	119	32
80	116	75
80	123	13
80	191	64
80	174	35
80	143	45
80	168	82
80	157	90
80	129	84
80	118	21
80	111	66
80	141	24
80	186	11
80	121	61
80	135	91
80	198	93
80	138	21
80	86	98
80	90	93
80	88	16
80	101	44
80	179	8
81	149	44
81	116	17
81	157	47
81	119	20
81	125	87
81	169	45
81	158	30
81	192	55
81	198	58
81	113	35
81	179	64
81	83	15
81	182	53
81	196	56
81	195	54
81	174	56
81	173	69
81	129	85
81	164	63
81	194	26
81	126	55
81	93	95
81	85	26
81	89	48
81	175	25
81	102	64
81	91	64
81	141	37
81	154	6
81	180	43
81	103	89
82	176	31
82	198	45
82	141	18
82	182	84
82	174	6
82	151	28
82	109	36
82	154	27
82	143	65
82	110	49
82	165	86
82	111	18
82	142	7
82	168	70
82	167	11
82	136	89
82	129	34
82	159	18
82	157	65
82	119	75
82	187	39
82	171	16
82	89	17
82	121	61
82	125	96
82	194	61
82	163	17
82	120	44
82	196	91
82	86	64
82	170	62
82	199	79
82	139	89
82	184	77
82	173	91
83	185	76
83	197	45
83	159	48
83	119	82
83	196	67
83	198	19
83	145	25
83	123	22
83	114	38
83	182	31
83	138	95
83	129	30
83	177	12
83	168	74
83	181	38
83	163	98
83	170	64
83	121	51
83	147	18
83	165	60
83	179	41
83	122	76
83	128	36
83	173	39
83	140	14
83	86	42
83	176	45
83	143	66
83	92	33
83	172	82
83	183	46
83	158	56
83	131	70
83	150	18
83	192	16
83	89	99
83	118	82
84	142	31
84	156	31
84	169	21
84	195	51
84	143	8
84	163	51
84	86	59
84	88	96
84	120	15
84	145	39
84	150	71
84	188	100
84	173	55
84	92	77
84	111	9
84	165	36
84	113	79
84	133	42
84	185	84
84	179	54
84	168	75
84	170	34
84	112	38
84	158	43
84	136	37
84	160	97
84	144	53
84	181	64
84	96	42
84	134	68
85	177	39
85	155	92
85	119	69
85	123	88
85	136	23
85	139	7
85	182	20
85	88	14
85	157	92
85	87	68
85	113	97
85	164	82
85	188	13
85	183	16
85	189	53
85	93	79
85	165	93
85	131	85
85	145	39
85	185	8
85	126	97
85	120	61
85	137	12
85	150	41
85	129	90
85	128	55
85	175	82
85	106	41
85	199	52
85	196	88
85	190	97
86	156	31
86	183	89
86	169	81
86	154	83
86	147	51
86	150	49
86	136	60
86	157	79
86	176	32
86	151	58
86	162	21
86	184	78
86	126	57
86	144	41
86	161	98
86	187	33
86	130	72
86	163	58
86	166	97
86	164	46
86	121	37
86	179	48
86	94	37
86	105	50
86	159	52
86	191	58
87	139	75
87	188	48
87	183	32
87	141	66
87	130	89
87	142	78
87	176	95
87	177	31
87	117	73
87	162	7
87	167	71
87	92	66
87	119	83
87	193	83
87	123	44
87	94	89
87	190	87
87	160	16
87	184	17
87	154	33
87	120	31
87	151	80
87	152	50
87	100	12
87	99	75
87	93	54
87	88	70
87	126	64
87	187	15
87	172	5
87	108	84
88	185	26
88	186	40
88	149	36
88	143	41
88	167	47
88	181	44
88	133	52
88	189	66
88	169	11
88	89	16
88	168	73
88	124	88
88	129	45
88	137	45
88	156	7
88	140	43
88	153	79
88	162	94
88	131	85
88	182	6
88	100	99
88	98	38
88	105	88
88	159	53
88	116	28
88	193	72
88	126	12
88	178	29
89	126	42
89	155	49
89	128	20
89	188	55
89	167	18
89	180	87
89	130	16
89	134	60
89	171	83
89	133	79
89	199	50
89	172	67
89	162	39
89	146	41
89	187	26
89	197	85
89	160	95
89	194	14
89	185	20
89	178	49
89	154	59
89	131	46
89	176	94
89	97	48
89	111	57
89	192	74
89	136	55
89	177	37
89	148	69
90	179	18
90	124	10
90	175	20
90	177	72
90	93	83
90	122	86
90	130	96
90	153	33
90	120	54
90	121	43
90	134	46
90	180	19
90	199	20
90	143	98
90	137	36
90	189	26
90	187	62
90	172	53
90	163	37
90	176	90
90	164	96
90	138	35
90	165	96
90	185	6
90	152	44
90	182	97
90	96	69
90	92	50
90	170	28
91	173	67
91	167	16
91	177	57
91	139	38
91	93	85
91	184	55
91	196	23
91	189	57
91	197	90
91	97	43
91	124	46
91	147	76
91	157	21
91	121	72
91	150	92
91	174	74
91	195	93
91	142	83
91	123	32
91	194	13
91	130	93
91	122	47
91	160	52
91	186	29
91	140	72
91	183	89
91	175	70
91	149	52
91	169	96
91	118	73
91	163	73
91	148	93
91	155	85
91	132	12
91	98	56
91	159	81
92	169	42
92	164	58
92	191	5
92	152	47
92	120	88
92	139	39
92	178	64
92	122	27
92	149	50
92	182	64
92	183	51
92	97	44
92	170	12
92	173	36
92	134	85
92	151	96
92	156	28
92	101	59
92	158	84
92	195	32
92	136	90
92	123	37
92	132	18
92	165	56
92	199	71
92	157	90
92	119	78
92	171	26
93	148	16
93	198	79
93	161	40
93	151	98
93	137	15
93	190	80
93	132	30
93	136	33
93	185	99
93	178	83
93	177	99
93	150	75
93	143	33
93	156	14
93	175	8
93	120	44
93	171	47
93	196	43
93	158	84
93	193	87
93	130	58
93	166	88
93	192	83
93	102	9
93	125	39
93	139	79
93	95	59
93	155	47
93	129	41
93	107	87
93	159	80
94	135	78
94	139	77
94	152	70
94	141	90
94	133	55
94	148	20
94	173	100
94	122	65
94	124	67
94	130	13
94	153	43
94	188	97
94	140	45
94	162	51
94	129	30
94	169	69
94	108	37
94	180	59
94	145	34
94	175	37
94	167	12
94	131	50
94	116	57
94	105	42
94	134	8
94	98	24
94	178	9
95	183	23
95	128	82
95	140	7
95	189	97
95	122	7
95	131	70
95	197	89
95	175	25
95	184	96
95	154	32
95	176	34
95	123	94
95	99	40
95	127	43
95	178	46
95	181	70
95	130	88
95	168	54
95	172	35
95	135	21
95	143	34
95	124	62
95	112	98
95	111	13
95	106	89
95	116	14
96	157	77
96	183	43
96	184	6
96	98	16
96	172	40
96	182	97
96	135	76
96	161	53
96	192	72
96	102	30
96	188	50
96	156	27
96	136	8
96	145	90
96	130	70
96	124	82
96	137	85
96	103	11
96	198	33
96	105	31
96	174	90
96	132	6
96	193	17
96	159	11
96	165	47
96	175	35
96	107	46
96	153	5
96	112	41
96	167	58
96	100	92
96	176	50
96	114	72
96	180	36
97	136	13
97	182	17
97	181	51
97	135	92
97	146	44
97	195	42
97	188	19
97	180	61
97	157	63
97	126	91
97	197	37
97	99	16
97	162	85
97	105	59
97	132	34
97	186	10
97	98	84
97	144	91
97	170	59
97	160	43
97	107	25
97	118	59
97	134	24
97	133	42
97	110	72
98	143	83
98	155	53
98	164	36
98	132	36
98	153	79
98	193	29
98	198	70
98	135	47
98	188	83
98	152	54
98	156	47
98	195	80
98	171	52
98	142	56
98	173	9
98	166	73
98	144	44
98	115	75
98	179	98
98	182	34
98	109	55
98	174	42
98	102	76
98	161	25
98	138	54
98	126	91
98	167	70
99	197	36
99	189	81
99	168	13
99	179	64
99	133	31
99	180	68
99	138	20
99	188	26
99	106	31
99	109	92
99	190	23
99	183	99
99	165	53
99	174	8
99	192	11
99	151	77
99	187	93
99	184	69
99	117	75
99	181	98
99	131	46
99	100	97
99	111	96
99	107	64
99	145	65
99	143	79
100	189	20
100	151	6
100	183	96
100	180	84
100	153	74
100	165	78
100	144	76
100	179	93
100	141	15
100	181	96
100	127	23
100	106	99
100	103	51
100	188	67
100	176	10
100	142	28
100	167	87
100	157	92
100	149	82
100	145	93
100	135	65
100	136	54
100	184	74
100	190	86
100	199	58
100	133	11
101	168	55
101	176	13
101	102	40
101	158	16
101	181	89
101	172	88
101	144	99
101	148	86
101	145	64
101	184	49
101	191	22
101	133	84
101	156	33
101	112	73
101	136	91
101	142	12
101	122	20
101	131	88
101	106	80
101	126	30
102	169	37
102	193	12
102	192	39
102	196	72
102	171	22
102	194	16
102	146	96
102	174	44
102	108	88
102	140	21
102	159	91
102	136	35
102	172	27
102	186	71
102	134	94
102	131	7
102	170	57
102	109	33
102	179	22
102	184	87
102	185	23
102	105	20
102	152	33
102	144	33
102	163	26
102	114	44
102	133	97
102	157	85
102	142	74
102	138	79
102	187	49
102	180	47
102	197	5
102	112	5
102	103	47
102	182	95
102	198	92
103	160	31
103	134	98
103	159	10
103	179	72
103	151	33
103	199	88
103	177	93
103	174	84
103	140	42
103	162	55
103	112	59
103	197	98
103	192	80
103	108	48
103	116	70
103	194	32
103	111	74
103	154	69
103	172	96
103	118	57
104	138	48
104	132	24
104	142	32
104	148	62
104	164	25
104	173	25
104	149	59
104	176	37
104	141	9
104	197	74
104	152	37
104	171	37
104	137	91
104	193	63
104	179	38
104	170	50
104	145	71
104	119	78
104	177	49
104	155	89
104	172	20
104	181	50
104	175	19
104	108	70
104	116	12
104	147	43
104	165	84
105	182	66
105	151	79
105	144	48
105	149	85
105	177	36
105	190	5
105	134	28
105	157	58
105	133	67
105	109	20
105	106	81
105	150	88
105	194	8
105	197	27
105	160	58
105	111	50
105	167	45
105	163	43
105	164	90
105	153	6
105	120	66
105	171	98
105	137	89
105	199	5
105	180	20
105	110	83
105	188	38
105	181	6
106	158	43
106	173	68
106	193	51
106	133	61
106	175	93
106	176	76
106	190	45
106	150	74
106	180	40
106	149	13
106	135	50
106	155	25
106	139	88
106	137	87
106	145	89
106	136	42
106	183	82
106	172	39
106	146	70
106	153	8
106	142	13
106	191	49
106	152	40
106	154	82
106	185	69
106	186	14
106	125	88
107	197	54
107	159	46
107	181	95
107	175	79
107	185	34
107	109	43
107	169	31
107	173	53
107	110	69
107	152	92
107	165	21
107	189	53
107	121	42
107	139	47
107	113	26
107	192	77
108	173	66
108	197	49
108	171	60
108	196	22
108	175	26
108	178	91
108	165	68
108	186	10
108	113	77
108	184	65
108	160	63
108	170	24
108	155	16
108	179	59
108	194	98
108	152	16
108	110	60
108	199	40
108	125	100
108	164	55
108	136	11
108	189	33
108	138	77
108	118	15
109	150	72
109	159	7
109	164	91
109	172	36
109	154	12
109	160	22
109	137	29
109	192	79
109	178	22
109	124	92
109	136	51
109	171	39
109	156	6
109	155	71
109	117	36
109	198	26
109	143	7
109	168	58
109	199	8
109	174	94
109	110	80
109	191	57
110	144	47
110	189	93
110	157	41
110	142	90
110	165	11
110	176	18
110	193	27
110	166	96
110	138	80
110	175	62
110	188	82
110	150	14
110	117	53
110	190	87
110	120	32
110	154	17
110	114	29
110	111	10
110	162	22
110	185	42
110	133	93
111	147	63
111	182	8
111	113	75
111	195	38
111	112	66
111	139	60
111	163	46
111	114	97
111	138	26
111	160	54
111	198	72
111	172	61
111	180	94
111	159	14
111	197	34
111	121	12
111	199	52
111	152	74
111	124	40
111	166	17
111	186	52
111	179	29
111	151	42
111	123	97
111	168	48
111	117	78
111	173	40
111	116	84
111	141	46
111	145	41
111	188	84
111	143	6
112	180	75
112	195	73
112	184	53
112	169	14
112	141	73
112	123	94
112	114	95
112	178	79
112	192	93
112	153	77
112	118	29
112	145	27
112	196	21
112	168	48
112	144	81
112	162	70
112	175	25
113	161	50
113	159	43
113	146	42
113	174	27
113	145	11
113	154	55
113	168	8
113	176	12
113	152	29
113	116	94
113	197	32
113	156	61
113	193	10
113	157	50
113	119	25
113	167	7
113	153	20
113	127	64
113	150	10
113	177	65
113	173	12
113	180	83
113	148	53
113	196	16
113	141	34
113	122	72
113	131	23
113	195	13
113	185	46
114	180	13
114	186	41
114	117	90
114	182	6
114	162	80
114	184	86
114	141	55
114	161	65
114	155	52
114	199	82
114	149	70
114	150	44
114	178	81
114	198	88
114	158	100
114	167	80
114	145	67
114	188	77
114	152	25
114	129	81
115	193	67
115	187	92
115	170	27
115	143	94
115	152	94
115	165	99
115	174	63
115	157	39
115	123	48
115	122	53
115	158	21
115	181	92
115	196	25
115	182	47
115	199	32
115	198	76
115	126	40
115	178	74
115	160	62
115	197	75
115	138	79
115	172	26
115	180	31
115	156	27
116	196	60
116	118	95
116	150	35
116	119	29
116	153	88
116	164	96
116	158	50
116	145	35
116	147	16
116	175	93
116	171	66
116	187	27
116	183	16
116	122	56
116	180	16
116	191	60
116	157	42
116	117	8
116	132	91
116	126	6
116	166	79
116	173	78
117	167	94
117	184	21
117	174	87
117	189	17
117	158	6
117	180	83
117	150	77
117	199	44
117	173	26
117	159	88
117	175	76
117	181	94
117	152	12
117	128	92
117	169	44
117	131	63
117	157	26
117	185	22
117	166	88
117	119	96
117	118	56
117	126	34
118	157	66
118	149	32
118	185	54
118	146	99
118	127	20
118	187	76
118	191	95
118	194	31
118	177	98
118	161	65
118	120	56
118	181	79
118	129	91
118	147	97
118	178	38
118	148	35
118	133	70
118	192	21
118	121	87
118	142	37
119	146	27
119	151	20
119	170	39
119	199	57
119	163	86
119	166	100
119	147	29
119	182	16
119	183	41
119	125	89
119	174	83
119	134	90
119	190	72
119	169	17
119	193	25
119	131	70
119	164	24
119	161	49
119	154	23
120	153	80
120	180	36
120	193	38
120	185	80
120	164	18
120	160	53
120	161	25
120	172	62
120	170	45
120	154	20
120	197	12
120	128	33
120	159	12
120	169	65
120	148	89
120	152	18
120	194	45
120	143	22
120	149	37
121	185	13
121	162	44
121	188	21
121	194	11
121	199	20
121	122	16
121	156	83
121	187	42
121	175	88
121	183	12
121	135	60
121	164	89
121	166	53
121	170	29
121	169	44
121	174	96
121	159	42
121	127	9
121	195	83
121	177	56
121	186	42
122	150	54
122	155	33
122	172	48
122	180	9
122	185	11
122	165	86
122	170	99
122	163	77
122	132	39
122	123	41
122	167	31
122	133	64
122	130	10
122	129	73
122	195	68
123	174	16
123	152	71
123	162	94
123	189	60
123	199	45
123	165	31
123	179	69
123	126	31
123	151	85
123	173	68
123	163	13
123	156	74
123	194	9
123	160	47
123	129	62
124	151	9
124	179	43
124	174	50
124	180	52
124	128	100
124	125	41
124	130	46
124	129	13
124	194	91
124	154	98
124	188	66
124	159	92
124	198	82
124	191	42
124	136	83
124	138	53
125	195	63
125	127	81
125	164	93
125	165	12
125	152	91
125	153	44
125	154	28
125	177	30
125	136	91
125	156	88
125	194	19
125	178	81
126	172	60
126	171	98
126	174	9
126	165	28
126	193	90
126	130	85
126	132	93
126	127	48
126	170	86
126	192	49
126	185	30
126	186	58
126	187	37
126	183	86
126	134	47
126	139	17
127	154	97
127	175	91
127	199	52
127	179	42
127	158	61
127	190	41
127	128	74
127	135	14
127	131	61
127	170	80
127	134	5
127	195	93
127	193	69
127	169	30
127	173	7
127	172	7
127	146	46
128	131	84
128	171	68
128	199	94
128	178	79
128	189	10
128	188	61
128	176	90
128	135	57
128	140	31
128	162	87
128	197	27
128	198	82
128	129	19
128	136	31
128	144	46
128	168	59
129	179	8
129	192	95
129	175	29
129	158	67
129	164	78
129	185	38
129	156	58
129	188	17
129	184	35
129	187	43
129	199	30
129	196	40
129	191	94
129	186	55
129	140	88
129	146	6
129	138	89
129	169	13
129	157	69
130	172	66
130	198	78
130	165	86
130	180	44
130	189	17
130	181	83
130	160	91
130	138	12
130	193	39
130	187	60
130	140	37
130	170	80
130	167	5
130	161	72
130	184	65
130	157	83
130	183	74
131	169	47
131	159	79
131	137	86
131	176	75
131	180	65
131	186	19
131	134	42
131	145	51
131	195	30
131	188	57
131	185	95
131	153	82
131	179	98
131	174	7
131	187	63
132	180	32
132	199	80
132	162	84
132	134	42
132	170	45
132	198	84
132	177	37
132	179	99
132	138	38
132	169	88
132	176	65
132	159	81
132	166	27
132	191	25
132	144	95
132	172	21
132	151	34
132	196	13
132	163	93
133	166	14
133	162	76
133	174	49
133	168	93
133	163	21
133	191	64
133	140	87
133	178	91
133	171	33
133	160	94
133	170	22
133	143	24
133	190	97
133	144	36
133	137	66
133	173	83
134	193	9
134	177	34
134	167	28
134	183	11
134	171	47
134	186	39
134	181	8
134	189	57
134	172	51
134	151	23
135	170	24
135	190	88
135	177	84
135	168	66
135	181	34
135	180	71
135	195	26
135	186	33
135	193	54
135	145	36
135	142	8
135	138	5
135	187	65
135	143	28
135	165	72
135	194	37
135	166	19
135	171	94
135	153	23
135	183	79
135	160	73
136	169	49
136	167	69
136	178	19
136	181	97
136	197	56
136	189	71
136	142	47
136	172	7
136	183	85
136	174	95
136	138	17
136	152	26
137	191	83
137	190	40
137	181	12
137	166	70
137	144	6
137	180	83
137	164	10
137	141	13
137	147	94
137	156	9
137	157	54
137	183	89
137	151	34
137	138	29
138	174	55
138	192	39
138	179	51
138	191	13
138	142	67
138	153	67
138	196	13
138	185	87
138	194	28
138	189	16
139	195	29
139	186	20
139	142	11
139	178	14
139	190	42
139	172	16
139	181	33
139	194	37
139	180	24
139	176	43
139	171	53
139	144	59
139	199	49
139	182	97
139	148	68
139	175	31
139	140	73
139	147	20
140	168	74
140	199	53
140	192	23
140	182	34
140	187	20
140	186	60
140	195	8
140	180	36
140	173	26
140	176	37
140	194	8
140	179	87
140	145	46
141	180	96
141	171	86
141	143	52
141	147	46
141	193	92
141	176	34
141	169	28
141	146	30
141	199	95
141	159	95
141	150	15
141	154	67
141	184	81
141	173	8
142	171	13
142	193	70
142	195	16
142	170	95
142	198	44
142	151	25
142	191	52
142	169	38
142	183	66
142	181	47
142	159	89
142	163	71
142	177	60
143	173	63
143	199	36
143	182	84
143	146	85
143	185	43
143	191	98
143	171	61
143	148	52
143	154	10
143	186	13
143	151	81
143	192	66
143	195	20
144	187	61
144	174	69
144	183	40
144	188	49
144	151	92
144	176	44
144	157	96
144	180	42
144	172	67
144	179	6
144	199	72
144	194	51
145	172	73
145	178	76
145	184	53
145	174	30
145	153	24
145	192	87
145	148	32
145	194	100
145	195	43
146	186	50
146	179	27
146	197	96
146	196	88
146	175	92
146	151	30
146	173	97
146	177	86
146	185	67
146	194	96
146	166	65
146	184	49
146	195	59
146	182	6
146	199	60
146	180	40
146	183	52
147	181	59
147	180	17
147	148	11
147	150	98
147	186	48
147	155	21
147	174	91
147	191	48
147	177	38
147	182	93
147	179	33
147	158	43
147	161	12
147	187	76
147	185	91
147	193	20
148	198	34
148	178	5
148	196	90
148	164	71
148	188	28
148	162	70
148	176	76
148	151	78
148	173	55
149	179	63
149	150	74
149	153	41
149	154	23
149	155	42
149	191	60
149	190	73
149	156	65
149	151	37
149	163	88
149	160	13
149	167	18
149	178	28
149	161	82
150	178	42
150	186	7
150	181	6
150	185	50
150	154	15
150	182	7
150	184	9
150	156	80
150	190	97
150	164	82
150	153	93
150	177	99
151	187	58
151	185	46
151	191	99
151	189	56
151	197	74
151	180	77
151	157	98
151	161	97
151	190	62
151	160	12
151	173	28
152	184	39
152	180	63
152	190	36
152	154	53
152	196	74
152	182	56
152	198	55
152	199	12
152	160	80
152	188	95
152	189	6
152	195	71
152	155	28
152	169	100
152	197	80
153	187	71
153	199	94
153	194	60
153	195	75
153	158	79
153	189	19
153	167	30
153	197	81
153	170	21
153	154	44
153	181	54
153	177	68
153	159	53
154	193	75
154	181	84
154	187	16
154	159	24
154	172	31
154	157	60
154	160	83
154	199	67
155	184	68
155	157	71
155	161	59
155	188	64
155	165	31
155	166	28
155	192	99
155	160	78
155	198	94
155	191	59
155	199	62
155	176	45
156	199	41
156	183	13
156	171	91
156	184	52
156	189	55
156	192	14
156	175	31
156	195	38
157	191	29
157	184	53
157	193	24
157	162	22
157	186	67
157	167	29
157	174	87
157	198	84
157	176	6
157	178	85
157	187	6
158	186	80
158	188	75
158	191	39
158	160	59
158	172	61
158	171	48
158	177	80
159	161	62
159	193	89
159	169	33
159	160	13
159	162	96
159	174	41
159	187	89
160	197	48
160	169	45
160	163	9
160	192	93
160	176	83
160	196	88
160	165	16
160	167	46
161	163	33
161	188	91
161	189	50
161	198	72
161	199	27
161	195	47
161	169	64
161	166	96
161	192	32
162	192	41
162	197	41
162	171	27
162	170	31
162	191	100
162	176	15
162	198	37
162	189	11
163	195	7
163	193	67
163	166	12
163	167	29
163	192	21
163	169	76
163	191	83
163	165	29
163	179	65
163	184	84
164	191	100
164	171	53
164	165	89
164	182	54
164	178	31
164	173	40
165	167	23
165	168	58
165	178	31
165	171	96
165	173	92
166	168	19
166	170	17
166	177	9
166	174	20
166	185	11
166	199	17
167	171	20
167	176	35
167	195	69
167	177	26
167	198	28
167	168	67
167	197	8
167	169	42
168	199	48
168	195	21
168	177	72
168	185	13
168	180	96
168	198	15
169	198	41
169	199	77
169	172	77
169	178	84
169	184	57
169	170	65
169	189	69
170	175	70
170	182	73
170	183	87
170	180	9
170	189	76
171	198	76
171	184	75
171	181	18
171	192	26
171	176	73
173	174	50
173	175	58
173	177	50
174	184	5
174	186	34
174	190	52
175	177	76
175	185	7
175	188	24
175	191	44
175	180	25
176	187	76
176	182	98
176	178	25
176	183	87
176	185	6
177	182	47
177	181	53
178	186	100
178	179	49
178	199	85
178	191	15
179	182	7
179	181	17
179	183	35
179	189	92
179	195	55
180	183	43
181	188	70
181	184	36
181	186	10
181	192	67
182	189	27
182	193	57
183	184	23
183	185	15
183	186	65
183	189	94
183	190	41
184	186	99
184	198	13
185	198	11
185	192	62
186	188	44
188	196	11
188	191	86
189	191	52
189	195	94
189	197	58
190	194	19
190	193	89
190	191	46
190	192	82
190	196	83
191	197	30
192	197	75
193	198	76
193	195	81
193	194	6
194	196	88
197	199	69
