NAME: W_SPARSE_140_70
n: 140
m: 4900
0	52	87
0	91	99
0	72	7
0	92	7
0	59	79
0	74	88
0	82	69
0	56	88
0	104	62
0	51	99
0	49	82
0	84	60
0	93	39
0	38	24
0	37	34
0	39	40
0	77	95
0	64	30
0	78	6
0	63	8
0	69	52
0	55	74
0	137	9
0	79	57
0	46	14
0	70	28
0	45	56
0	85	96
0	4	29
0	88	78
0	12	48
0	68	24
0	102	70
0	60	34
0	6	48
0	73	21
0	86	15
0	89	22
0	100	74
0	13	91
0	47	81
0	61	46
0	83	28
0	94	61
0	97	85
0	42	71
0	76	12
0	135	92
0	2	62
0	54	65
0	134	76
0	19	15
0	125	64
0	1	12
0	36	50
0	124	33
0	80	39
0	57	32
0	15	37
0	62	22
0	40	67
0	48	19
0	67	36
0	129	30
0	136	74
0	50	8
0	24	28
0	117	6
0	17	69
0	131	63
0	121	65
0	26	56
0	115	10
0	96	74
0	114	16
0	3	26
0	32	31
0	99	88
0	126	48
0	31	73
0	18	67
1	37	34
1	68	98
1	48	46
1	104	93
1	50	36
1	78	98
1	91	12
1	96	84
1	49	86
1	42	17
1	4	19
1	73	88
1	57	14
1	90	16
1	2	53
1	5	15
1	45	29
1	139	5
1	93	99
1	135	15
1	51	20
1	56	78
1	70	15
1	94	62
1	71	15
1	136	51
1	9	7
1	130	27
1	85	48
1	41	92
1	79	62
1	60	82
1	102	85
1	126	23
1	6	54
1	67	75
1	95	15
1	128	39
1	81	9
1	13	79
1	38	91
1	83	21
1	103	73
1	62	10
1	63	9
1	3	52
1	98	24
1	58	24
1	12	90
1	40	90
1	133	15
1	55	61
1	131	34
1	129	30
1	86	60
1	14	51
1	132	74
1	87	77
1	80	47
1	20	89
1	18	77
1	25	56
1	24	50
1	66	24
1	119	30
1	59	82
1	16	73
1	22	18
1	111	11
1	32	25
1	115	26
1	75	60
2	42	25
2	102	30
2	56	40
2	58	23
2	3	5
2	103	70
2	74	92
2	96	15
2	49	34
2	76	62
2	46	76
2	4	50
2	47	93
2	95	77
2	97	29
2	137	27
2	39	79
2	89	29
2	138	75
2	100	11
2	66	83
2	71	74
2	135	71
2	105	89
2	136	66
2	54	82
2	80	37
2	61	26
2	83	90
2	69	53
2	131	96
2	14	9
2	52	59
2	130	51
2	62	73
2	51	39
2	17	76
2	19	88
2	93	19
2	106	5
2	87	80
2	13	33
2	91	42
2	45	55
2	104	62
2	124	23
2	11	49
2	90	18
2	119	32
2	128	51
2	94	73
2	26	96
2	16	39
2	55	12
2	68	22
2	133	24
2	38	95
2	8	41
2	139	10
2	9	79
2	77	46
2	99	46
2	53	9
2	32	98
2	64	73
2	28	95
2	20	89
2	59	62
2	24	53
3	102	34
3	39	47
3	96	23
3	87	29
3	43	94
3	50	85
3	74	73
3	107	59
3	69	66
3	106	61
3	55	89
3	62	84
3	98	41
3	137	59
3	103	48
3	6	100
3	105	16
3	4	83
3	101	39
3	47	93
3	95	75
3	5	76
3	75	27
3	67	86
3	138	15
3	80	77
3	46	97
3	71	66
3	91	53
3	130	73
3	14	17
3	18	86
3	76	19
3	65	76
3	81	25
3	44	13
3	22	57
3	58	89
3	85	8
3	126	70
3	132	8
3	45	13
3	72	63
3	128	30
3	97	21
3	83	80
3	73	32
3	23	73
3	79	25
3	56	25
3	78	30
3	57	91
3	84	67
3	51	95
3	89	45
3	124	76
3	68	45
3	16	27
3	40	51
3	64	37
3	90	89
3	139	82
3	27	48
3	49	39
3	104	82
3	127	88
3	42	88
3	123	79
3	53	55
3	88	7
3	17	51
3	63	37
3	125	72
3	92	10
4	48	16
4	63	45
4	81	74
4	79	14
4	40	76
4	7	95
4	54	33
4	91	60
4	85	31
4	10	77
4	53	53
4	70	82
4	50	40
4	44	10
4	76	25
4	9	10
4	11	87
4	89	86
4	58	83
4	105	47
4	59	72
4	103	76
4	46	84
4	57	11
4	74	49
4	62	13
4	71	88
4	136	75
4	65	100
4	69	35
4	18	55
4	47	96
4	49	47
4	84	100
4	42	30
4	127	76
4	20	85
4	100	54
4	5	86
4	87	82
4	8	82
4	64	20
4	93	89
4	55	69
4	45	60
4	99	83
4	90	58
4	102	73
4	66	96
4	139	20
4	29	84
4	134	56
4	124	20
4	78	8
4	82	79
4	120	75
4	24	20
4	132	81
4	135	33
4	22	100
4	75	74
4	6	96
4	25	96
5	55	8
5	87	38
5	98	49
5	103	50
5	65	20
5	106	47
5	95	60
5	92	46
5	89	48
5	6	22
5	11	67
5	109	78
5	72	44
5	138	100
5	76	43
5	93	98
5	66	15
5	68	20
5	70	57
5	10	40
5	13	5
5	107	65
5	96	88
5	17	59
5	78	80
5	131	26
5	41	34
5	8	85
5	15	67
5	16	37
5	20	98
5	62	48
5	63	84
5	132	65
5	128	20
5	61	42
5	129	99
5	94	89
5	85	54
5	67	66
5	54	70
5	30	75
5	127	99
5	118	95
5	108	86
5	116	13
5	124	41
5	56	60
5	28	94
5	123	32
5	115	17
5	101	17
5	137	77
5	104	92
5	117	75
5	42	30
5	75	14
5	31	71
6	109	12
6	84	13
6	8	92
6	71	49
6	83	94
6	69	40
6	81	6
6	67	26
6	43	67
6	11	85
6	55	33
6	87	97
6	94	89
6	100	53
6	93	47
6	53	38
6	63	91
6	108	89
6	58	8
6	62	53
6	102	87
6	88	65
6	92	7
6	137	10
6	85	16
6	44	11
6	61	71
6	90	97
6	78	39
6	42	67
6	65	60
6	70	58
6	12	18
6	18	22
6	101	71
6	74	23
6	79	72
6	91	39
6	130	73
6	97	16
6	16	62
6	133	57
6	9	15
6	52	18
6	128	66
6	56	58
6	104	62
6	135	36
6	106	9
6	13	71
6	122	89
6	131	69
6	76	17
6	125	81
6	120	14
6	26	89
6	7	8
6	59	11
6	139	36
6	32	16
6	19	24
6	21	43
6	107	95
6	72	9
6	38	60
6	82	26
6	15	96
6	36	84
6	50	96
6	73	36
6	77	80
7	107	17
7	76	25
7	99	57
7	103	69
7	80	95
7	63	8
7	102	33
7	104	38
7	100	66
7	97	72
7	110	86
7	70	46
7	82	12
7	11	52
7	50	48
7	78	46
7	56	79
7	101	62
7	90	94
7	84	29
7	71	24
7	19	44
7	58	21
7	73	58
7	67	14
7	91	48
7	135	96
7	95	82
7	64	58
7	18	25
7	20	32
7	89	79
7	60	59
7	139	81
7	66	69
7	21	84
7	98	8
7	9	74
7	46	33
7	131	28
7	129	93
7	136	8
7	86	44
7	65	16
7	57	5
7	25	79
7	59	98
7	26	29
7	96	10
7	111	34
7	108	89
7	123	20
7	72	10
7	77	19
7	47	73
7	68	64
7	22	70
7	37	8
7	45	65
8	54	30
8	50	29
8	99	17
8	95	51
8	73	54
8	68	47
8	44	55
8	48	87
8	46	100
8	76	19
8	9	96
8	52	52
8	105	97
8	75	40
8	47	68
8	104	90
8	49	21
8	85	44
8	80	27
8	62	59
8	69	22
8	97	11
8	93	74
8	64	89
8	139	35
8	58	40
8	19	60
8	98	97
8	23	97
8	102	85
8	111	10
8	103	33
8	11	16
8	60	79
8	70	14
8	77	57
8	132	10
8	18	62
8	112	89
8	107	50
8	106	91
8	22	76
8	83	67
8	125	86
8	31	61
8	29	54
8	88	54
8	110	72
8	34	79
8	51	92
8	55	61
8	67	37
8	96	31
8	123	73
8	37	10
8	86	66
8	131	98
8	133	74
8	66	48
8	130	85
8	120	74
8	117	81
8	35	85
8	39	21
8	84	68
8	36	58
8	91	29
8	63	71
9	50	20
9	85	72
9	86	79
9	105	76
9	103	23
9	64	75
9	69	50
9	89	43
9	108	74
9	79	5
9	63	21
9	82	84
9	49	80
9	112	73
9	57	78
9	16	53
9	106	10
9	67	30
9	46	89
9	45	45
9	90	74
9	109	94
9	98	90
9	99	79
9	80	17
9	75	77
9	18	65
9	15	83
9	73	88
9	135	61
9	19	73
9	56	34
9	26	79
9	104	57
9	21	43
9	78	19
9	10	25
9	52	72
9	58	72
9	25	79
9	23	21
9	72	45
9	47	97
9	96	44
9	87	48
9	138	75
9	102	82
9	54	31
9	17	82
9	74	16
9	11	97
9	61	37
9	118	8
9	130	18
9	116	25
9	37	79
10	46	40
10	11	73
10	78	98
10	103	100
10	12	64
10	55	49
10	91	73
10	88	92
10	110	65
10	106	68
10	60	43
10	65	39
10	66	43
10	100	65
10	74	39
10	99	49
10	15	92
10	64	43
10	105	69
10	53	53
10	61	6
10	63	28
10	94	47
10	82	6
10	111	24
10	58	86
10	85	38
10	23	81
10	112	74
10	96	42
10	113	14
10	50	42
10	14	63
10	22	71
10	47	38
10	132	90
10	19	98
10	69	23
10	107	30
10	101	97
10	28	27
10	76	18
10	71	56
10	62	18
10	108	33
10	27	19
10	95	90
10	136	97
10	130	49
10	104	44
10	135	76
10	128	66
10	109	91
10	114	81
10	127	57
10	126	76
10	90	18
10	138	64
10	40	31
10	34	36
10	131	62
11	100	18
11	55	65
11	68	85
11	73	78
11	72	52
11	65	26
11	95	18
11	69	32
11	64	22
11	76	94
11	17	72
11	93	32
11	58	82
11	110	66
11	61	50
11	84	95
11	67	13
11	80	67
11	104	69
11	47	63
11	53	25
11	89	85
11	75	32
11	49	39
11	98	7
11	109	8
11	59	22
11	27	91
11	97	100
11	56	42
11	74	60
11	25	75
11	54	70
11	94	66
11	15	95
11	70	43
11	48	67
11	60	28
11	96	47
11	130	36
11	102	40
11	112	84
11	81	76
11	108	70
11	128	25
11	106	8
11	57	37
11	103	5
11	22	12
11	63	93
11	34	16
11	24	10
11	35	24
11	113	92
11	87	80
11	111	21
11	28	72
11	52	11
11	132	21
11	39	36
11	19	38
11	31	10
11	119	54
11	134	7
12	100	59
12	61	91
12	90	88
12	86	33
12	49	9
12	67	25
12	79	45
12	65	94
12	96	73
12	93	24
12	70	28
12	104	16
12	94	56
12	69	56
12	112	7
12	92	85
12	56	54
12	102	17
12	60	36
12	116	92
12	16	59
12	57	11
12	113	12
12	75	44
12	76	71
12	83	69
12	62	21
12	48	49
12	111	27
12	82	42
12	81	45
12	73	48
12	52	52
12	27	47
12	64	43
12	77	70
12	78	27
12	98	34
12	136	52
12	85	63
12	108	75
12	18	10
12	103	84
12	23	48
12	55	6
12	58	47
12	71	32
12	135	36
12	63	35
12	74	51
12	37	43
12	97	36
12	36	90
12	38	60
12	50	81
12	54	55
12	22	98
12	32	90
12	99	86
12	139	55
12	91	71
12	28	15
13	82	62
13	113	62
13	85	78
13	15	90
13	62	43
13	108	10
13	99	69
13	77	11
13	111	43
13	55	75
13	64	50
13	89	95
13	71	69
13	91	94
13	51	57
13	14	89
13	79	85
13	72	93
13	74	71
13	59	94
13	114	68
13	57	15
13	52	65
13	58	48
13	23	80
13	66	62
13	112	44
13	18	98
13	116	51
13	75	22
13	115	52
13	137	61
13	56	60
13	86	24
13	136	57
13	33	57
13	110	38
13	21	31
13	96	54
13	98	55
13	131	23
13	87	35
13	22	17
13	94	46
13	97	83
13	65	63
13	30	51
13	76	99
13	67	99
13	81	21
13	107	69
13	73	27
13	139	50
13	135	10
13	44	89
13	128	30
13	68	47
13	69	24
13	46	92
14	75	81
14	109	78
14	55	21
14	84	65
14	101	40
14	74	85
14	113	86
14	17	96
14	50	56
14	68	78
14	98	28
14	65	29
14	69	33
14	105	72
14	110	44
14	97	78
14	22	30
14	86	78
14	94	73
14	82	81
14	93	40
14	20	74
14	104	22
14	77	57
14	85	99
14	83	7
14	88	61
14	117	55
14	67	62
14	92	67
14	59	60
14	79	47
14	89	8
14	24	46
14	116	88
14	53	81
14	71	52
14	25	94
14	76	54
14	108	46
14	90	44
14	21	15
14	91	63
14	66	73
14	73	71
14	52	69
14	137	27
14	64	97
14	40	24
14	39	49
14	136	39
14	134	68
14	18	37
14	129	54
14	128	28
14	135	34
14	43	83
14	38	57
14	80	59
14	87	30
14	125	49
14	16	77
14	15	90
14	127	42
14	29	21
14	37	41
14	51	17
15	79	80
15	97	52
15	114	56
15	98	78
15	57	21
15	62	72
15	68	70
15	82	23
15	51	78
15	77	29
15	106	43
15	52	98
15	72	89
15	102	29
15	119	41
15	92	41
15	89	32
15	96	6
15	115	30
15	118	25
15	69	16
15	88	79
15	25	35
15	87	60
15	66	76
15	71	47
15	59	12
15	101	27
15	56	67
15	100	77
15	67	88
15	91	99
15	108	44
15	23	94
15	53	44
15	110	41
15	60	70
15	138	38
15	24	76
15	17	40
15	117	70
15	132	33
15	58	77
15	28	76
15	70	33
15	20	43
15	107	9
15	35	43
15	34	58
15	93	85
15	65	70
15	64	58
15	36	64
15	18	22
15	86	13
15	38	33
15	55	33
15	137	55
15	30	32
15	81	95
15	127	23
15	26	100
15	21	86
15	113	81
15	22	81
15	42	31
16	84	74
16	59	34
16	86	39
16	56	74
16	61	52
16	116	68
16	78	23
16	58	41
16	76	63
16	87	98
16	109	89
16	104	11
16	99	79
16	105	32
16	115	93
16	79	89
16	91	19
16	100	67
16	111	69
16	94	18
16	66	52
16	57	24
16	108	37
16	65	75
16	72	14
16	98	14
16	106	11
16	18	54
16	107	32
16	75	18
16	117	19
16	120	62
16	63	87
16	68	18
16	83	9
16	96	92
16	64	12
16	80	39
16	60	52
16	17	80
16	102	7
16	29	91
16	26	40
16	33	7
16	62	49
16	71	33
16	19	69
16	69	79
16	95	11
16	30	40
16	25	51
16	90	80
16	43	81
16	40	10
16	89	42
16	46	13
16	119	75
16	21	59
16	139	15
16	81	22
16	28	51
16	93	63
17	91	9
17	115	95
17	68	71
17	59	51
17	83	76
17	108	51
17	82	9
17	106	53
17	64	78
17	57	86
17	19	41
17	104	40
17	55	75
17	120	29
17	81	69
17	121	44
17	112	35
17	60	40
17	78	94
17	107	65
17	105	36
17	113	11
17	22	18
17	101	36
17	72	13
17	117	13
17	27	22
17	61	43
17	76	54
17	86	48
17	66	24
17	79	74
17	23	28
17	32	45
17	88	9
17	136	90
17	89	11
17	139	44
17	116	59
17	62	38
17	137	17
17	65	29
17	100	73
17	73	8
17	96	74
17	70	90
17	110	51
17	138	93
17	29	73
17	21	39
17	63	61
17	97	74
17	128	20
17	53	9
17	133	54
17	42	73
18	107	94
18	72	43
18	101	71
18	114	62
18	121	58
18	116	70
18	62	63
18	56	89
18	86	37
18	61	39
18	84	34
18	103	38
18	74	77
18	80	66
18	78	24
18	120	34
18	73	16
18	88	22
18	19	41
18	91	27
18	112	32
18	59	50
18	106	86
18	119	40
18	66	10
18	93	14
18	113	31
18	20	61
18	23	53
18	108	81
18	111	17
18	105	32
18	24	77
18	76	95
18	57	12
18	71	65
18	94	5
18	92	14
18	33	56
18	67	52
18	95	78
18	96	47
18	34	38
18	37	48
18	39	64
18	98	42
18	28	73
18	29	83
18	36	46
18	83	71
18	63	30
18	75	25
18	26	84
18	43	19
18	42	23
18	117	18
18	118	67
18	79	56
18	70	70
18	99	69
18	21	99
18	133	84
18	22	19
18	100	15
18	64	79
18	90	57
18	109	50
18	27	42
18	127	5
18	35	50
18	89	30
18	30	74
18	82	28
18	110	13
19	56	11
19	71	47
19	63	18
19	86	13
19	92	95
19	117	34
19	123	24
19	64	13
19	91	37
19	116	38
19	108	63
19	88	71
19	78	95
19	101	92
19	72	55
19	83	93
19	76	72
19	59	28
19	100	50
19	74	95
19	66	88
19	58	15
19	97	20
19	98	23
19	77	72
19	25	17
19	68	81
19	33	20
19	122	10
19	21	52
19	99	38
19	105	65
19	36	10
19	118	43
19	110	45
19	90	90
19	115	19
19	93	7
19	79	58
19	29	76
19	26	11
19	80	56
19	85	95
19	81	59
19	41	43
19	73	56
19	38	41
19	42	77
19	47	37
19	94	9
19	67	76
19	132	19
19	131	31
19	129	19
19	65	9
19	69	23
19	102	34
19	39	5
19	24	23
19	135	33
19	52	62
20	81	90
20	87	76
20	78	39
20	65	58
20	109	12
20	122	67
20	59	6
20	98	80
20	112	79
20	63	67
20	73	23
20	108	54
20	58	50
20	75	25
20	99	20
20	25	27
20	90	99
20	96	36
20	77	94
20	28	59
20	105	88
20	100	24
20	30	36
20	85	23
20	119	92
20	89	44
20	94	84
20	35	32
20	29	44
20	104	55
20	64	65
20	83	24
20	33	44
20	86	58
20	66	28
20	79	51
20	114	33
20	21	32
20	24	54
20	117	90
20	36	99
20	115	45
20	71	50
20	38	6
20	32	32
20	68	8
20	45	77
20	70	81
20	95	15
20	110	79
20	80	64
20	132	57
20	48	95
20	127	80
20	51	73
20	84	55
20	118	32
21	85	25
21	107	79
21	63	19
21	94	9
21	76	94
21	22	56
21	114	93
21	100	49
21	101	71
21	71	29
21	116	53
21	111	76
21	123	6
21	25	47
21	103	23
21	69	47
21	109	33
21	73	84
21	87	43
21	68	15
21	70	43
21	90	86
21	117	87
21	83	71
21	72	66
21	28	41
21	27	95
21	108	79
21	125	44
21	118	87
21	32	56
21	64	28
21	89	44
21	92	58
21	62	7
21	82	13
21	93	46
21	95	91
21	119	60
21	34	6
21	38	49
21	46	84
21	43	43
21	75	53
21	121	55
21	104	24
21	106	39
21	58	22
21	86	56
21	74	53
21	88	6
21	112	90
21	77	62
21	84	77
21	138	59
21	47	74
21	99	30
21	45	31
21	91	30
21	78	58
22	106	6
22	65	42
22	73	36
22	91	18
22	123	44
22	70	25
22	72	68
22	78	44
22	114	73
22	126	90
22	89	38
22	76	73
22	108	35
22	109	17
22	80	82
22	71	13
22	125	21
22	74	59
22	31	75
22	112	76
22	86	8
22	25	46
22	33	7
22	79	45
22	92	67
22	67	41
22	34	18
22	83	64
22	66	37
22	40	64
22	117	71
22	104	64
22	96	84
22	93	20
22	30	97
22	64	14
22	43	89
22	119	92
22	39	71
22	29	39
22	28	16
22	101	18
22	45	99
22	46	57
22	85	50
22	42	67
22	52	71
22	139	9
22	94	51
22	41	90
22	53	87
22	113	81
23	120	38
23	122	20
23	103	70
23	99	57
23	64	60
23	108	70
23	79	9
23	89	13
23	25	41
23	117	63
23	100	39
23	72	9
23	27	42
23	77	32
23	74	51
23	62	37
23	86	31
23	87	26
23	125	33
23	61	69
23	110	22
23	31	36
23	84	36
23	85	70
23	39	73
23	124	27
23	81	76
23	28	27
23	38	25
23	26	37
23	60	15
23	80	67
23	109	64
23	45	98
23	115	87
23	41	62
23	24	83
23	69	83
23	111	13
23	121	75
23	51	74
23	106	27
23	40	29
23	104	75
23	59	69
23	116	62
23	107	18
23	65	84
23	49	59
23	66	66
23	32	32
23	67	29
23	131	19
23	93	41
23	101	88
23	132	59
24	111	32
24	102	39
24	124	80
24	76	68
24	66	78
24	128	28
24	109	23
24	69	17
24	90	43
24	115	87
24	113	62
24	83	50
24	72	42
24	85	59
24	88	87
24	79	87
24	118	87
24	60	12
24	98	81
24	33	61
24	106	42
24	96	47
24	117	51
24	63	68
24	99	64
24	110	25
24	95	36
24	84	54
24	80	59
24	73	41
24	70	47
24	75	23
24	43	8
24	125	35
24	71	31
24	119	78
24	64	48
24	61	85
24	94	78
24	32	99
24	46	84
24	93	72
24	31	45
24	114	31
24	116	25
24	74	67
24	39	67
24	35	30
24	101	27
24	52	30
24	45	62
24	53	87
24	107	90
25	112	24
25	92	59
25	120	10
25	81	28
25	80	44
25	90	13
25	26	91
25	70	65
25	102	61
25	91	31
25	86	7
25	100	52
25	94	87
25	71	72
25	117	74
25	78	60
25	88	89
25	114	54
25	85	96
25	84	21
25	28	82
25	61	83
25	74	20
25	105	68
25	73	91
25	83	6
25	118	51
25	40	45
25	63	83
25	72	48
25	79	62
25	104	12
25	113	62
25	115	14
25	35	66
25	29	46
25	31	52
25	99	72
25	95	69
25	42	9
25	39	92
25	107	76
25	121	25
25	32	9
25	93	22
25	77	5
25	96	27
25	109	33
25	126	56
25	34	13
25	49	25
25	69	59
25	98	97
25	124	56
25	122	47
25	137	47
25	108	98
25	27	94
25	119	51
25	44	34
25	106	41
25	57	82
25	30	17
25	48	93
25	47	13
25	132	75
25	116	51
26	103	98
26	101	60
26	27	79
26	90	61
26	120	15
26	110	30
26	98	67
26	102	68
26	100	96
26	97	41
26	126	70
26	75	35
26	66	53
26	85	92
26	127	55
26	30	74
26	94	63
26	33	7
26	88	56
26	76	91
26	108	19
26	129	25
26	71	22
26	114	53
26	86	91
26	62	63
26	78	51
26	29	12
26	77	66
26	28	8
26	105	43
26	121	71
26	123	92
26	128	65
26	74	62
26	106	12
26	99	44
26	37	89
26	70	90
26	64	73
26	42	36
26	36	17
26	91	43
26	41	34
26	84	51
26	125	13
26	112	76
26	113	83
26	117	93
26	46	46
26	111	16
26	109	8
26	115	45
26	107	22
26	54	24
26	136	7
26	51	52
26	55	42
26	138	52
26	72	34
27	88	88
27	65	97
27	76	63
27	28	16
27	126	83
27	69	78
27	94	100
27	73	17
27	131	63
27	96	18
27	77	99
27	93	22
27	110	59
27	128	8
27	31	16
27	32	47
27	104	15
27	82	88
27	106	68
27	100	75
27	40	95
27	85	30
27	111	32
27	72	46
27	87	63
27	115	80
27	113	57
27	123	35
27	90	92
27	68	45
27	119	32
27	44	7
27	45	15
27	109	64
27	130	26
27	67	95
27	48	88
27	43	55
27	91	59
27	101	24
27	120	99
27	74	78
27	33	43
27	125	32
27	49	53
27	102	45
27	105	53
27	29	46
27	89	48
27	71	95
27	36	65
27	108	64
27	54	62
27	42	98
27	136	29
27	56	7
27	134	58
27	39	69
27	38	29
28	92	9
28	67	9
28	81	34
28	88	96
28	90	91
28	78	31
28	101	74
28	86	10
28	82	9
28	124	11
28	131	35
28	34	60
28	128	45
28	117	32
28	29	46
28	100	73
28	84	45
28	99	15
28	31	8
28	36	60
28	77	6
28	40	40
28	121	88
28	71	91
28	72	29
28	103	6
28	116	96
28	94	87
28	64	59
28	79	74
28	120	100
28	96	76
28	115	93
28	69	69
28	107	58
28	89	95
28	43	32
28	106	49
28	74	90
28	33	54
28	68	96
28	47	12
28	123	50
28	130	52
28	119	62
28	37	59
28	70	93
28	104	11
28	66	65
28	98	33
28	97	25
28	73	55
28	50	45
28	75	98
28	76	14
28	112	30
28	44	92
28	65	39
28	48	88
28	61	44
29	109	21
29	129	67
29	85	77
29	66	53
29	75	14
29	110	75
29	90	72
29	130	99
29	103	30
29	119	63
29	128	62
29	81	95
29	126	57
29	77	56
29	74	34
29	70	14
29	107	45
29	69	75
29	72	49
29	125	41
29	37	90
29	84	38
29	78	33
29	112	72
29	31	75
29	108	95
29	67	84
29	120	53
29	122	78
29	96	18
29	35	60
29	65	76
29	100	71
29	111	62
29	82	60
29	102	53
29	105	81
29	99	95
29	87	24
29	97	14
29	34	21
29	73	70
29	89	48
29	116	99
29	30	68
29	131	19
29	44	87
29	47	94
29	113	63
29	104	35
29	133	73
29	79	43
29	114	39
29	39	16
29	49	49
29	117	26
29	57	88
29	46	51
29	83	26
29	115	64
29	56	67
29	137	42
30	93	52
30	110	8
30	130	67
30	70	28
30	117	46
30	92	48
30	123	18
30	87	98
30	72	42
30	82	26
30	106	76
30	133	41
30	33	59
30	124	70
30	86	16
30	111	43
30	131	88
30	100	97
30	118	73
30	97	75
30	67	9
30	73	88
30	134	70
30	37	85
30	43	87
30	77	47
30	89	49
30	32	18
30	109	73
30	44	87
30	120	42
30	101	70
30	114	52
30	47	9
30	95	100
30	91	76
30	119	36
30	85	29
30	84	98
30	39	62
30	79	55
30	68	29
30	50	90
30	36	65
30	66	71
30	116	83
30	125	94
30	71	59
30	34	90
30	96	45
30	107	11
30	62	56
31	113	38
31	90	64
31	132	75
31	95	76
31	103	42
31	106	91
31	107	78
31	116	61
31	129	56
31	115	7
31	91	83
31	35	21
31	68	93
31	133	92
31	84	65
31	39	84
31	134	26
31	135	99
31	33	69
31	87	37
31	101	88
31	71	11
31	96	23
31	43	7
31	127	6
31	118	39
31	37	96
31	89	63
31	34	13
31	126	51
31	83	10
31	97	59
31	40	38
31	49	66
31	124	89
31	111	32
31	53	5
31	46	18
31	48	53
31	54	75
31	85	11
31	72	44
31	86	91
31	108	96
31	80	26
31	41	88
31	117	43
31	130	98
31	67	50
31	94	84
31	104	66
31	110	58
31	120	55
31	32	82
31	51	55
31	58	33
31	76	66
31	125	16
31	99	12
31	57	33
31	122	98
31	81	38
32	78	73
32	120	37
32	33	23
32	74	81
32	125	6
32	124	19
32	70	35
32	135	93
32	105	82
32	117	26
32	100	49
32	90	81
32	106	77
32	38	47
32	92	90
32	98	45
32	109	21
32	132	96
32	128	58
32	69	53
32	34	68
32	122	58
32	126	78
32	97	99
32	94	54
32	37	83
32	41	79
32	129	13
32	77	9
32	99	84
32	81	30
32	121	42
32	35	97
32	88	92
32	113	92
32	123	42
32	72	59
32	85	21
32	112	86
32	136	42
32	42	17
32	52	49
32	80	6
32	95	50
32	118	13
32	82	49
32	131	12
32	96	76
32	54	27
32	133	81
32	101	45
32	45	10
32	76	10
32	49	9
33	88	80
33	102	67
33	133	44
33	83	21
33	96	37
33	85	97
33	97	80
33	114	21
33	80	72
33	124	35
33	89	98
33	127	72
33	35	73
33	131	57
33	132	27
33	71	60
33	119	40
33	117	62
33	99	46
33	107	23
33	81	36
33	101	71
33	104	87
33	92	16
33	116	77
33	78	6
33	111	11
33	37	32
33	118	63
33	47	6
33	82	47
33	109	28
33	42	68
33	90	29
33	77	92
33	73	72
33	75	50
33	129	47
33	53	56
33	137	17
33	95	67
33	130	57
33	69	62
33	86	51
33	43	99
33	108	46
33	55	27
33	76	35
33	44	50
33	125	94
33	103	24
33	126	62
33	135	73
33	57	29
33	120	59
33	72	55
33	106	43
33	113	91
33	70	92
33	112	29
33	48	83
33	98	25
33	64	15
33	136	17
33	50	62
34	136	7
34	75	41
34	125	37
34	132	13
34	97	68
34	82	12
34	134	44
34	73	45
34	72	83
34	120	90
34	38	12
34	110	50
34	128	19
34	91	80
34	129	20
34	105	74
34	93	86
34	117	87
34	104	44
34	127	88
34	70	60
34	119	41
34	81	55
34	84	76
34	78	37
34	76	36
34	137	23
34	39	22
34	85	60
34	94	31
34	108	47
34	52	92
34	50	11
34	103	62
34	112	35
34	44	97
34	55	89
34	89	28
34	57	86
34	113	74
34	42	5
34	43	62
34	54	8
34	131	70
34	58	65
34	115	50
34	59	48
34	114	29
34	35	20
34	53	69
34	46	61
34	92	19
34	100	58
34	107	54
34	80	84
34	88	83
35	122	19
35	78	22
35	82	40
35	89	43
35	107	33
35	73	15
35	106	95
35	38	47
35	75	74
35	100	37
35	115	68
35	113	72
35	94	79
35	72	15
35	93	80
35	131	78
35	109	42
35	99	70
35	132	61
35	86	7
35	119	38
35	117	75
35	125	85
35	42	34
35	112	29
35	97	84
35	133	79
35	47	19
35	101	67
35	79	99
35	136	76
35	103	41
35	37	10
35	77	13
35	139	98
35	51	57
35	118	84
35	111	9
35	120	58
35	40	24
35	52	99
35	74	98
35	138	40
35	92	70
35	87	22
35	81	47
35	46	35
35	60	88
35	83	61
35	84	96
35	41	57
35	128	61
35	48	46
35	95	8
35	98	86
35	134	37
35	50	15
35	135	39
35	91	74
36	126	15
36	130	25
36	133	94
36	131	93
36	84	18
36	94	55
36	119	92
36	37	8
36	38	53
36	97	84
36	100	95
36	83	30
36	124	14
36	72	17
36	86	11
36	107	61
36	127	51
36	122	58
36	85	42
36	77	51
36	110	75
36	101	82
36	118	97
36	132	68
36	80	65
36	96	19
36	40	80
36	88	6
36	42	29
36	114	84
36	92	35
36	138	46
36	74	83
36	50	41
36	78	74
36	48	13
36	55	84
36	87	89
36	104	52
36	111	93
36	41	55
36	51	71
36	60	72
36	135	64
36	56	65
36	134	42
36	46	59
36	113	85
36	58	65
36	137	20
36	129	72
36	139	42
36	108	9
36	54	96
36	73	84
37	104	10
37	123	86
37	122	32
37	105	84
37	130	80
37	88	96
37	80	13
37	74	49
37	132	62
37	75	59
37	98	63
37	134	7
37	89	51
37	38	94
37	46	32
37	40	82
37	81	19
37	100	15
37	42	94
37	96	89
37	109	96
37	115	69
37	43	20
37	97	31
37	127	14
37	116	13
37	136	17
37	87	33
37	50	86
37	85	49
37	106	24
37	76	38
37	103	40
37	131	81
37	138	62
37	48	65
37	118	13
37	60	20
37	73	27
37	52	76
37	113	32
37	78	84
37	93	12
37	45	93
37	133	10
37	84	48
37	92	18
37	111	93
37	117	78
37	128	29
37	59	8
37	64	49
37	66	66
37	120	87
37	102	42
38	102	72
38	117	10
38	110	44
38	109	30
38	121	59
38	129	42
38	104	70
38	91	96
38	112	5
38	107	85
38	75	70
38	40	90
38	122	54
38	89	88
38	97	76
38	100	14
38	138	72
38	132	87
38	92	38
38	128	14
38	96	8
38	79	54
38	113	41
38	39	69
38	119	16
38	130	30
38	125	75
38	43	8
38	88	50
38	115	56
38	45	31
38	47	41
38	93	26
38	78	93
38	131	67
38	53	76
38	106	35
38	55	90
38	49	14
38	108	84
38	120	23
38	111	38
38	54	97
38	94	28
38	42	34
38	87	18
38	77	73
38	105	63
38	65	43
38	58	29
39	132	28
39	89	37
39	126	69
39	79	8
39	84	31
39	43	99
39	115	57
39	137	89
39	103	83
39	117	42
39	100	83
39	45	38
39	107	16
39	47	7
39	77	35
39	109	77
39	116	93
39	83	83
39	91	67
39	108	86
39	99	7
39	82	39
39	86	92
39	129	29
39	90	29
39	95	82
39	80	88
39	76	51
39	97	97
39	51	37
39	104	9
39	52	72
39	88	61
39	136	89
39	75	29
39	92	16
39	102	31
39	105	90
39	127	68
39	135	39
39	85	56
39	59	78
39	63	39
39	49	23
39	121	47
39	42	54
39	134	78
39	61	31
39	64	56
39	130	71
39	72	14
39	131	83
40	100	93
40	120	29
40	121	89
40	42	66
40	107	77
40	99	33
40	108	66
40	134	43
40	96	68
40	79	22
40	111	68
40	124	21
40	80	21
40	102	50
40	101	92
40	92	70
40	113	57
40	117	49
40	135	100
40	46	29
40	129	14
40	93	83
40	91	33
40	115	94
40	109	94
40	44	50
40	133	94
40	48	32
40	128	78
40	53	82
40	47	81
40	137	87
40	118	70
40	52	100
40	131	40
40	85	81
40	126	41
40	116	91
40	77	95
40	105	53
40	136	79
40	106	12
40	127	50
40	95	23
40	86	98
40	139	36
40	66	60
40	97	94
40	43	38
40	50	55
40	60	84
40	76	42
40	119	100
40	88	73
40	57	44
40	78	45
40	58	12
40	54	14
41	96	51
41	129	93
41	133	44
41	85	26
41	80	63
41	90	82
41	106	90
41	111	87
41	83	30
41	78	96
41	114	91
41	127	24
41	120	69
41	121	82
41	134	72
41	131	58
41	43	30
41	49	79
41	104	49
41	86	88
41	50	28
41	88	89
41	116	55
41	53	75
41	124	58
41	117	34
41	91	92
41	55	63
41	54	76
41	99	35
41	107	30
41	118	18
41	119	50
41	46	5
41	62	30
41	110	77
41	123	94
41	44	64
41	70	54
41	103	90
41	66	44
41	51	85
41	122	57
41	97	30
41	89	48
41	77	14
41	63	55
41	59	43
42	80	97
42	127	15
42	83	87
42	122	47
42	114	36
42	98	65
42	130	34
42	132	70
42	119	81
42	124	10
42	95	9
42	120	55
42	111	64
42	116	72
42	135	86
42	137	19
42	45	15
42	123	50
42	128	96
42	139	54
42	51	26
42	54	15
42	90	96
42	46	99
42	138	87
42	87	21
42	134	80
42	89	100
42	125	25
42	107	90
42	88	14
42	78	22
42	81	90
42	101	37
42	96	54
42	105	99
42	133	13
42	103	55
42	131	74
42	52	87
42	60	22
42	64	84
42	112	24
42	85	46
42	110	21
42	121	19
42	126	90
42	115	70
42	53	55
42	63	43
42	58	43
42	71	90
42	49	41
42	55	90
42	65	43
42	68	21
43	81	51
43	98	17
43	87	59
43	116	30
43	139	21
43	113	79
43	125	59
43	80	69
43	127	63
43	88	20
43	121	85
43	126	21
43	100	73
43	137	48
43	86	82
43	95	85
43	119	92
43	79	59
43	85	37
43	120	39
43	117	48
43	106	32
43	129	86
43	55	30
43	110	91
43	56	52
43	135	96
43	53	42
43	109	92
43	133	33
43	94	91
43	114	38
43	60	61
43	46	7
43	66	67
43	65	34
43	102	24
43	54	36
43	105	93
43	138	44
43	118	85
43	45	27
43	63	44
43	90	75
43	115	25
43	73	42
43	93	65
43	57	36
43	47	65
43	82	63
43	99	43
43	44	6
43	62	32
44	119	14
44	135	79
44	129	17
44	107	80
44	95	75
44	93	26
44	96	8
44	45	53
44	131	41
44	133	37
44	132	29
44	91	71
44	120	30
44	124	46
44	125	10
44	85	97
44	53	22
44	137	94
44	52	56
44	90	24
44	101	66
44	88	48
44	82	80
44	114	94
44	55	44
44	63	87
44	111	13
44	130	66
44	49	55
44	94	30
44	56	71
44	47	10
44	123	56
44	112	76
44	100	88
44	106	9
44	58	53
44	65	18
44	62	17
44	50	7
44	81	91
44	48	68
44	76	87
44	75	41
44	67	67
44	71	80
44	127	78
45	109	14
45	100	84
45	137	17
45	105	66
45	87	16
45	129	50
45	96	55
45	103	15
45	90	25
45	130	52
45	114	74
45	120	85
45	102	52
45	135	72
45	92	86
45	121	87
45	51	46
45	46	28
45	128	45
45	85	9
45	118	54
45	127	76
45	89	85
45	104	29
45	57	89
45	63	36
45	106	53
45	110	47
45	81	56
45	94	49
45	95	44
45	116	89
45	68	98
45	84	7
45	62	80
45	50	82
45	111	89
45	113	82
45	99	86
45	48	19
45	133	38
45	122	58
45	138	24
45	61	6
45	65	22
45	75	57
45	124	41
45	72	67
45	132	38
46	116	86
46	84	58
46	118	41
46	130	42
46	120	48
46	102	12
46	127	26
46	106	22
46	134	34
46	94	94
46	47	95
46	107	58
46	113	54
46	92	7
46	121	50
46	51	21
46	89	68
46	52	60
46	48	77
46	108	70
46	61	65
46	97	51
46	124	92
46	100	10
46	119	47
46	110	95
46	53	12
46	83	27
46	139	68
46	128	29
46	69	7
46	88	19
46	104	17
46	122	55
46	95	9
46	103	26
46	125	97
46	138	58
46	71	59
46	74	68
46	58	5
46	75	31
46	112	25
46	73	36
46	91	60
46	137	67
46	55	67
46	129	48
46	126	10
46	87	59
47	95	13
47	106	92
47	108	64
47	88	67
47	86	29
47	112	53
47	117	35
47	85	69
47	105	62
47	89	88
47	92	96
47	121	69
47	110	61
47	125	83
47	123	67
47	54	12
47	137	53
47	119	78
47	130	67
47	126	32
47	98	34
47	116	77
47	128	24
47	53	26
47	115	29
47	133	27
47	104	41
47	132	51
47	134	12
47	102	41
47	56	96
47	60	82
47	107	26
47	51	88
47	103	25
47	50	70
47	62	90
47	124	47
47	120	39
47	65	64
47	111	89
47	96	7
47	83	40
47	93	100
47	61	75
47	136	30
47	59	34
47	131	7
47	101	19
47	127	78
47	70	41
48	135	90
48	101	91
48	88	50
48	112	83
48	111	37
48	132	71
48	133	55
48	127	83
48	85	97
48	95	98
48	104	48
48	139	45
48	115	98
48	53	24
48	122	16
48	92	38
48	91	78
48	134	17
48	97	99
48	89	25
48	94	79
48	121	90
48	49	15
48	87	5
48	55	83
48	58	32
48	61	90
48	100	82
48	136	20
48	131	18
48	65	54
48	118	28
48	86	35
48	114	58
48	56	58
48	63	77
48	119	45
48	66	66
48	107	90
48	68	78
48	84	85
48	73	22
48	69	18
48	110	44
48	126	40
48	96	35
48	103	86
48	90	50
49	108	14
49	118	98
49	117	88
49	122	87
49	138	60
49	129	74
49	51	53
49	97	71
49	99	96
49	113	57
49	105	30
49	52	88
49	50	51
49	120	24
49	101	53
49	135	93
49	92	39
49	89	72
49	112	61
49	91	70
49	62	61
49	111	99
49	109	71
49	61	46
49	57	26
49	66	7
49	102	14
49	137	47
49	130	36
49	53	56
49	98	44
49	106	63
49	95	82
49	125	19
49	119	13
49	73	97
49	68	54
49	133	30
49	131	8
49	139	95
49	59	32
49	76	90
49	72	71
49	86	84
49	96	59
49	77	66
49	136	61
49	132	63
50	100	92
50	89	7
50	51	22
50	88	64
50	92	40
50	135	87
50	122	93
50	107	36
50	117	45
50	139	79
50	108	59
50	94	81
50	115	65
50	102	48
50	116	76
50	126	42
50	114	62
50	118	21
50	86	66
50	59	43
50	98	59
50	132	79
50	95	17
50	112	16
50	103	69
50	58	30
50	121	33
50	64	40
50	131	25
50	123	38
50	137	59
50	101	79
50	65	26
50	104	85
50	63	5
50	113	35
50	133	36
50	96	93
50	72	23
50	75	49
50	124	96
50	60	20
50	128	99
50	91	18
50	110	86
50	77	83
50	73	33
50	109	78
50	125	13
50	138	54
50	119	31
51	115	20
51	128	35
51	135	10
51	126	36
51	87	39
51	99	87
51	116	26
51	101	27
51	123	14
51	55	9
51	113	16
51	110	59
51	105	82
51	107	65
51	97	53
51	95	100
51	119	39
51	93	91
51	58	16
51	122	31
51	104	46
51	125	40
51	54	29
51	94	18
51	103	34
51	108	23
51	92	62
51	90	13
51	136	98
51	133	37
51	53	36
51	62	37
51	60	48
51	68	23
51	100	62
51	112	34
51	69	13
51	56	32
51	73	41
51	88	68
51	114	63
51	138	23
51	63	38
52	124	8
52	95	26
52	119	36
52	109	59
52	135	75
52	89	98
52	112	70
52	122	84
52	137	73
52	97	98
52	98	96
52	104	90
52	120	45
52	53	82
52	57	34
52	54	24
52	56	25
52	65	43
52	91	47
52	110	50
52	103	29
52	129	25
52	61	49
52	63	31
52	101	50
52	62	45
52	100	42
52	127	95
52	138	61
52	99	42
52	73	55
52	121	52
52	113	40
52	134	70
52	72	46
52	64	49
52	115	15
52	123	23
52	78	35
52	58	9
52	130	43
52	93	29
52	131	87
52	74	64
52	60	13
52	66	62
53	98	74
53	126	58
53	104	71
53	106	76
53	110	98
53	117	87
53	100	28
53	118	15
53	131	75
53	56	11
53	124	67
53	58	27
53	107	15
53	115	90
53	128	52
53	59	48
53	105	10
53	116	33
53	137	19
53	119	32
53	95	46
53	103	34
53	61	72
53	109	37
53	121	26
53	135	89
53	69	85
53	73	94
53	92	59
53	111	69
53	70	57
53	89	97
53	54	88
53	55	32
53	97	94
53	134	27
53	123	28
53	75	17
53	136	80
53	82	5
53	113	58
53	125	90
53	83	100
54	118	46
54	105	46
54	112	73
54	116	33
54	94	73
54	102	58
54	96	48
54	106	25
54	119	41
54	127	15
54	99	72
54	128	76
54	92	53
54	135	15
54	139	23
54	62	75
54	115	67
54	111	30
54	136	30
54	65	40
54	134	45
54	57	25
54	114	18
54	100	28
54	131	41
54	132	70
54	58	66
54	97	23
54	73	87
54	122	47
54	108	26
54	93	71
54	67	94
54	123	33
54	120	49
54	91	88
54	83	100
54	84	58
54	137	49
54	70	80
54	124	82
54	87	99
55	131	35
55	122	12
55	134	84
55	139	86
55	109	47
55	92	89
55	136	33
55	96	71
55	132	21
55	138	46
55	59	38
55	125	10
55	112	41
55	107	56
55	58	7
55	111	91
55	135	47
55	127	26
55	63	35
55	133	57
55	100	79
55	102	82
55	57	90
55	117	87
55	105	41
55	120	22
55	126	99
55	56	17
55	64	86
55	66	93
55	84	82
55	115	54
55	124	23
55	75	9
55	65	51
55	85	18
55	114	100
55	71	42
55	95	62
55	104	25
55	77	49
55	94	69
55	106	30
55	137	53
56	131	22
56	129	81
56	105	47
56	108	79
56	99	64
56	61	50
56	62	99
56	113	49
56	125	32
56	128	46
56	107	30
56	132	70
56	137	88
56	109	11
56	96	45
56	57	11
56	139	56
56	63	95
56	134	72
56	58	79
56	119	54
56	126	49
56	71	57
56	70	76
56	64	20
56	115	81
56	94	80
56	112	45
56	133	88
56	120	61
56	101	26
56	67	79
56	74	11
56	79	60
56	78	98
56	69	54
56	97	47
56	100	26
56	127	65
56	124	66
56	89	95
57	102	56
57	118	61
57	128	50
57	130	28
57	98	30
57	135	79
57	105	31
57	124	66
57	138	58
57	134	54
57	66	81
57	111	61
57	67	90
57	107	64
57	129	44
57	136	6
57	101	35
57	73	77
57	121	43
57	137	84
57	75	44
57	96	21
57	119	65
57	68	28
57	70	77
57	126	7
57	123	62
57	58	59
57	71	92
57	69	87
57	139	47
57	74	57
57	117	65
57	62	56
57	78	17
57	108	45
58	134	80
58	96	89
58	116	23
58	59	28
58	121	16
58	94	26
58	126	14
58	118	38
58	100	27
58	136	5
58	60	35
58	109	59
58	102	29
58	63	14
58	110	86
58	112	41
58	98	25
58	125	80
58	133	29
58	127	34
58	64	83
58	115	58
58	135	36
58	70	56
58	122	11
58	69	50
58	128	83
58	78	23
58	82	57
58	101	59
58	103	85
58	139	41
58	62	17
58	99	85
58	73	86
58	66	84
58	88	95
58	117	10
58	65	66
58	91	35
58	113	81
58	130	77
59	115	66
59	136	100
59	64	75
59	129	88
59	139	34
59	105	40
59	116	97
59	100	41
59	114	24
59	126	43
59	112	34
59	124	26
59	62	83
59	133	79
59	73	6
59	66	34
59	75	24
59	95	52
59	97	62
59	132	80
59	110	90
59	78	25
59	117	50
59	131	67
59	101	98
59	60	16
59	67	5
59	125	78
59	130	97
59	68	20
59	79	20
59	72	23
59	82	10
59	93	32
60	127	60
60	101	68
60	122	72
60	102	31
60	98	58
60	62	12
60	112	25
60	123	75
60	96	93
60	128	64
60	64	24
60	134	51
60	139	75
60	100	67
60	129	44
60	114	47
60	130	57
60	109	14
60	133	96
60	99	73
60	126	81
60	106	12
60	115	6
60	117	14
60	63	29
60	71	52
60	124	81
60	132	91
60	79	18
60	113	11
60	131	25
60	66	89
60	72	49
60	82	67
60	137	13
60	65	88
60	85	78
60	89	87
60	81	81
60	67	50
60	77	12
60	110	87
60	83	65
60	94	63
60	74	7
60	70	45
61	108	15
61	104	97
61	113	19
61	118	44
61	125	27
61	136	13
61	137	92
61	116	48
61	114	92
61	107	98
61	65	80
61	98	55
61	110	70
61	63	47
61	64	86
61	72	44
61	105	16
61	119	69
61	101	62
61	135	23
61	112	6
61	127	68
61	121	45
61	124	70
61	97	25
61	103	46
61	81	70
61	106	50
61	132	72
61	85	47
61	133	69
61	131	72
61	109	72
61	88	88
61	138	82
61	73	89
61	102	8
61	122	96
61	92	51
61	99	48
61	62	53
61	79	83
61	69	77
62	123	46
62	119	92
62	111	41
62	132	30
62	104	58
62	118	6
62	122	12
62	103	61
62	63	79
62	130	88
62	67	35
62	71	81
62	65	20
62	72	24
62	117	28
62	101	25
62	105	71
62	107	94
62	98	53
62	108	42
62	64	83
62	133	41
62	73	28
62	99	5
62	128	25
62	100	89
62	126	15
62	74	30
62	125	84
62	124	43
62	77	7
62	138	45
62	139	17
62	102	99
62	88	37
62	93	41
62	83	90
62	131	66
62	114	39
62	110	10
62	106	31
63	119	47
63	129	83
63	109	31
63	127	46
63	138	75
63	117	92
63	64	6
63	65	9
63	134	69
63	128	66
63	123	41
63	131	10
63	124	31
63	72	29
63	73	86
63	108	77
63	69	36
63	133	70
63	104	76
63	77	12
63	75	45
63	132	32
63	137	98
63	80	93
63	74	70
63	107	15
63	113	16
63	68	83
63	85	64
63	116	38
63	115	41
63	99	76
63	121	63
63	120	60
63	106	70
63	136	61
63	125	35
63	84	70
63	101	29
64	102	40
64	113	68
64	115	89
64	67	58
64	109	44
64	106	89
64	128	47
64	68	96
64	133	62
64	127	67
64	103	14
64	122	68
64	123	98
64	112	82
64	65	26
64	129	86
64	77	69
64	131	9
64	134	79
64	75	23
64	70	31
64	119	74
64	71	40
64	117	88
64	78	10
64	116	35
64	135	70
64	73	26
64	125	45
64	130	36
64	88	94
64	76	64
64	72	73
64	132	42
64	83	76
64	87	76
64	69	81
64	121	79
64	86	47
64	138	70
65	130	93
65	124	39
65	122	19
65	66	76
65	107	45
65	129	18
65	132	83
65	111	13
65	136	9
65	120	42
65	110	36
65	70	86
65	127	42
65	113	42
65	77	6
65	117	67
65	133	53
65	139	75
65	123	84
65	72	55
65	137	98
65	80	68
65	79	18
65	83	61
65	104	8
65	87	58
65	76	93
65	119	50
65	131	16
65	109	82
65	125	98
65	91	39
65	74	62
65	94	14
65	86	56
65	96	49
66	111	6
66	116	52
66	130	78
66	136	25
66	106	94
66	123	74
66	117	83
66	131	18
66	70	93
66	118	45
66	124	50
66	69	93
66	113	96
66	78	9
66	74	9
66	72	55
66	121	68
66	134	29
66	125	11
66	71	14
66	133	37
66	83	14
66	110	34
66	105	63
66	80	39
66	88	80
66	122	39
66	132	41
66	108	87
66	109	9
67	130	40
67	69	89
67	117	76
67	110	45
67	70	28
67	107	96
67	137	29
67	124	24
67	131	95
67	75	49
67	127	45
67	104	52
67	121	18
67	72	46
67	81	53
67	68	98
67	132	40
67	120	55
67	103	15
67	123	31
67	112	26
67	129	52
67	71	70
67	90	96
67	92	9
67	126	16
67	86	62
67	91	37
67	82	70
67	96	34
67	108	87
67	85	61
67	101	69
68	127	30
68	134	32
68	69	39
68	111	21
68	135	20
68	114	53
68	74	36
68	70	75
68	108	81
68	120	37
68	123	49
68	72	53
68	109	26
68	110	7
68	139	8
68	106	36
68	80	70
68	81	66
68	79	5
68	137	63
68	133	74
68	116	78
68	112	42
68	136	93
68	89	57
68	131	60
68	84	50
68	91	78
68	119	91
68	77	71
68	117	13
68	124	53
68	92	17
68	132	50
68	90	99
68	93	39
68	125	73
68	121	16
68	100	79
69	109	44
69	111	79
69	124	90
69	112	61
69	71	57
69	75	82
69	118	40
69	132	58
69	106	60
69	136	93
69	139	38
69	122	75
69	130	47
69	79	10
69	80	100
69	77	58
69	125	72
69	117	41
69	82	83
69	105	48
69	138	6
69	78	53
69	126	7
69	133	52
69	70	21
69	110	8
69	83	39
69	127	63
69	84	44
69	114	64
69	98	35
69	81	44
69	116	69
69	113	5
69	92	52
70	133	6
70	137	16
70	118	89
70	130	30
70	131	50
70	136	29
70	122	55
70	72	50
70	110	97
70	107	66
70	121	42
70	128	15
70	84	78
70	114	22
70	129	24
70	116	84
70	75	16
70	82	37
70	117	33
70	125	37
70	115	75
70	77	35
70	127	82
70	134	84
70	92	90
70	91	55
70	78	74
70	94	100
70	96	39
70	76	77
70	73	50
70	89	27
70	139	51
70	120	20
71	123	57
71	111	57
71	114	93
71	135	78
71	116	8
71	130	81
71	121	48
71	117	96
71	119	33
71	73	90
71	80	40
71	110	91
71	75	44
71	107	68
71	108	61
71	128	46
71	115	27
71	83	28
71	77	18
71	137	80
71	76	59
71	89	82
71	93	47
71	124	28
71	112	52
71	120	78
71	85	57
71	91	72
71	138	39
71	94	71
71	98	44
71	96	31
71	97	9
71	81	22
72	134	11
72	122	36
72	121	39
72	132	20
72	125	20
72	131	63
72	119	68
72	112	65
72	135	33
72	80	55
72	82	78
72	117	68
72	84	58
72	123	20
72	76	65
72	129	58
72	130	93
72	87	41
72	91	15
72	115	32
72	128	96
72	74	31
72	79	65
72	97	43
72	127	27
72	86	87
72	85	33
72	133	53
72	109	96
72	139	60
72	100	27
73	125	15
73	131	81
73	112	95
73	136	41
73	134	55
73	77	51
73	135	73
73	74	81
73	138	62
73	130	51
73	82	64
73	117	97
73	80	52
73	85	37
73	127	93
73	111	62
73	124	17
73	83	76
73	139	99
73	84	63
73	123	80
73	87	64
73	98	26
73	81	67
73	122	42
73	94	64
73	79	48
73	137	57
73	104	89
73	119	17
73	116	17
74	130	75
74	120	77
74	75	46
74	124	53
74	116	72
74	137	14
74	125	29
74	126	29
74	132	80
74	139	81
74	129	54
74	117	66
74	84	70
74	110	61
74	119	50
74	87	10
74	90	6
74	83	9
74	113	41
74	80	84
74	121	92
74	131	73
74	91	91
74	99	39
74	128	32
74	135	23
74	112	71
74	101	36
74	115	34
74	81	93
74	104	93
74	92	9
74	89	47
74	136	27
75	131	28
75	135	29
75	130	20
75	139	17
75	111	11
75	118	28
75	138	81
75	126	32
75	122	80
75	136	30
75	84	44
75	112	32
75	89	63
75	83	8
75	92	72
75	86	31
75	93	89
75	124	15
75	127	26
75	116	40
75	78	94
75	128	25
75	82	31
75	102	18
75	98	5
75	134	78
75	85	81
75	95	77
75	88	62
75	120	12
75	121	58
76	131	63
76	116	27
76	120	58
76	113	10
76	136	49
76	138	70
76	114	68
76	85	43
76	129	98
76	78	32
76	132	38
76	121	10
76	80	5
76	82	84
76	90	11
76	123	33
76	139	17
76	77	27
76	126	53
76	128	97
76	122	68
76	89	78
76	100	6
76	134	41
76	102	71
76	96	93
76	127	57
76	98	15
77	131	62
77	139	88
77	115	10
77	133	46
77	138	63
77	119	97
77	121	66
77	79	60
77	116	37
77	113	25
77	125	92
77	127	98
77	137	92
77	114	62
77	123	54
77	134	11
77	80	23
77	95	37
77	87	18
77	85	66
77	126	78
77	78	13
77	86	40
77	132	67
77	90	94
77	130	47
77	135	99
77	102	93
77	82	86
77	105	91
78	136	71
78	121	78
78	79	61
78	135	72
78	82	92
78	116	67
78	134	62
78	81	90
78	115	30
78	125	7
78	80	84
78	90	84
78	132	70
78	93	31
78	86	29
78	126	93
78	84	46
78	95	14
78	120	15
78	138	49
78	128	20
78	89	55
78	123	17
78	104	38
78	83	43
78	114	72
78	139	47
78	107	48
79	128	77
79	131	21
79	135	12
79	130	57
79	138	64
79	132	61
79	117	35
79	86	53
79	90	73
79	139	54
79	121	34
79	81	5
79	133	20
79	103	6
79	83	8
79	115	30
79	91	60
79	99	6
79	124	46
79	123	47
79	125	8
79	93	48
79	100	23
80	137	16
80	130	33
80	125	10
80	123	60
80	86	53
80	87	44
80	124	26
80	118	56
80	126	64
80	82	25
80	128	42
80	138	26
80	93	31
80	97	65
80	120	49
80	127	45
80	91	75
80	92	22
80	131	26
80	98	15
80	117	58
80	101	94
80	94	95
80	90	78
80	95	10
80	139	67
80	116	94
80	129	46
80	107	30
80	136	94
80	100	54
81	132	76
81	134	93
81	86	44
81	135	51
81	121	93
81	88	31
81	84	37
81	133	20
81	139	76
81	137	22
81	120	60
81	91	75
81	131	67
81	96	96
81	123	69
81	124	45
81	117	44
81	83	7
81	130	63
81	93	46
81	106	11
81	129	41
81	118	24
81	85	82
81	99	86
81	100	23
81	92	96
81	94	35
81	101	35
81	103	10
81	98	63
81	110	91
81	111	59
82	138	77
82	125	82
82	129	37
82	130	59
82	89	80
82	135	57
82	83	8
82	85	81
82	88	82
82	93	49
82	133	66
82	139	51
82	96	72
82	126	62
82	122	46
82	123	61
82	86	85
82	137	73
82	120	69
82	119	25
82	92	72
82	124	46
82	131	60
82	84	93
82	95	50
82	107	88
82	105	60
82	111	35
82	114	30
82	98	22
82	101	87
83	125	46
83	130	35
83	131	13
83	134	74
83	135	42
83	139	86
83	124	13
83	86	51
83	120	54
83	87	35
83	132	15
83	84	92
83	128	84
83	90	60
83	92	72
83	126	92
83	96	44
83	103	95
83	127	38
83	133	15
83	138	36
83	100	75
83	93	62
83	129	29
83	123	29
83	137	66
83	89	56
83	104	12
83	111	69
84	123	94
84	138	47
84	133	17
84	134	14
84	89	41
84	136	63
84	85	97
84	121	81
84	139	41
84	90	100
84	91	69
84	124	33
84	88	95
84	94	19
84	92	32
84	126	23
84	129	63
84	99	66
84	122	66
84	104	81
84	106	33
84	87	30
84	102	56
84	120	47
84	100	15
84	107	44
84	137	14
84	131	89
84	108	53
84	127	55
85	136	28
85	134	85
85	138	11
85	133	50
85	135	89
85	123	63
85	130	75
85	97	95
85	131	69
85	98	67
85	91	19
85	86	71
85	122	59
85	100	57
85	102	26
85	139	90
85	105	62
85	125	17
85	114	81
85	112	45
85	132	30
85	104	49
85	103	50
85	107	77
86	130	7
86	88	37
86	136	20
86	138	77
86	126	21
86	133	26
86	128	74
86	122	87
86	129	38
86	92	50
86	127	5
86	134	56
86	102	91
86	139	90
86	123	96
86	101	28
86	107	92
86	131	50
86	113	98
86	104	86
86	116	42
86	109	5
86	103	60
87	88	20
87	134	21
87	132	22
87	130	86
87	131	12
87	97	94
87	123	58
87	124	36
87	127	77
87	106	66
87	125	64
87	126	18
87	92	63
87	137	50
87	98	92
87	107	20
87	105	94
87	138	69
87	99	90
87	94	90
87	112	7
87	93	33
87	90	15
87	102	31
87	104	6
87	128	79
88	138	29
88	135	31
88	130	20
88	89	57
88	96	41
88	131	6
88	136	99
88	94	23
88	127	62
88	100	99
88	132	74
88	139	78
88	108	58
88	124	63
88	106	71
88	91	22
88	110	58
88	137	47
88	117	8
88	134	9
88	92	72
88	129	10
88	104	21
89	127	55
89	128	58
89	132	5
89	138	15
89	126	24
89	135	11
89	134	13
89	99	44
89	102	45
89	129	62
89	93	82
89	136	17
89	130	65
89	103	99
89	108	42
89	106	98
89	107	71
89	95	80
89	125	86
89	97	25
89	115	93
89	110	9
89	116	75
89	137	93
89	104	69
89	117	63
90	131	19
90	126	45
90	129	77
90	98	96
90	93	98
90	133	69
90	106	24
90	132	95
90	110	93
90	127	67
90	112	47
90	109	92
90	128	46
90	118	28
90	120	24
90	130	73
90	117	31
90	94	61
90	135	33
90	108	58
91	93	22
91	131	69
91	137	97
91	133	38
91	132	15
91	97	30
91	136	46
91	105	55
91	94	87
91	95	82
91	99	69
91	109	96
91	128	22
91	108	81
91	113	82
91	116	17
91	139	42
91	134	59
91	104	70
91	101	53
91	114	84
91	98	20
91	129	53
92	131	56
92	139	76
92	93	35
92	134	95
92	138	21
92	129	41
92	104	23
92	105	8
92	102	72
92	96	41
92	107	92
92	99	96
92	111	69
92	136	12
92	109	55
92	97	86
92	132	43
92	108	75
92	98	33
92	118	39
92	117	31
92	126	36
93	138	84
93	129	38
93	139	51
93	96	77
93	100	16
93	106	39
93	105	6
93	133	42
93	104	16
93	130	30
93	110	7
93	109	7
93	101	12
93	97	97
93	102	82
93	113	100
93	112	31
93	132	28
93	99	7
93	117	21
93	118	97
93	108	66
93	135	17
94	138	6
94	139	65
94	135	87
94	134	31
94	133	72
94	130	39
94	97	30
94	104	81
94	132	73
94	96	25
94	105	28
94	137	65
94	136	17
94	118	98
94	106	75
94	112	25
94	122	38
94	123	39
95	136	40
95	135	50
95	139	59
95	133	60
95	101	90
95	106	7
95	111	73
95	102	85
95	134	89
95	112	25
95	114	55
95	105	32
95	132	94
95	118	34
95	137	56
95	123	27
95	115	95
95	116	13
95	113	69
95	129	63
96	135	74
96	97	78
96	132	76
96	138	77
96	133	55
96	136	20
96	99	6
96	134	77
96	98	75
96	139	78
96	103	81
96	114	60
96	101	19
96	111	99
96	102	74
96	108	90
96	105	42
96	119	32
96	106	46
96	112	73
97	139	24
97	103	72
97	107	14
97	100	21
97	113	92
97	110	87
97	134	33
97	118	62
97	135	39
97	119	6
97	120	75
97	136	50
97	104	72
97	138	14
97	123	20
97	122	86
97	105	80
98	137	83
98	101	81
98	99	6
98	136	71
98	107	16
98	106	78
98	135	52
98	110	5
98	119	75
98	138	54
98	111	51
98	113	81
98	105	43
98	100	21
98	117	12
99	138	49
99	139	12
99	101	60
99	103	6
99	100	10
99	136	8
99	137	81
99	110	35
99	111	50
99	119	84
99	106	94
99	108	43
99	109	50
99	105	20
99	135	74
99	124	18
99	130	98
99	132	48
100	138	28
100	107	40
100	106	47
100	139	96
100	105	47
100	109	30
100	137	39
100	110	57
100	128	61
100	125	8
100	130	8
100	126	55
100	123	74
100	111	39
101	139	98
101	138	44
101	104	18
101	110	47
101	106	13
101	113	69
101	111	67
101	109	71
101	105	79
101	103	89
101	112	22
101	114	84
101	122	64
101	108	6
101	118	82
101	129	36
101	133	64
101	124	27
101	126	10
101	135	43
102	103	97
102	107	49
102	105	95
102	104	9
102	106	74
102	112	62
102	118	64
102	122	91
102	139	82
102	110	44
102	124	11
102	119	44
102	111	71
102	128	81
102	115	73
102	131	46
102	133	87
103	106	48
103	109	15
103	121	16
103	104	72
103	128	12
103	118	16
103	131	54
103	107	6
103	134	42
103	130	28
103	110	42
103	137	49
103	114	85
103	125	91
104	107	40
104	105	89
104	114	33
104	117	34
104	121	92
104	125	44
104	119	29
104	111	22
104	128	40
105	115	71
105	109	77
105	107	98
105	122	81
105	118	39
105	116	25
105	111	95
105	127	91
105	129	55
105	120	15
105	126	66
105	135	71
105	114	29
106	111	19
106	112	85
106	108	13
106	127	85
106	125	14
106	114	98
106	121	34
106	126	45
106	139	17
106	133	28
107	108	48
107	115	93
107	116	90
107	119	79
107	120	24
107	121	40
107	125	91
107	126	70
107	131	42
107	132	94
107	113	7
107	128	39
107	135	89
108	111	28
108	109	30
108	113	89
108	114	58
108	115	66
108	121	27
108	117	17
108	119	46
108	116	50
108	118	5
108	112	29
108	131	30
108	123	63
108	125	95
108	127	36
108	128	42
108	137	26
109	115	33
109	114	32
109	119	42
109	118	39
109	121	43
109	133	72
109	129	55
109	134	73
109	112	96
109	113	71
109	132	79
109	111	88
109	139	86
110	117	70
110	114	57
110	115	40
110	125	97
110	116	70
110	127	19
110	111	36
110	130	65
110	120	65
110	112	86
110	118	56
110	123	5
111	117	24
111	114	28
111	118	23
111	128	55
111	119	76
111	131	94
111	130	10
111	116	33
111	112	69
111	121	15
111	124	43
111	133	91
112	114	12
112	115	56
112	123	40
112	118	81
112	120	70
112	122	23
112	117	32
112	128	56
112	113	17
112	131	88
112	119	96
112	130	45
113	120	25
113	114	87
113	125	65
113	127	71
113	126	89
113	123	78
113	117	78
113	136	41
113	138	13
113	132	100
113	115	67
114	121	31
114	127	26
114	117	54
114	115	71
114	119	12
114	122	21
114	134	85
114	116	62
114	136	98
114	126	93
114	138	47
114	130	81
114	131	71
114	118	90
114	123	7
115	120	21
115	117	54
115	121	35
115	125	79
115	127	58
115	132	37
115	133	64
115	119	67
115	129	27
115	131	47
115	122	40
116	124	28
116	118	21
116	119	98
116	120	72
116	135	44
116	117	15
116	139	14
116	129	73
116	138	6
116	128	66
116	136	69
116	122	60
117	120	69
117	119	51
117	125	22
117	128	9
117	126	20
117	118	8
117	127	69
117	138	14
117	133	49
117	131	86
117	134	58
117	121	22
118	121	66
118	125	40
118	122	15
118	123	93
118	129	73
118	138	85
118	126	32
119	121	83
119	127	70
119	123	91
119	135	96
119	128	13
119	122	64
119	129	82
119	139	56
119	125	5
119	124	45
119	126	36
119	130	16
120	123	63
120	121	68
120	125	70
120	132	99
120	135	50
120	134	92
120	128	43
120	126	85
121	129	47
121	137	91
121	124	24
121	123	86
121	139	20
122	124	43
122	135	46
122	125	93
122	130	62
122	127	55
122	136	58
122	134	10
122	132	62
123	127	13
123	132	12
123	135	67
123	139	82
123	136	17
123	124	50
123	138	18
123	128	94
123	133	82
123	131	27
124	129	51
124	133	94
124	136	41
124	137	31
124	135	18
124	138	19
124	130	56
124	126	34
125	127	54
125	128	85
125	131	85
125	130	51
125	126	78
125	135	72
125	138	41
126	131	87
126	130	85
126	136	17
126	139	67
126	133	55
126	137	78
126	138	89
127	138	25
127	128	53
127	134	24
127	131	39
127	129	66
127	139	27
127	137	97
127	132	20
127	135	27
128	136	65
128	138	45
128	139	68
128	134	11
128	132	91
129	133	88
129	130	99
129	138	5
129	137	6
129	132	68
129	136	35
129	131	8
129	139	99
129	134	99
130	131	27
130	137	66
130	138	42
130	133	9
130	135	100
130	132	12
131	133	57
131	138	75
131	134	40
132	137	28
132	138	50
132	133	75
132	135	7
132	136	83
133	134	99
133	136	84
133	135	40
133	137	47
134	137	74
134	139	55
134	135	19
134	136	64
135	137	81
135	139	45
135	138	17
136	137	94
136	138	81
136	139	55
137	138	20
137	139	64
138	139	36
