NAME: W_SPARSE_180_84
n: 180
m: 7560
0	98	91
0	44	27
0	96	66
0	46	65
0	93	11
0	85	71
0	80	62
0	88	69
0	103	28
0	64	58
0	76	64
0	45	28
0	107	99
0	128	26
0	130	28
0	50	32
0	2	44
0	7	79
0	62	8
0	102	29
0	70	30
0	79	10
0	91	61
0	95	16
0	173	8
0	109	8
0	118	59
0	115	86
0	78	86
0	71	56
0	114	77
0	176	49
0	116	16
0	134	23
0	43	80
0	67	79
0	73	7
0	172	100
0	77	46
0	8	42
0	87	14
0	132	24
0	13	78
0	166	29
0	4	82
0	54	84
0	125	90
0	68	20
0	135	70
0	53	80
0	63	42
0	113	93
0	11	52
0	157	16
0	22	27
0	6	64
0	9	69
0	82	92
0	155	49
0	170	27
0	127	86
0	158	87
0	105	84
0	12	56
0	86	83
0	154	25
0	60	98
0	49	79
0	24	48
0	48	94
0	58	7
0	18	69
0	100	47
0	137	17
0	57	10
0	104	69
0	177	80
0	144	30
0	69	76
0	119	98
0	129	78
0	25	32
0	34	94
0	59	88
0	171	68
0	97	22
0	15	80
0	112	17
0	108	55
1	106	79
1	53	8
1	57	43
1	132	79
1	58	68
1	65	90
1	81	23
1	109	75
1	2	34
1	59	63
1	102	34
1	127	96
1	49	17
1	120	82
1	4	10
1	175	90
1	179	75
1	55	64
1	133	24
1	123	41
1	94	10
1	104	28
1	126	100
1	67	11
1	107	80
1	138	83
1	171	14
1	73	98
1	108	94
1	14	85
1	170	93
1	47	26
1	98	84
1	93	65
1	96	46
1	90	68
1	166	29
1	101	85
1	88	98
1	114	89
1	111	9
1	17	32
1	74	93
1	3	95
1	165	15
1	87	89
1	124	43
1	164	94
1	167	7
1	99	64
1	157	70
1	117	25
1	13	19
1	52	27
1	134	29
1	71	98
1	125	76
1	54	100
1	110	11
1	29	12
1	130	17
1	11	72
1	64	40
1	129	81
1	15	33
1	137	62
1	177	42
1	151	26
1	79	86
1	27	99
1	20	84
1	103	67
1	31	77
1	23	29
1	168	78
1	112	97
1	122	58
1	6	40
1	150	35
1	24	61
1	163	9
1	176	74
2	125	47
2	101	97
2	56	30
2	82	15
2	120	7
2	121	52
2	129	47
2	73	33
2	99	28
2	136	86
2	177	29
2	81	79
2	79	18
2	8	83
2	9	34
2	176	84
2	62	62
2	64	86
2	95	85
2	85	42
2	102	29
2	60	6
2	112	55
2	45	71
2	77	48
2	105	69
2	12	98
2	179	45
2	63	32
2	70	84
2	5	58
2	14	60
2	11	27
2	3	13
2	113	92
2	17	68
2	96	85
2	94	57
2	123	33
2	126	35
2	128	71
2	18	66
2	92	75
2	52	54
2	104	63
2	83	50
2	98	59
2	130	92
2	20	17
2	160	18
2	4	48
2	137	6
2	29	32
2	65	78
2	106	39
2	166	71
2	76	83
2	24	78
2	19	41
2	58	89
2	91	60
2	84	41
2	97	56
2	55	80
2	66	14
2	74	97
2	175	32
2	88	19
2	167	79
2	38	31
2	107	54
2	127	82
2	108	37
2	51	75
2	10	71
2	131	49
2	122	48
2	57	82
2	149	26
2	154	61
2	146	61
3	140	7
3	46	73
3	57	43
3	97	29
3	138	93
3	102	51
3	125	10
3	104	58
3	114	62
3	89	26
3	110	46
3	131	36
3	137	63
3	68	40
3	11	51
3	95	47
3	98	30
3	84	74
3	15	19
3	62	63
3	90	64
3	117	46
3	136	92
3	118	52
3	119	24
3	12	41
3	49	43
3	133	42
3	85	40
3	124	89
3	65	77
3	109	97
3	100	76
3	127	86
3	126	76
3	167	97
3	174	86
3	7	66
3	86	14
3	50	99
3	170	16
3	172	20
3	29	62
3	6	73
3	157	29
3	159	85
3	8	18
3	63	60
3	51	16
3	94	78
3	59	73
3	25	11
3	21	59
3	74	57
3	160	72
3	66	39
3	75	86
3	14	65
3	37	88
3	58	71
3	132	31
3	34	21
3	139	75
3	70	35
3	5	16
3	47	91
3	105	8
3	129	34
3	48	79
3	111	12
3	155	49
3	177	93
4	70	45
4	113	58
4	121	8
4	73	16
4	50	85
4	84	38
4	71	83
4	65	27
4	98	41
4	69	16
4	62	41
4	91	97
4	179	98
4	87	17
4	66	61
4	105	75
4	125	58
4	116	62
4	52	71
4	96	96
4	83	29
4	95	20
4	119	96
4	88	15
4	85	85
4	9	8
4	103	87
4	102	50
4	68	55
4	128	79
4	67	47
4	72	58
4	82	56
4	51	17
4	20	12
4	89	19
4	132	21
4	135	16
4	171	59
4	126	53
4	100	34
4	139	100
4	13	31
4	12	73
4	97	91
4	173	42
4	131	7
4	81	39
4	18	46
4	160	59
4	177	35
4	122	62
4	48	51
4	63	59
4	133	87
4	7	15
4	123	22
4	92	17
4	170	31
4	33	85
4	166	28
4	137	36
4	10	39
4	153	58
4	78	32
4	111	30
4	117	85
4	169	99
4	55	6
4	109	6
4	14	99
4	172	34
4	161	83
4	53	89
4	167	6
4	136	71
4	168	54
4	157	34
4	148	84
4	151	12
4	115	22
4	17	17
4	155	91
4	149	85
4	54	46
4	108	8
5	65	77
5	77	34
5	119	60
5	120	69
5	125	27
5	49	67
5	74	97
5	58	60
5	57	32
5	109	64
5	84	52
5	83	88
5	85	26
5	101	30
5	142	74
5	107	75
5	117	31
5	55	14
5	51	39
5	122	16
5	81	36
5	63	37
5	88	6
5	108	14
5	118	82
5	59	90
5	112	58
5	96	64
5	110	98
5	111	80
5	134	62
5	56	66
5	102	73
5	105	97
5	139	64
5	97	90
5	20	35
5	69	8
5	115	54
5	76	52
5	104	28
5	94	79
5	50	53
5	80	91
5	16	72
5	127	73
5	176	43
5	13	66
5	72	23
5	124	18
5	126	45
5	113	55
5	131	18
5	86	34
5	61	34
5	31	18
5	54	70
5	78	71
5	165	61
5	11	94
5	24	10
5	9	12
5	159	42
5	130	58
5	123	6
5	158	50
5	37	35
5	18	86
5	116	10
5	167	63
5	35	87
5	137	65
5	75	68
5	114	37
5	174	13
5	17	16
5	135	60
5	41	98
5	52	18
5	148	41
5	170	58
5	29	41
6	133	27
6	93	15
6	99	11
6	57	89
6	132	7
6	97	10
6	96	11
6	123	100
6	53	100
6	114	33
6	120	49
6	142	62
6	10	94
6	76	77
6	80	78
6	127	61
6	110	87
6	134	79
6	55	73
6	112	23
6	105	58
6	111	37
6	175	24
6	7	53
6	116	45
6	8	98
6	140	38
6	104	85
6	121	88
6	23	64
6	13	68
6	22	71
6	88	98
6	139	44
6	20	94
6	51	95
6	87	28
6	15	15
6	89	38
6	73	64
6	66	76
6	143	37
6	11	95
6	52	89
6	72	77
6	18	16
6	59	14
6	137	40
6	109	40
6	179	48
6	131	62
6	24	40
6	71	80
6	50	83
6	29	19
6	115	44
6	54	60
6	177	70
6	12	27
6	25	37
6	64	88
6	74	63
6	75	69
6	113	18
6	178	35
6	39	43
6	122	70
6	135	96
6	160	30
6	81	78
6	103	19
6	82	76
6	27	60
6	30	13
6	156	90
6	41	19
6	98	59
6	84	26
6	9	79
6	100	17
7	98	67
7	62	32
7	133	95
7	9	83
7	114	30
7	113	31
7	116	50
7	92	39
7	100	68
7	89	86
7	138	92
7	129	59
7	123	71
7	61	68
7	81	60
7	91	54
7	60	68
7	99	52
7	86	97
7	119	93
7	95	47
7	17	47
7	19	97
7	107	34
7	64	7
7	79	62
7	135	64
7	110	88
7	144	99
7	69	78
7	124	50
7	93	32
7	112	42
7	53	100
7	73	36
7	94	31
7	126	24
7	106	65
7	71	78
7	101	67
7	168	46
7	134	21
7	14	30
7	120	94
7	22	54
7	76	88
7	141	43
7	13	96
7	139	36
7	28	12
7	105	34
7	66	31
7	97	29
7	80	58
7	118	9
7	132	72
7	167	63
7	108	17
7	163	28
7	166	15
7	165	23
7	122	75
7	32	98
7	153	46
7	90	9
7	109	11
7	21	48
7	41	42
7	128	91
7	35	71
7	11	21
7	29	9
7	47	39
7	12	88
7	27	96
8	105	44
8	109	80
8	76	30
8	58	83
8	70	69
8	141	94
8	133	12
8	104	32
8	139	96
8	107	64
8	84	65
8	86	28
8	140	85
8	63	70
8	120	53
8	119	88
8	52	54
8	125	91
8	137	51
8	103	28
8	60	85
8	81	21
8	66	67
8	14	45
8	53	84
8	95	91
8	79	52
8	108	12
8	121	32
8	85	5
8	123	24
8	71	81
8	136	38
8	12	97
8	59	51
8	19	71
8	90	57
8	112	58
8	94	36
8	176	67
8	177	6
8	11	94
8	142	91
8	54	48
8	145	96
8	114	81
8	83	32
8	72	5
8	170	76
8	174	8
8	178	77
8	62	18
8	93	11
8	55	77
8	33	29
8	165	34
8	26	11
8	92	66
8	118	64
8	61	43
8	89	77
8	18	7
8	56	40
8	98	69
8	132	88
8	35	55
8	32	26
8	135	85
8	163	15
8	65	7
8	64	87
8	73	89
8	175	40
8	15	83
8	69	37
8	168	61
8	30	26
8	23	73
8	99	38
8	134	85
8	13	93
8	138	58
8	149	9
8	101	12
8	36	85
8	78	42
8	77	30
9	103	54
9	134	7
9	68	38
9	141	61
9	76	11
9	55	65
9	70	81
9	106	50
9	138	37
9	140	99
9	57	13
9	108	6
9	74	29
9	119	26
9	85	63
9	88	57
9	133	14
9	107	8
9	65	39
9	86	87
9	112	71
9	135	75
9	129	48
9	84	80
9	91	51
9	100	42
9	125	32
9	144	75
9	143	78
9	113	79
9	115	27
9	80	26
9	94	94
9	54	73
9	173	65
9	172	31
9	124	83
9	111	8
9	122	58
9	15	40
9	101	63
9	67	10
9	59	66
9	16	68
9	12	24
9	102	75
9	52	87
9	56	97
9	97	81
9	92	25
9	105	64
9	73	86
9	28	60
9	34	10
9	121	77
9	179	24
9	146	16
9	79	21
9	98	18
9	156	72
9	157	26
9	82	54
9	44	56
9	169	40
9	178	68
9	123	95
9	89	50
9	110	94
9	170	58
9	158	6
9	162	62
9	48	21
9	136	65
10	74	79
10	86	47
10	116	37
10	114	38
10	11	22
10	140	32
10	143	8
10	102	33
10	124	19
10	138	68
10	72	15
10	90	54
10	69	80
10	92	19
10	98	13
10	89	33
10	56	72
10	78	91
10	111	80
10	19	76
10	82	82
10	130	61
10	58	36
10	137	70
10	101	49
10	60	35
10	76	97
10	15	60
10	118	92
10	62	17
10	83	49
10	12	68
10	22	31
10	71	70
10	95	39
10	119	35
10	115	76
10	75	44
10	26	81
10	68	11
10	70	26
10	25	38
10	105	12
10	127	63
10	96	26
10	171	10
10	24	17
10	120	35
10	110	74
10	55	80
10	66	32
10	57	29
10	14	62
10	177	27
10	61	11
10	139	76
10	37	90
10	142	44
10	170	53
10	99	100
10	133	59
10	16	55
10	107	48
10	106	94
10	121	27
10	158	28
10	123	50
10	32	25
10	27	76
10	45	6
10	129	56
10	128	63
10	30	95
10	46	72
10	135	16
10	13	17
10	85	97
10	132	8
10	33	85
10	161	58
10	176	65
10	100	83
11	90	32
11	12	86
11	54	19
11	114	82
11	122	11
11	83	9
11	94	20
11	136	92
11	80	38
11	135	57
11	68	20
11	129	87
11	97	25
11	77	85
11	106	52
11	121	96
11	120	35
11	127	36
11	64	14
11	140	24
11	112	78
11	148	17
11	84	8
11	113	95
11	108	62
11	82	10
11	100	7
11	103	69
11	62	26
11	124	59
11	59	27
11	143	60
11	138	56
11	74	60
11	132	94
11	92	61
11	63	97
11	58	41
11	137	11
11	174	8
11	29	13
11	76	58
11	102	68
11	119	43
11	25	73
11	99	64
11	56	74
11	23	86
11	37	74
11	175	72
11	104	64
11	168	95
11	38	57
11	39	64
11	88	43
11	96	97
11	57	52
11	101	27
11	111	66
11	41	89
11	18	71
11	73	19
11	126	10
11	134	53
11	70	93
11	98	61
11	95	56
11	128	59
11	125	46
11	165	81
11	20	22
11	19	80
11	14	40
11	24	48
11	32	100
11	75	12
11	89	88
11	26	46
11	161	21
11	60	87
11	131	63
11	160	31
11	91	48
11	142	10
11	146	9
11	17	97
12	84	25
12	108	48
12	81	69
12	103	98
12	95	84
12	116	36
12	123	37
12	104	97
12	100	20
12	137	47
12	101	42
12	93	37
12	147	8
12	74	27
12	58	33
12	69	71
12	57	17
12	134	71
12	68	22
12	20	91
12	142	87
12	102	50
12	77	58
12	86	38
12	64	86
12	136	94
12	120	56
12	105	38
12	16	89
12	118	74
12	130	43
12	80	97
12	83	8
12	70	35
12	23	22
12	31	68
12	22	28
12	65	77
12	131	72
12	114	35
12	139	78
12	66	7
12	35	85
12	125	35
12	146	84
12	129	90
12	55	86
12	176	24
12	27	11
12	132	64
12	28	66
12	78	51
12	166	22
12	171	63
12	15	69
12	62	10
12	97	25
12	98	17
12	178	58
12	164	84
12	140	18
12	17	90
12	18	58
12	138	58
12	148	95
12	72	82
12	39	47
12	61	21
12	167	40
12	85	66
12	47	56
12	63	20
12	90	26
13	142	71
13	132	39
13	66	65
13	125	83
13	78	65
13	109	21
13	69	5
13	128	36
13	131	72
13	119	87
13	91	65
13	140	13
13	114	96
13	118	50
13	141	92
13	76	55
13	103	82
13	92	36
13	107	85
13	138	67
13	81	10
13	80	69
13	111	69
13	70	97
13	106	13
13	116	20
13	16	65
13	74	20
13	77	95
13	24	68
13	112	28
13	126	7
13	145	37
13	64	48
13	61	82
13	90	68
13	20	7
13	93	37
13	146	66
13	87	21
13	97	79
13	130	36
13	68	46
13	105	62
13	35	91
13	127	75
13	133	12
13	27	46
13	23	13
13	67	48
13	122	22
13	170	98
13	123	92
13	104	68
13	26	25
13	144	72
13	149	54
13	60	41
13	89	96
13	102	60
13	41	25
13	161	61
13	163	11
13	31	63
13	63	8
13	46	47
13	86	96
13	167	22
13	136	55
13	100	17
13	162	99
13	98	64
13	45	58
13	65	57
13	156	60
13	14	7
13	36	24
13	121	43
14	80	97
14	97	22
14	104	38
14	63	48
14	119	98
14	86	26
14	139	7
14	127	20
14	146	6
14	141	99
14	72	6
14	57	76
14	74	17
14	117	76
14	99	92
14	59	50
14	116	37
14	107	70
14	140	39
14	69	38
14	143	85
14	62	60
14	142	24
14	70	63
14	93	91
14	23	42
14	76	78
14	122	86
14	105	55
14	26	72
14	89	67
14	92	30
14	90	21
14	27	46
14	82	29
14	88	52
14	61	45
14	126	21
14	25	56
14	108	52
14	85	7
14	131	35
14	136	93
14	91	11
14	103	15
14	150	17
14	145	28
14	128	77
14	137	39
14	84	44
14	87	73
14	114	75
14	15	48
14	169	97
14	40	41
14	18	19
14	121	61
14	75	42
14	78	34
14	58	45
14	37	96
14	67	73
14	173	89
14	66	62
14	60	80
14	44	30
14	167	90
14	24	20
14	17	10
14	160	28
14	132	46
14	33	58
14	102	90
14	95	83
14	148	53
14	176	100
14	29	42
14	106	60
14	129	30
14	51	8
14	164	61
14	77	63
14	73	52
14	175	37
15	69	7
15	62	15
15	17	64
15	103	31
15	122	84
15	151	83
15	59	8
15	126	74
15	145	19
15	100	69
15	16	82
15	84	19
15	139	65
15	98	69
15	97	93
15	96	90
15	129	89
15	111	92
15	125	63
15	19	88
15	78	71
15	68	11
15	138	75
15	104	84
15	142	12
15	27	11
15	102	16
15	109	35
15	140	99
15	141	63
15	90	92
15	110	84
15	115	9
15	26	35
15	76	54
15	131	54
15	137	46
15	150	88
15	74	90
15	93	64
15	95	73
15	177	37
15	58	72
15	106	32
15	144	76
15	60	77
15	99	45
15	147	30
15	33	12
15	28	31
15	63	15
15	89	54
15	66	28
15	146	36
15	21	77
15	171	94
15	123	7
15	143	60
15	67	41
15	127	39
15	169	12
15	149	29
15	35	37
15	114	22
15	51	41
15	167	55
15	179	56
15	91	19
15	31	27
15	158	87
15	25	55
15	120	43
15	87	49
15	38	68
16	136	47
16	140	58
16	121	10
16	75	32
16	142	29
16	62	73
16	112	41
16	134	88
16	91	20
16	96	57
16	139	86
16	145	18
16	65	97
16	17	12
16	143	62
16	84	32
16	100	49
16	131	63
16	146	44
16	79	14
16	59	97
16	21	30
16	29	64
16	118	62
16	110	42
16	77	23
16	24	64
16	126	24
16	133	59
16	30	25
16	64	24
16	27	23
16	26	75
16	153	35
16	88	44
16	61	70
16	104	47
16	144	56
16	148	49
16	87	67
16	33	70
16	128	54
16	99	56
16	66	84
16	122	68
16	101	33
16	32	13
16	45	38
16	147	47
16	35	81
16	95	43
16	108	50
16	68	59
16	86	89
16	36	21
16	149	26
16	90	92
16	152	59
16	124	71
16	114	7
16	80	58
16	40	19
16	92	80
16	34	47
16	38	64
16	117	32
16	172	67
16	41	36
16	70	8
16	119	61
16	132	69
16	23	45
16	85	25
16	177	17
16	115	41
16	98	5
16	125	8
17	129	49
17	91	11
17	138	90
17	85	42
17	73	41
17	69	16
17	66	39
17	116	21
17	105	86
17	126	27
17	115	44
17	96	24
17	124	87
17	64	41
17	98	85
17	63	98
17	77	36
17	68	44
17	103	55
17	28	95
17	83	83
17	99	65
17	141	72
17	102	30
17	80	27
17	94	22
17	119	82
17	29	19
17	104	36
17	25	37
17	62	63
17	178	49
17	18	18
17	34	62
17	61	38
17	74	26
17	133	35
17	108	59
17	148	15
17	84	89
17	139	59
17	135	97
17	32	54
17	123	61
17	22	70
17	37	15
17	136	50
17	100	93
17	144	59
17	79	78
17	70	74
17	40	91
17	131	56
17	154	29
17	120	79
17	128	8
17	47	72
17	43	54
17	112	17
17	172	64
17	67	52
17	72	77
17	50	59
17	125	52
17	30	32
17	167	66
17	147	69
17	97	81
17	118	95
17	45	96
17	171	12
17	140	26
17	65	99
18	115	34
18	90	6
18	133	52
18	121	26
18	147	96
18	94	37
18	104	31
18	130	53
18	63	97
18	112	27
18	103	61
18	155	92
18	143	7
18	74	9
18	146	79
18	97	8
18	85	50
18	144	87
18	154	78
18	153	46
18	105	41
18	131	94
18	141	49
18	136	92
18	88	66
18	70	6
18	66	85
18	142	24
18	26	36
18	69	59
18	29	57
18	73	19
18	91	77
18	34	32
18	23	34
18	20	22
18	30	48
18	128	33
18	119	36
18	25	52
18	35	59
18	33	92
18	86	8
18	135	24
18	116	30
18	127	85
18	100	13
18	71	72
18	75	12
18	137	8
18	81	66
18	108	26
18	175	26
18	140	56
18	44	94
18	150	21
18	113	71
18	123	21
18	106	53
18	83	40
18	22	79
18	50	48
18	77	95
18	114	79
18	62	9
18	31	71
18	53	98
18	28	67
18	19	8
18	41	63
18	89	44
18	48	32
18	80	99
19	77	94
19	71	31
19	65	96
19	96	82
19	154	94
19	81	94
19	149	27
19	131	93
19	102	28
19	23	13
19	82	66
19	85	57
19	90	40
19	78	50
19	105	95
19	110	66
19	120	42
19	153	58
19	24	31
19	151	54
19	109	36
19	130	33
19	142	5
19	80	24
19	122	67
19	113	27
19	136	51
19	91	60
19	36	31
19	75	43
19	83	35
19	101	62
19	111	45
19	22	33
19	30	5
19	29	12
19	98	93
19	128	98
19	132	9
19	155	81
19	32	36
19	97	12
19	175	20
19	31	58
19	76	24
19	117	39
19	94	77
19	25	9
19	84	38
19	73	39
19	138	61
19	106	63
19	172	58
19	178	25
19	67	85
19	38	29
19	166	95
19	45	34
19	33	97
19	53	74
19	124	66
19	95	53
19	164	45
19	74	11
19	145	69
19	54	20
19	70	90
19	43	80
19	21	31
19	100	71
19	107	28
19	27	73
19	47	70
19	162	65
20	111	40
20	81	43
20	104	11
20	87	87
20	72	57
20	89	9
20	150	55
20	136	55
20	120	72
20	137	50
20	88	85
20	113	12
20	123	79
20	83	59
20	92	71
20	127	95
20	90	41
20	129	66
20	110	27
20	85	5
20	30	58
20	63	20
20	76	58
20	155	91
20	132	80
20	70	67
20	38	37
20	35	6
20	68	92
20	144	78
20	148	90
20	22	64
20	32	89
20	37	62
20	139	6
20	77	24
20	131	26
20	75	42
20	121	57
20	42	19
20	45	94
20	112	10
20	69	68
20	97	21
20	124	37
20	39	45
20	149	59
20	66	31
20	28	44
20	47	23
20	31	99
20	170	66
20	71	53
20	43	66
20	168	70
20	78	59
20	171	47
20	173	61
20	176	28
20	36	92
20	119	6
20	25	99
20	51	17
20	142	97
20	23	76
20	174	82
20	98	23
20	58	32
20	134	19
20	21	72
20	95	10
20	147	10
21	69	15
21	78	9
21	70	36
21	99	11
21	110	90
21	23	10
21	114	82
21	25	99
21	71	20
21	109	67
21	67	9
21	135	50
21	151	14
21	22	26
21	82	58
21	96	82
21	84	19
21	103	85
21	124	41
21	129	45
21	118	74
21	76	26
21	133	7
21	106	23
21	121	30
21	40	67
21	37	23
21	104	65
21	125	58
21	24	74
21	92	73
21	86	42
21	28	19
21	29	58
21	144	62
21	73	27
21	77	84
21	105	40
21	48	57
21	83	50
21	32	30
21	89	68
21	138	55
21	107	90
21	27	94
21	44	89
21	45	57
21	85	44
21	64	87
21	90	41
21	156	9
21	54	55
21	65	43
21	140	97
21	122	26
21	47	69
21	68	71
21	113	93
21	93	50
21	147	74
21	97	28
21	30	13
21	173	22
21	42	82
22	79	67
22	112	55
22	73	10
22	71	51
22	122	74
22	154	25
22	82	5
22	113	100
22	66	77
22	118	10
22	150	94
22	77	51
22	152	10
22	155	94
22	128	84
22	70	43
22	116	82
22	89	41
22	132	69
22	146	7
22	124	55
22	125	40
22	25	79
22	114	47
22	28	35
22	95	21
22	111	49
22	149	9
22	107	47
22	143	28
22	131	51
22	75	43
22	90	40
22	138	89
22	69	64
22	68	22
22	91	93
22	141	32
22	35	31
22	153	66
22	65	57
22	100	64
22	115	98
22	179	42
22	133	49
22	81	88
22	147	38
22	157	46
22	117	69
22	142	81
22	78	8
22	156	95
22	27	40
22	44	95
22	102	60
22	42	23
22	148	6
22	46	97
22	53	96
22	83	69
22	84	54
22	104	45
22	139	27
22	24	70
22	51	65
22	134	41
22	94	55
22	39	69
22	33	42
22	93	25
22	45	34
22	54	42
22	97	69
22	61	8
23	73	86
23	74	80
23	81	46
23	78	68
23	119	55
23	25	98
23	89	37
23	114	55
23	86	44
23	67	51
23	102	38
23	27	29
23	154	65
23	101	25
23	75	17
23	88	34
23	85	12
23	30	31
23	77	81
23	152	90
23	134	88
23	126	48
23	144	89
23	159	63
23	110	59
23	98	30
23	124	100
23	117	19
23	113	45
23	94	63
23	105	91
23	68	98
23	104	61
23	106	93
23	36	53
23	118	46
23	70	86
23	38	52
23	145	100
23	97	30
23	96	57
23	103	48
23	111	14
23	142	77
23	146	87
23	178	84
23	26	5
23	84	8
23	93	49
23	95	50
23	116	60
23	143	51
23	177	23
23	72	99
23	160	18
23	100	53
23	35	72
23	123	16
23	24	75
23	139	58
23	83	26
23	33	23
23	138	11
23	122	28
23	40	33
23	80	70
23	173	60
23	150	89
23	46	75
23	155	82
23	50	31
23	42	49
23	169	90
23	47	15
23	54	19
23	34	10
23	171	69
24	88	25
24	139	23
24	110	71
24	154	44
24	129	21
24	96	7
24	125	18
24	122	56
24	114	92
24	121	97
24	109	9
24	127	99
24	78	55
24	134	42
24	101	46
24	143	34
24	99	9
24	67	87
24	81	76
24	97	17
24	144	44
24	104	68
24	135	89
24	158	84
24	98	15
24	102	24
24	151	26
24	31	35
24	92	42
24	32	57
24	115	25
24	153	61
24	137	16
24	79	17
24	159	57
24	107	19
24	130	11
24	69	28
24	36	80
24	94	15
24	156	33
24	30	98
24	34	56
24	126	59
24	161	53
24	29	56
24	108	62
24	74	41
24	116	35
24	40	61
24	90	95
24	100	41
24	142	43
24	35	51
24	80	37
24	87	47
24	45	40
24	42	49
24	141	80
24	55	51
24	25	88
24	63	55
24	175	57
24	59	74
25	151	36
25	125	55
25	132	98
25	93	35
25	82	37
25	76	58
25	154	46
25	157	68
25	161	39
25	156	25
25	160	63
25	133	43
25	26	30
25	129	61
25	98	95
25	137	18
25	99	61
25	118	89
25	97	32
25	27	26
25	90	37
25	110	45
25	70	5
25	139	38
25	145	5
25	106	8
25	112	50
25	88	61
25	162	23
25	121	91
25	85	30
25	95	60
25	104	69
25	71	85
25	147	30
25	143	70
25	33	99
25	131	96
25	102	84
25	148	31
25	117	93
25	30	55
25	32	26
25	155	57
25	96	90
25	120	77
25	123	82
25	46	21
25	34	13
25	69	10
25	41	56
25	159	91
25	126	81
25	177	17
25	114	77
25	54	8
25	111	5
25	91	48
25	44	39
25	152	80
25	128	32
25	101	69
25	142	57
25	79	40
25	56	36
25	37	37
25	174	41
25	103	54
26	87	12
26	88	13
26	77	42
26	123	21
26	159	19
26	125	97
26	105	92
26	110	30
26	99	28
26	137	99
26	154	9
26	70	96
26	132	49
26	140	57
26	71	80
26	145	14
26	108	8
26	151	82
26	128	21
26	35	19
26	160	7
26	111	67
26	74	19
26	112	92
26	32	36
26	116	72
26	39	10
26	139	91
26	28	78
26	34	43
26	141	15
26	73	16
26	161	30
26	102	8
26	44	18
26	29	68
26	153	32
26	147	42
26	97	76
26	82	7
26	75	7
26	107	29
26	72	41
26	69	46
26	86	81
26	133	19
26	55	38
26	134	28
26	46	49
26	53	66
26	175	75
26	144	6
26	91	19
26	95	73
26	52	69
26	177	20
26	103	59
26	155	19
26	162	29
26	143	98
26	50	75
26	104	78
26	150	63
26	58	53
26	40	78
26	84	46
26	138	47
26	106	53
26	85	74
26	59	34
26	174	92
27	130	12
27	85	58
27	80	28
27	99	64
27	98	58
27	92	82
27	119	69
27	135	45
27	84	64
27	82	60
27	70	86
27	158	73
27	89	93
27	118	12
27	108	73
27	123	74
27	138	71
27	143	31
27	154	37
27	112	8
27	121	80
27	73	66
27	126	83
27	146	46
27	122	92
27	164	77
27	100	64
27	139	70
27	151	94
27	140	25
27	40	31
27	129	48
27	141	25
27	163	36
27	75	52
27	32	80
27	142	75
27	87	55
27	116	87
27	74	64
27	44	47
27	35	77
27	91	49
27	33	54
27	78	77
27	47	19
27	51	81
27	159	12
27	153	47
27	110	94
27	31	9
27	133	98
27	120	66
27	42	87
27	90	75
27	107	47
27	152	73
27	175	29
27	104	36
27	43	97
27	125	47
27	127	6
27	36	36
27	162	62
27	172	77
27	65	90
27	171	34
27	81	81
27	45	32
27	49	20
28	122	80
28	136	49
28	163	15
28	123	74
28	74	78
28	76	48
28	84	46
28	78	56
28	159	99
28	71	90
28	143	7
28	109	8
28	98	36
28	80	74
28	164	53
28	73	50
28	165	62
28	133	10
28	128	16
28	82	90
28	99	48
28	156	5
28	97	29
28	77	45
28	94	74
28	114	77
28	140	46
28	157	20
28	35	66
28	135	52
28	31	54
28	102	57
28	112	85
28	121	78
28	129	10
28	41	60
28	162	17
28	120	92
28	117	95
28	92	100
28	38	13
28	146	29
28	158	27
28	144	82
28	103	26
28	104	26
28	43	28
28	48	76
28	154	73
28	132	67
28	147	83
28	111	93
28	91	47
28	90	6
28	72	87
28	75	19
28	110	85
28	59	34
28	37	87
28	139	30
28	142	47
28	141	26
28	105	51
28	150	15
28	86	97
28	124	77
28	137	98
28	151	88
28	87	52
28	173	16
28	33	37
28	83	48
28	118	6
28	34	58
28	47	65
28	88	35
28	60	8
28	134	51
28	57	59
28	178	7
28	36	23
28	95	91
28	177	50
29	73	47
29	72	74
29	146	98
29	95	19
29	134	32
29	118	10
29	108	72
29	120	65
29	139	93
29	122	64
29	106	51
29	110	56
29	165	99
29	144	86
29	30	84
29	85	91
29	163	24
29	103	66
29	159	66
29	31	42
29	90	73
29	155	55
29	82	78
29	166	18
29	121	58
29	124	89
29	135	89
29	81	79
29	40	92
29	117	90
29	109	28
29	150	83
29	161	10
29	39	53
29	79	22
29	97	83
29	158	18
29	105	9
29	149	79
29	89	45
29	74	70
29	83	36
29	96	51
29	116	55
29	94	54
29	33	98
29	87	41
29	91	86
29	55	63
29	54	33
29	126	66
29	128	25
29	43	34
29	131	99
29	84	38
29	133	37
29	162	99
29	125	49
29	127	6
29	58	28
29	142	26
29	141	16
29	50	76
29	47	45
29	86	68
29	138	77
29	112	55
29	101	58
29	102	33
29	42	60
29	132	29
29	176	41
29	115	76
29	60	71
29	137	29
29	175	55
29	49	21
29	56	46
29	99	93
29	177	100
29	77	10
29	152	19
29	92	60
30	133	57
30	90	55
30	119	68
30	109	47
30	142	32
30	97	45
30	164	99
30	159	50
30	102	10
30	121	18
30	95	74
30	146	64
30	155	12
30	101	51
30	114	57
30	147	84
30	111	58
30	105	68
30	108	69
30	107	78
30	165	20
30	35	89
30	166	79
30	40	19
30	115	28
30	137	75
30	154	80
30	131	72
30	116	14
30	138	57
30	46	72
30	91	30
30	152	85
30	79	35
30	132	15
30	144	98
30	73	94
30	134	62
30	122	93
30	153	7
30	156	12
30	99	87
30	141	98
30	100	18
30	74	49
30	76	12
30	130	83
30	129	37
30	36	16
30	39	33
30	86	96
30	150	37
30	41	91
30	163	64
30	53	59
30	34	63
30	60	69
30	174	36
30	88	30
30	117	82
30	45	83
30	93	40
30	143	64
30	77	97
31	90	15
31	160	64
31	162	6
31	82	34
31	93	43
31	99	60
31	147	30
31	156	13
31	84	99
31	101	76
31	131	52
31	152	83
31	87	33
31	89	95
31	34	21
31	91	71
31	86	24
31	135	42
31	128	55
31	163	37
31	164	76
31	141	83
31	42	19
31	81	37
31	108	40
31	167	35
31	96	90
31	94	61
31	118	27
31	133	19
31	45	92
31	139	86
31	47	95
31	109	79
31	146	56
31	168	75
31	111	13
31	157	14
31	122	19
31	121	94
31	79	6
31	92	44
31	134	49
31	115	87
31	117	75
31	158	91
31	140	64
31	88	66
31	77	91
31	56	36
31	36	19
31	53	58
31	148	20
31	97	7
31	37	22
31	38	76
31	105	36
31	32	44
31	98	48
31	48	23
31	58	98
31	166	64
31	174	36
31	78	34
31	106	52
31	124	29
31	127	69
31	149	30
31	50	25
31	154	55
32	166	92
32	164	53
32	138	36
32	101	54
32	131	60
32	117	34
32	92	28
32	132	65
32	100	11
32	130	35
32	160	91
32	162	13
32	104	53
32	111	80
32	39	40
32	105	98
32	143	40
32	38	47
32	94	45
32	136	34
32	139	98
32	76	6
32	34	37
32	169	43
32	122	83
32	140	22
32	108	83
32	159	17
32	157	63
32	165	75
32	106	45
32	88	6
32	129	35
32	154	16
32	124	46
32	98	69
32	119	82
32	134	41
32	44	94
32	35	6
32	81	6
32	93	7
32	95	7
32	115	34
32	158	51
32	103	99
32	84	12
32	113	7
32	56	76
32	53	37
32	102	55
32	121	46
32	90	78
32	141	35
32	114	35
32	89	18
32	77	36
32	167	58
32	47	13
32	99	38
32	133	53
32	96	40
32	33	13
32	177	22
32	83	18
32	66	24
32	59	62
32	123	68
32	127	56
32	72	6
33	128	90
33	100	20
33	147	99
33	154	76
33	132	94
33	95	40
33	115	29
33	167	13
33	136	32
33	160	70
33	85	21
33	108	30
33	118	24
33	170	40
33	87	87
33	116	31
33	86	65
33	106	34
33	83	42
33	113	95
33	130	57
33	92	32
33	158	92
33	44	56
33	37	67
33	145	95
33	35	27
33	125	11
33	138	81
33	148	10
33	164	52
33	96	33
33	114	73
33	122	44
33	144	9
33	104	96
33	102	99
33	40	45
33	51	93
33	91	43
33	101	63
33	157	93
33	88	94
33	143	63
33	45	62
33	50	17
33	124	53
33	156	36
33	139	13
33	52	86
33	107	68
33	82	15
33	99	55
33	133	62
33	165	77
33	84	21
33	94	47
33	103	32
33	59	6
33	109	31
33	129	92
33	60	40
33	111	46
33	146	16
33	166	92
33	141	96
33	77	89
33	98	44
33	43	54
33	68	12
33	63	77
33	38	26
33	119	37
34	133	9
34	141	27
34	161	20
34	112	58
34	103	14
34	140	69
34	143	65
34	139	45
34	79	24
34	104	28
34	129	60
34	97	84
34	111	5
34	94	6
34	87	49
34	78	9
34	149	84
34	137	46
34	101	19
34	148	50
34	145	60
34	36	16
34	109	34
34	168	79
34	43	22
34	128	95
34	123	88
34	144	45
34	125	83
34	164	27
34	158	40
34	160	27
34	35	93
34	115	67
34	146	89
34	41	51
34	49	64
34	93	67
34	121	12
34	165	21
34	48	31
34	86	28
34	84	97
34	120	39
34	167	78
34	171	47
34	62	88
34	113	67
34	136	63
34	40	69
34	83	50
34	105	42
34	59	11
34	64	46
34	155	41
34	108	12
34	38	87
34	130	54
34	107	32
34	162	29
34	55	53
34	89	40
35	171	8
35	88	37
35	165	67
35	117	96
35	149	72
35	101	89
35	81	18
35	85	14
35	82	75
35	122	31
35	154	94
35	158	70
35	40	22
35	136	85
35	121	92
35	172	11
35	39	70
35	89	90
35	169	90
35	110	12
35	123	17
35	105	12
35	155	17
35	156	93
35	97	43
35	142	38
35	107	68
35	98	62
35	129	45
35	44	60
35	166	29
35	46	71
35	93	64
35	42	33
35	51	36
35	160	74
35	131	72
35	164	76
35	47	70
35	167	84
35	128	13
35	130	47
35	48	61
35	126	64
35	140	57
35	43	73
35	109	63
35	59	9
35	104	85
35	41	84
35	120	52
35	151	9
35	61	97
35	69	43
35	84	20
35	52	85
35	138	39
35	96	94
35	159	63
35	72	33
35	99	30
35	150	54
35	178	79
35	45	72
35	75	89
36	173	61
36	83	73
36	115	36
36	165	67
36	90	8
36	123	23
36	94	18
36	81	7
36	127	11
36	138	72
36	171	19
36	158	83
36	87	49
36	85	73
36	112	21
36	139	95
36	93	74
36	142	43
36	128	95
36	100	6
36	148	34
36	124	20
36	79	76
36	154	71
36	86	30
36	157	68
36	168	40
36	117	29
36	126	23
36	41	19
36	43	74
36	155	39
36	156	66
36	102	74
36	125	82
36	152	62
36	40	31
36	149	26
36	98	19
36	118	92
36	52	15
36	80	72
36	130	49
36	134	48
36	163	58
36	146	6
36	88	24
36	89	53
36	111	8
36	37	44
36	51	76
36	59	30
36	60	82
36	48	17
36	105	51
36	166	88
36	170	25
36	44	78
36	136	19
36	95	60
36	53	97
36	42	82
36	46	15
36	133	94
36	64	55
36	141	74
36	45	70
36	61	67
36	110	77
36	58	47
36	103	46
36	145	61
36	99	60
36	72	8
36	68	12
36	178	94
37	93	76
37	138	7
37	174	65
37	166	52
37	89	90
37	90	53
37	146	91
37	173	43
37	143	6
37	116	92
37	135	7
37	109	70
37	117	24
37	133	12
37	161	35
37	162	28
37	119	14
37	164	42
37	168	61
37	171	79
37	42	81
37	131	14
37	122	22
37	152	73
37	167	21
37	136	78
37	137	83
37	139	50
37	160	21
37	118	24
37	159	55
37	96	41
37	92	44
37	120	100
37	145	98
37	115	57
37	41	73
37	147	65
37	48	44
37	111	53
37	124	64
37	110	80
37	64	7
37	165	98
37	53	78
37	150	82
37	51	83
37	130	82
37	142	42
37	52	61
37	97	33
37	40	43
37	94	14
37	105	10
37	108	78
37	112	57
37	172	30
37	99	78
37	127	24
37	59	37
37	101	35
37	50	58
37	104	62
37	153	31
37	149	18
37	102	8
37	70	86
37	103	90
37	125	79
37	62	26
37	74	93
37	87	6
38	118	12
38	132	48
38	81	37
38	137	52
38	154	70
38	83	93
38	144	42
38	166	11
38	101	72
38	149	88
38	98	80
38	153	46
38	160	19
38	114	40
38	121	35
38	100	96
38	167	68
38	117	48
38	130	96
38	44	97
38	120	91
38	91	12
38	169	82
38	116	19
38	127	22
38	85	44
38	54	21
38	150	59
38	106	38
38	156	71
38	136	94
38	173	89
38	96	15
38	134	62
38	151	40
38	56	13
38	115	75
38	41	93
38	40	81
38	47	81
38	123	30
38	159	95
38	174	7
38	57	83
38	94	64
38	155	38
38	39	86
38	63	24
38	65	66
38	163	83
38	140	99
38	49	46
38	62	47
38	145	25
38	70	47
38	109	10
38	48	83
38	108	93
38	92	94
38	74	67
38	125	48
38	165	36
38	119	17
38	97	5
38	51	85
39	112	64
39	146	77
39	110	21
39	147	26
39	151	83
39	168	78
39	85	28
39	157	85
39	134	54
39	133	69
39	40	26
39	132	59
39	100	69
39	82	9
39	111	36
39	131	87
39	159	87
39	169	84
39	45	7
39	109	95
39	144	10
39	50	93
39	84	47
39	137	75
39	42	70
39	117	27
39	160	65
39	44	26
39	87	26
39	135	38
39	164	80
39	114	59
39	130	74
39	88	82
39	43	33
39	86	20
39	170	29
39	61	93
39	91	75
39	149	86
39	142	68
39	90	95
39	150	95
39	166	48
39	174	43
39	139	16
39	59	73
39	68	33
39	62	68
39	66	97
39	102	69
39	156	75
39	121	58
39	51	60
39	120	44
39	129	89
39	141	55
39	49	13
39	155	15
39	97	49
39	75	86
39	63	80
39	89	34
39	163	43
39	104	54
40	146	6
40	128	45
40	177	97
40	116	27
40	118	43
40	133	38
40	92	26
40	167	99
40	124	9
40	96	92
40	120	78
40	144	88
40	152	76
40	155	35
40	175	36
40	90	25
40	111	75
40	132	98
40	141	86
40	43	22
40	89	55
40	106	35
40	168	8
40	88	75
40	169	89
40	121	81
40	95	49
40	84	80
40	149	68
40	171	83
40	58	6
40	47	75
40	165	13
40	109	89
40	147	83
40	173	74
40	137	38
40	45	39
40	60	78
40	122	72
40	119	60
40	110	39
40	170	55
40	94	25
40	59	20
40	97	13
40	44	68
40	172	29
40	150	35
40	93	50
40	176	52
40	158	55
40	101	12
40	107	66
40	66	84
40	102	67
40	77	12
40	113	36
40	62	50
40	154	47
41	161	27
41	97	6
41	153	21
41	165	37
41	108	77
41	112	69
41	127	26
41	88	66
41	118	38
41	151	98
41	150	7
41	176	29
41	164	82
41	117	100
41	138	49
41	121	30
41	46	95
41	154	35
41	96	73
41	132	99
41	44	93
41	175	39
41	140	13
41	98	7
41	84	29
41	163	18
41	116	40
41	102	72
41	94	18
41	158	6
41	156	80
41	170	15
41	124	26
41	56	63
41	148	43
41	90	98
41	155	19
41	157	76
41	49	51
41	160	22
41	55	27
41	59	57
41	168	70
41	100	90
41	47	99
41	120	10
41	159	60
41	62	49
41	119	97
41	146	95
41	178	94
41	130	42
41	92	15
41	104	37
41	172	16
41	101	14
41	85	39
41	105	91
41	174	21
41	139	90
41	122	96
41	111	42
41	60	60
41	54	27
41	87	30
41	125	40
41	67	25
41	74	82
41	143	79
42	155	15
42	131	52
42	152	34
42	89	33
42	146	56
42	166	66
42	173	42
42	44	16
42	161	17
42	153	60
42	156	94
42	115	51
42	100	17
42	107	41
42	108	94
42	157	74
42	135	98
42	148	81
42	125	12
42	163	89
42	169	94
42	48	37
42	111	65
42	122	44
42	113	47
42	45	42
42	139	41
42	50	46
42	154	16
42	172	7
42	52	20
42	120	76
42	145	69
42	138	41
42	87	95
42	104	8
42	165	81
42	102	59
42	134	15
42	143	82
42	53	79
42	51	52
42	99	32
42	174	34
42	85	56
42	49	6
42	43	63
42	94	93
42	106	47
42	98	93
42	119	43
42	61	9
42	147	36
42	162	43
42	68	7
42	176	16
42	95	48
42	86	16
42	158	66
42	63	64
42	160	78
42	59	59
42	96	12
42	133	94
42	92	91
42	116	42
42	142	35
42	130	65
42	149	96
42	123	18
42	76	59
42	91	18
42	79	31
43	131	71
43	155	71
43	93	51
43	101	70
43	165	15
43	121	54
43	179	29
43	113	22
43	159	40
43	110	49
43	116	42
43	126	62
43	160	28
43	95	86
43	109	98
43	178	74
43	166	10
43	142	100
43	106	83
43	105	54
43	145	91
43	162	98
43	130	20
43	149	63
43	112	23
43	102	90
43	135	93
43	125	38
43	45	29
43	86	97
43	87	9
43	111	49
43	157	57
43	48	88
43	91	15
43	127	84
43	143	44
43	176	26
43	107	81
43	161	99
43	50	60
43	151	43
43	53	26
43	136	32
43	120	53
43	158	33
43	49	56
43	108	62
43	164	58
43	172	17
43	62	88
43	115	52
43	65	79
43	57	74
43	88	9
43	90	8
43	100	55
43	118	28
43	104	85
43	96	84
43	174	92
43	163	29
43	58	58
43	137	45
43	77	76
43	156	45
43	124	58
43	148	69
43	44	48
43	171	53
43	146	29
43	56	32
43	85	39
43	117	67
44	92	44
44	168	28
44	115	30
44	148	32
44	152	69
44	164	95
44	157	82
44	141	86
44	106	100
44	113	83
44	159	47
44	102	30
44	134	63
44	167	14
44	179	66
44	103	47
44	97	62
44	51	15
44	119	59
44	111	74
44	120	38
44	170	22
44	150	17
44	121	22
44	175	51
44	101	45
44	114	53
44	177	85
44	89	84
44	172	54
44	49	50
44	160	47
44	105	31
44	130	11
44	176	97
44	87	82
44	129	56
44	62	44
44	47	86
44	56	59
44	153	21
44	147	58
44	139	27
44	149	53
44	45	64
44	125	29
44	57	12
44	133	80
44	146	80
44	68	61
44	173	45
44	55	56
44	61	56
44	63	67
44	178	9
44	126	80
44	162	14
44	107	30
44	93	24
44	124	34
44	145	38
44	116	82
44	46	41
44	136	40
44	165	50
44	144	82
44	118	71
44	128	22
44	155	23
45	126	55
45	124	43
45	166	45
45	163	31
45	106	29
45	115	50
45	160	49
45	97	70
45	102	23
45	172	8
45	168	47
45	91	31
45	108	47
45	134	32
45	49	14
45	47	11
45	109	78
45	177	75
45	179	62
45	90	72
45	120	52
45	132	83
45	103	57
45	167	90
45	98	29
45	143	48
45	121	95
45	152	65
45	56	80
45	99	59
45	165	89
45	147	43
45	105	7
45	131	49
45	137	36
45	148	74
45	174	79
45	159	12
45	113	45
45	142	31
45	104	35
45	116	15
45	138	30
45	178	70
45	154	36
45	62	73
45	140	31
45	112	85
45	94	51
45	164	16
45	51	30
45	70	90
45	128	6
45	67	82
45	153	66
45	61	43
45	57	39
45	149	17
45	150	59
45	111	27
45	119	9
45	74	58
45	95	31
45	79	89
45	59	6
45	63	65
45	71	51
45	76	38
45	52	52
45	66	9
45	129	43
45	80	64
45	136	93
45	50	10
46	156	16
46	155	35
46	110	98
46	105	36
46	112	93
46	104	44
46	113	25
46	171	56
46	97	58
46	147	14
46	94	62
46	145	89
46	119	84
46	133	65
46	107	92
46	51	88
46	101	91
46	160	36
46	139	47
46	118	81
46	132	57
46	135	68
46	121	55
46	178	44
46	95	91
46	96	80
46	128	93
46	108	36
46	52	9
46	123	61
46	174	71
46	168	29
46	142	77
46	151	25
46	106	46
46	167	92
46	122	71
46	55	45
46	67	25
46	143	54
46	99	89
46	102	22
46	109	89
46	152	57
46	153	78
46	93	44
46	164	29
46	136	49
46	114	99
46	129	61
46	47	78
46	148	99
46	126	98
46	49	49
46	116	92
46	144	52
46	59	64
46	92	72
46	175	57
46	173	18
46	64	47
46	150	5
46	131	94
46	163	16
46	127	77
46	65	55
46	90	15
46	138	50
47	114	8
47	98	33
47	137	17
47	147	14
47	133	40
47	119	96
47	124	51
47	130	98
47	134	87
47	163	96
47	170	12
47	96	70
47	174	6
47	115	9
47	161	16
47	127	76
47	140	45
47	120	56
47	145	43
47	109	20
47	104	51
47	136	77
47	102	24
47	171	46
47	167	79
47	150	34
47	59	56
47	55	92
47	128	41
47	139	25
47	106	51
47	149	26
47	108	54
47	173	16
47	117	21
47	176	95
47	159	44
47	51	36
47	178	54
47	112	35
47	61	78
47	160	20
47	54	51
47	162	29
47	152	97
47	72	34
47	69	68
47	70	77
47	165	86
47	52	90
47	93	6
47	57	76
47	135	88
47	91	45
47	105	43
47	107	33
47	123	25
47	138	69
47	103	50
47	78	15
47	95	17
47	97	89
47	65	29
47	131	77
47	166	94
47	172	53
47	87	27
47	58	64
47	80	86
48	93	21
48	151	87
48	158	69
48	104	31
48	121	31
48	176	59
48	165	19
48	134	59
48	122	89
48	125	38
48	49	79
48	147	82
48	110	39
48	140	59
48	135	43
48	129	51
48	150	98
48	51	10
48	171	19
48	96	35
48	162	18
48	101	99
48	172	79
48	53	43
48	161	22
48	155	17
48	120	74
48	50	92
48	119	78
48	160	100
48	99	82
48	154	97
48	54	32
48	131	49
48	111	26
48	116	24
48	115	22
48	56	38
48	97	83
48	106	67
48	98	24
48	149	69
48	145	15
48	163	53
48	103	66
48	117	5
48	142	53
48	164	84
48	75	15
48	173	53
48	66	79
48	137	25
48	175	74
48	70	35
48	153	10
48	123	80
48	100	73
48	177	70
48	170	80
48	86	75
48	148	14
48	92	96
48	130	43
48	76	19
49	151	75
49	162	63
49	170	49
49	141	25
49	99	47
49	167	56
49	179	40
49	106	58
49	134	77
49	175	34
49	145	22
49	55	22
49	92	90
49	149	55
49	177	58
49	147	43
49	153	45
49	169	72
49	110	27
49	127	91
49	119	46
49	125	72
49	156	97
49	150	81
49	113	34
49	120	43
49	148	51
49	95	18
49	171	28
49	176	93
49	63	26
49	155	64
49	121	43
49	62	42
49	58	8
49	64	42
49	118	90
49	107	78
49	130	85
49	70	22
49	111	91
49	115	54
49	53	98
49	105	79
49	165	62
49	152	34
49	96	93
49	122	38
49	166	31
49	61	11
49	143	38
49	138	59
49	51	35
49	157	65
49	172	6
49	126	50
49	164	57
49	100	29
49	94	33
49	160	39
49	159	31
49	101	38
49	117	31
49	173	60
49	116	81
49	128	10
49	146	50
49	78	98
49	56	78
49	163	72
49	168	95
49	59	34
49	98	29
49	79	70
49	102	70
49	68	49
49	76	94
49	87	24
49	124	35
50	173	77
50	127	21
50	99	52
50	143	60
50	153	8
50	168	60
50	158	16
50	154	14
50	119	15
50	132	48
50	124	6
50	107	38
50	110	80
50	175	62
50	179	27
50	147	99
50	148	42
50	56	86
50	62	74
50	174	35
50	95	46
50	54	41
50	131	72
50	98	80
50	59	63
50	120	68
50	138	40
50	114	36
50	94	87
50	133	13
50	140	100
50	130	47
50	112	78
50	141	29
50	66	42
50	163	71
50	142	36
50	69	87
50	160	91
50	164	58
50	121	77
50	149	54
50	156	28
50	128	20
50	159	15
50	125	15
50	122	9
50	123	86
50	161	98
50	51	77
50	162	14
50	166	51
50	72	87
50	79	44
50	118	81
50	176	6
50	169	99
50	139	71
50	146	87
50	97	74
50	177	89
50	52	50
50	171	69
50	178	52
50	113	55
51	152	51
51	138	98
51	178	65
51	135	74
51	109	56
51	165	37
51	153	7
51	53	73
51	54	82
51	106	64
51	177	26
51	94	58
51	154	24
51	151	7
51	52	70
51	167	49
51	113	7
51	175	78
51	146	82
51	122	39
51	101	26
51	147	27
51	158	94
51	116	96
51	159	72
51	141	63
51	166	53
51	157	37
51	105	98
51	164	27
51	110	81
51	121	59
51	161	22
51	172	89
51	76	61
51	163	30
51	111	69
51	155	57
51	62	81
51	148	89
51	120	93
51	114	47
51	134	27
51	125	90
51	84	17
51	149	61
51	132	72
51	67	26
51	69	59
51	82	55
51	89	91
52	150	57
52	99	42
52	105	9
52	113	94
52	143	52
52	145	73
52	179	18
52	96	15
52	132	75
52	164	68
52	174	59
52	97	27
52	134	47
52	159	40
52	156	13
52	168	85
52	54	84
52	162	89
52	59	50
52	60	49
52	127	12
52	61	91
52	137	18
52	58	35
52	106	84
52	100	31
52	139	91
52	116	47
52	166	53
52	144	35
52	124	42
52	153	32
52	114	95
52	135	34
52	133	73
52	130	42
52	123	5
52	55	70
52	142	69
52	64	45
52	120	31
52	178	55
52	125	36
52	78	17
52	112	70
52	68	49
52	83	12
52	79	23
52	172	30
52	110	28
52	88	72
52	53	62
52	126	68
52	103	51
52	141	16
52	71	92
52	69	68
52	169	92
53	106	42
53	126	45
53	169	11
53	178	53
53	55	57
53	124	5
53	150	8
53	119	52
53	141	14
53	122	97
53	131	49
53	140	8
53	151	98
53	152	97
53	120	49
53	135	70
53	137	91
53	144	82
53	61	43
53	97	96
53	115	22
53	107	87
53	58	13
53	148	34
53	167	13
53	125	98
53	127	98
53	176	67
53	128	37
53	142	9
53	65	55
53	105	39
53	154	8
53	72	73
53	161	9
53	117	83
53	132	93
53	138	57
53	100	11
53	99	46
53	177	91
53	71	19
53	136	28
53	147	87
53	60	31
53	116	25
53	149	8
53	56	57
53	145	15
53	76	52
53	157	42
53	130	21
53	179	66
53	66	91
53	173	67
53	78	66
53	158	98
53	89	58
53	108	65
53	146	78
54	104	36
54	103	10
54	106	54
54	131	47
54	138	65
54	117	14
54	161	7
54	139	62
54	171	50
54	143	40
54	167	71
54	60	41
54	102	72
54	142	100
54	118	50
54	141	31
54	152	28
54	146	46
54	172	51
54	175	90
54	137	69
54	154	78
54	120	57
54	179	84
54	65	31
54	123	54
54	133	20
54	113	21
54	116	80
54	135	19
54	99	26
54	136	76
54	110	56
54	56	79
54	147	76
54	163	27
54	61	68
54	119	81
54	149	7
54	100	29
54	126	100
54	132	9
54	140	49
54	81	32
54	153	9
54	105	11
54	114	73
54	174	89
54	82	7
54	67	91
54	71	76
54	64	82
54	62	11
54	101	58
54	122	73
54	74	21
54	160	93
54	158	20
54	177	61
54	69	75
54	77	51
54	170	97
55	141	50
55	117	94
55	110	41
55	147	66
55	121	21
55	137	38
55	169	23
55	154	29
55	103	36
55	146	80
55	152	11
55	138	8
55	142	14
55	171	70
55	107	99
55	160	50
55	167	80
55	64	81
55	115	12
55	150	54
55	145	9
55	174	16
55	172	75
55	140	55
55	156	24
55	120	50
55	164	81
55	66	52
55	130	15
55	63	80
55	176	49
55	72	92
55	111	36
55	149	97
55	125	7
55	105	80
55	78	18
55	126	14
55	109	6
55	57	28
55	71	62
55	104	17
55	136	40
55	131	83
55	68	30
55	112	65
55	175	44
55	77	28
55	148	39
55	158	21
55	58	63
55	73	21
55	101	88
55	76	13
55	143	63
55	98	94
55	92	50
55	83	42
55	87	38
55	129	82
55	75	43
55	96	10
55	179	50
56	133	99
56	175	19
56	171	42
56	174	64
56	163	34
56	139	93
56	130	57
56	150	52
56	157	16
56	101	99
56	167	49
56	64	74
56	100	67
56	135	5
56	164	54
56	106	18
56	115	56
56	58	43
56	149	66
56	127	92
56	129	45
56	148	72
56	142	82
56	143	64
56	153	26
56	71	44
56	177	79
56	102	72
56	66	97
56	155	92
56	122	51
56	154	53
56	172	81
56	144	49
56	107	62
56	109	23
56	78	20
56	111	43
56	72	87
56	132	77
56	63	94
56	178	24
56	147	93
56	68	38
56	67	95
56	124	81
56	151	91
56	77	59
56	161	50
56	156	53
56	126	23
56	120	68
56	74	59
56	134	85
56	123	26
56	117	46
56	69	43
56	105	24
57	173	72
57	128	76
57	127	21
57	124	61
57	159	51
57	120	26
57	134	14
57	167	62
57	177	51
57	103	91
57	65	24
57	148	56
57	125	46
57	131	50
57	112	75
57	170	47
57	174	24
57	153	80
57	160	85
57	70	39
57	145	76
57	105	51
57	129	70
57	149	91
57	162	36
57	111	28
57	106	96
57	119	83
57	143	70
57	156	68
57	69	31
57	109	85
57	169	49
57	154	81
57	76	77
57	172	69
57	122	53
57	74	62
57	165	25
57	118	86
57	72	73
57	176	81
57	68	92
57	132	50
57	102	71
57	60	34
57	80	77
57	61	98
57	123	29
57	157	65
57	140	49
57	171	19
57	139	66
57	89	48
57	135	66
57	63	87
57	146	35
57	66	47
57	163	18
57	178	42
57	117	15
57	144	77
57	110	54
57	136	70
58	177	14
58	118	96
58	107	28
58	136	70
58	137	10
58	125	24
58	106	34
58	60	35
58	142	40
58	162	61
58	157	24
58	156	98
58	121	7
58	114	39
58	130	11
58	159	79
58	161	86
58	171	42
58	145	85
58	155	13
58	164	5
58	165	49
58	72	65
58	120	77
58	132	34
58	63	88
58	168	83
58	71	71
58	133	54
58	144	95
58	112	49
58	115	24
58	124	54
58	167	41
58	140	70
58	76	14
58	127	6
58	103	46
58	74	51
58	151	73
58	131	20
58	146	12
58	78	98
58	113	55
58	179	47
58	102	33
58	135	82
58	148	53
58	169	20
58	134	34
58	173	52
58	111	96
58	77	71
58	82	56
58	172	38
58	59	92
58	174	55
58	150	93
58	122	73
58	129	69
58	84	31
58	178	80
58	152	11
58	175	26
58	91	74
58	69	51
58	143	91
58	116	49
58	138	22
58	123	29
59	149	85
59	139	40
59	160	16
59	61	41
59	109	20
59	112	19
59	103	68
59	105	9
59	168	69
59	166	96
59	162	15
59	158	24
59	127	35
59	176	10
59	122	39
59	128	60
59	171	69
59	62	88
59	69	99
59	110	92
59	167	20
59	145	28
59	146	50
59	148	31
59	115	56
59	108	55
59	151	43
59	153	18
59	177	65
59	164	38
59	107	73
59	119	71
59	132	49
59	78	7
59	117	9
59	125	13
59	74	46
59	137	79
59	121	42
59	111	42
59	157	35
59	175	37
59	82	29
59	106	95
59	130	79
59	104	29
59	143	82
59	85	75
59	170	78
59	131	21
59	95	6
59	66	67
59	144	51
59	163	74
59	87	37
60	139	44
60	110	78
60	160	44
60	141	14
60	163	72
60	136	44
60	161	43
60	61	42
60	125	74
60	179	54
60	176	71
60	130	40
60	148	53
60	167	44
60	105	78
60	109	15
60	111	12
60	70	5
60	142	80
60	158	24
60	66	72
60	121	79
60	132	23
60	113	15
60	72	85
60	169	13
60	106	67
60	171	54
60	153	73
60	164	52
60	135	42
60	104	93
60	151	98
60	145	30
60	174	40
60	73	41
60	116	19
60	140	10
60	85	54
60	115	91
60	108	12
60	127	90
60	74	10
60	87	65
60	149	81
60	103	7
60	166	55
60	144	76
60	81	68
60	177	62
60	67	98
60	175	53
60	170	30
60	178	59
60	93	41
60	168	73
60	65	52
60	82	52
60	123	52
60	92	36
60	96	36
60	134	12
60	120	65
60	98	12
61	124	40
61	153	32
61	118	45
61	158	22
61	65	58
61	104	12
61	149	51
61	161	18
61	120	93
61	69	32
61	171	32
61	68	17
61	116	44
61	159	26
61	72	78
61	170	88
61	126	91
61	165	90
61	129	45
61	62	97
61	162	54
61	133	15
61	131	42
61	137	83
61	107	45
61	155	22
61	143	81
61	115	25
61	175	99
61	172	28
61	112	22
61	154	78
61	81	28
61	121	10
61	130	92
61	71	37
61	138	80
61	174	9
61	150	54
61	79	91
61	76	57
61	88	40
61	177	63
61	87	37
61	128	58
61	148	18
61	114	14
61	164	44
61	86	42
61	80	89
61	85	84
61	136	40
61	166	40
61	73	38
61	127	19
61	82	73
61	139	47
61	70	14
62	152	94
62	160	99
62	167	83
62	108	56
62	129	60
62	171	9
62	165	94
62	113	76
62	131	17
62	142	11
62	67	15
62	118	50
62	130	38
62	116	64
62	153	15
62	107	55
62	158	58
62	138	5
62	110	65
62	137	30
62	157	44
62	66	34
62	121	57
62	143	30
62	83	84
62	172	13
62	120	40
62	125	92
62	127	58
62	64	42
62	82	48
62	166	24
62	81	99
62	123	100
62	168	79
62	117	87
62	175	73
62	124	34
62	88	19
62	95	10
62	133	56
62	148	86
62	135	10
62	100	67
62	79	12
62	177	80
62	159	62
63	178	17
63	130	16
63	150	88
63	129	26
63	140	57
63	66	76
63	133	13
63	124	94
63	148	6
63	127	98
63	175	77
63	164	55
63	169	45
63	168	22
63	156	23
63	120	97
63	141	90
63	67	54
63	142	71
63	118	17
63	136	56
63	135	68
63	165	46
63	64	29
63	163	70
63	107	79
63	177	70
63	110	7
63	113	41
63	128	80
63	132	8
63	138	69
63	69	54
63	71	5
63	153	28
63	111	59
63	68	48
63	65	12
63	72	72
63	126	99
63	139	83
63	87	89
63	151	19
63	90	31
63	160	57
63	119	36
63	76	40
63	82	36
63	84	52
63	85	72
63	123	66
63	161	36
63	162	43
63	147	72
63	115	28
63	146	20
63	131	46
63	94	86
63	86	62
64	130	6
64	144	86
64	147	96
64	156	7
64	162	92
64	179	25
64	116	46
64	145	23
64	151	9
64	115	45
64	149	62
64	133	89
64	174	60
64	111	32
64	164	18
64	119	100
64	66	78
64	137	84
64	146	6
64	175	9
64	68	73
64	124	21
64	138	75
64	173	30
64	123	50
64	154	59
64	136	36
64	71	48
64	117	20
64	109	94
64	76	20
64	79	63
64	73	78
64	108	16
64	143	95
64	129	10
64	170	96
64	159	95
64	169	54
64	110	72
64	114	80
64	65	43
64	135	73
64	132	42
64	77	18
64	86	45
64	134	6
64	155	43
64	127	17
64	69	21
64	89	71
64	125	47
64	166	48
64	171	47
64	82	43
64	80	72
64	101	31
64	172	29
64	152	26
64	148	84
64	142	68
64	126	79
65	110	21
65	125	73
65	115	39
65	167	33
65	159	54
65	172	69
65	108	12
65	113	35
65	114	7
65	171	7
65	137	21
65	75	89
65	169	85
65	147	60
65	122	22
65	68	35
65	158	10
65	119	46
65	130	43
65	148	28
65	170	75
65	140	54
65	175	41
65	173	87
65	151	70
65	178	17
65	111	19
65	160	85
65	66	17
65	163	31
65	174	31
65	70	86
65	82	12
65	90	79
65	109	100
65	94	40
65	80	39
65	74	85
65	85	65
65	76	83
65	116	49
65	156	54
65	89	16
65	120	50
65	132	21
65	155	66
66	116	35
66	162	96
66	117	43
66	71	80
66	154	99
66	127	83
66	135	72
66	120	91
66	147	40
66	169	32
66	153	47
66	138	90
66	165	33
66	74	32
66	76	34
66	161	41
66	172	82
66	70	41
66	140	31
66	114	78
66	123	79
66	157	92
66	174	20
66	143	87
66	164	82
66	79	59
66	68	59
66	124	45
66	131	54
66	171	92
66	126	79
66	77	68
66	137	89
66	67	26
66	136	53
66	118	66
66	146	99
66	86	80
66	148	58
66	175	66
66	156	47
66	129	95
66	109	6
66	78	55
66	130	77
66	94	30
66	93	94
66	133	73
66	112	65
66	121	81
66	151	68
66	160	57
66	98	37
66	166	32
66	81	85
66	113	67
66	149	54
67	112	91
67	129	71
67	114	17
67	110	19
67	127	26
67	155	43
67	169	36
67	131	98
67	148	17
67	71	69
67	178	51
67	167	6
67	130	91
67	154	41
67	157	91
67	118	14
67	170	63
67	141	73
67	143	25
67	123	59
67	73	50
67	153	52
67	171	85
67	165	71
67	117	76
67	150	97
67	173	60
67	137	29
67	147	96
67	172	43
67	177	79
67	145	51
67	138	10
67	164	70
67	152	90
67	159	24
67	146	35
67	142	33
67	163	24
67	135	9
67	156	61
67	149	29
67	125	35
67	89	70
67	77	43
67	168	43
67	134	59
67	162	50
67	176	53
67	98	48
67	160	39
67	87	84
67	144	9
67	70	26
68	123	44
68	171	38
68	145	79
68	156	50
68	122	79
68	126	54
68	132	24
68	127	93
68	134	79
68	148	43
68	111	83
68	121	62
68	167	35
68	74	64
68	169	63
68	78	27
68	128	98
68	136	23
68	137	27
68	112	95
68	119	44
68	160	18
68	155	21
68	77	8
68	72	28
68	173	69
68	129	56
68	83	84
68	80	47
68	146	41
68	69	96
68	140	58
68	163	84
68	76	26
68	82	69
68	115	92
68	87	85
68	154	43
68	70	96
68	113	62
68	138	56
68	75	69
68	141	66
68	90	87
68	125	33
68	152	85
68	168	34
68	117	45
68	102	11
68	178	35
68	97	95
68	124	33
68	133	28
68	89	47
69	167	14
69	150	87
69	124	45
69	113	67
69	130	69
69	155	54
69	148	35
69	125	7
69	152	74
69	112	94
69	157	57
69	143	38
69	149	79
69	165	82
69	140	55
69	147	70
69	145	87
69	144	84
69	175	47
69	73	56
69	153	47
69	138	37
69	135	82
69	178	28
69	139	5
69	163	6
69	77	63
69	86	31
69	179	68
69	177	13
69	79	48
69	120	15
69	164	73
69	118	82
69	123	51
69	129	43
69	166	88
69	151	50
69	161	47
69	91	46
69	173	49
69	78	70
69	176	53
69	146	49
69	90	39
69	82	19
69	80	52
69	134	34
69	121	62
69	168	38
69	94	95
69	158	31
69	127	82
69	72	58
69	156	78
69	70	87
69	141	44
69	108	92
69	142	30
69	169	53
70	113	65
70	148	90
70	135	40
70	169	8
70	143	43
70	172	67
70	146	14
70	133	38
70	162	95
70	165	34
70	159	93
70	114	22
70	124	44
70	152	39
70	80	15
70	171	16
70	119	72
70	127	72
70	179	22
70	166	11
70	136	76
70	174	97
70	74	46
70	126	98
70	115	43
70	153	90
70	175	79
70	177	58
70	156	94
70	131	27
70	123	54
70	151	61
70	178	63
70	147	15
70	154	8
70	92	57
70	158	29
70	77	22
70	85	14
70	86	63
70	78	81
70	83	84
70	81	16
70	72	5
70	121	85
70	91	82
70	167	60
70	142	43
70	170	74
70	168	10
70	93	15
70	100	23
70	76	42
70	82	25
70	87	46
70	120	44
70	117	11
70	95	67
70	106	95
70	79	34
70	97	11
70	71	42
71	144	40
71	142	41
71	128	61
71	120	60
71	143	99
71	154	56
71	77	97
71	178	7
71	75	5
71	78	95
71	152	48
71	146	13
71	124	32
71	173	91
71	150	90
71	168	84
71	81	78
71	167	93
71	165	29
71	130	62
71	118	67
71	73	71
71	140	53
71	82	71
71	162	64
71	164	56
71	159	52
71	74	61
71	123	82
71	149	56
71	172	32
71	179	6
71	169	62
71	99	35
71	96	63
71	147	34
71	156	93
71	115	16
71	151	73
71	153	99
71	101	37
71	158	19
71	136	6
71	87	27
71	86	7
71	92	25
71	95	79
71	80	33
71	84	78
71	177	63
71	91	42
71	127	34
71	163	27
71	90	58
71	110	52
71	171	9
72	157	34
72	170	23
72	135	41
72	158	75
72	125	17
72	75	46
72	159	37
72	168	38
72	77	43
72	131	74
72	166	16
72	118	74
72	150	51
72	151	69
72	126	66
72	128	79
72	144	83
72	164	95
72	83	32
72	122	30
72	129	69
72	134	18
72	163	40
72	86	13
72	74	55
72	90	28
72	115	96
72	82	93
72	116	9
72	136	39
72	177	24
72	140	34
72	178	95
72	120	94
72	160	13
72	84	85
72	124	6
72	143	51
72	100	93
72	155	48
72	81	63
72	101	33
72	117	23
72	80	19
72	162	85
72	174	17
72	92	68
72	130	92
72	73	40
72	106	88
72	102	37
72	85	82
72	145	46
72	133	86
72	103	23
73	138	67
73	74	21
73	174	74
73	163	36
73	171	33
73	137	9
73	178	89
73	147	51
73	165	79
73	177	17
73	158	78
73	117	27
73	134	56
73	153	50
73	126	72
73	131	80
73	161	29
73	119	14
73	166	14
73	150	10
73	129	77
73	148	33
73	139	77
73	164	95
73	118	38
73	76	10
73	143	75
73	142	68
73	145	66
73	135	66
73	79	19
73	144	58
73	87	63
73	169	59
73	96	16
73	84	85
73	168	80
73	122	37
73	116	89
73	86	54
73	173	89
73	81	49
73	97	57
73	146	78
73	156	57
73	78	76
73	93	86
73	88	77
73	157	82
73	92	88
73	82	58
73	107	36
73	140	55
73	167	37
74	138	94
74	166	86
74	77	10
74	119	82
74	153	37
74	144	10
74	122	18
74	123	49
74	137	38
74	177	91
74	121	46
74	158	30
74	76	33
74	172	9
74	175	38
74	79	15
74	163	85
74	130	90
74	147	77
74	151	50
74	178	5
74	164	43
74	75	16
74	156	9
74	120	90
74	117	53
74	171	22
74	129	69
74	161	36
74	170	38
74	81	54
74	84	45
74	179	9
74	162	65
74	150	97
74	160	69
74	154	47
74	157	98
74	82	48
74	167	89
74	125	22
74	91	59
74	89	68
74	133	13
74	141	71
74	146	39
74	139	27
74	136	90
74	134	26
74	92	99
74	97	46
74	106	59
74	135	34
74	131	79
74	105	18
75	175	38
75	121	39
75	156	79
75	169	33
75	133	94
75	158	43
75	119	29
75	124	72
75	132	50
75	81	6
75	168	12
75	174	80
75	126	70
75	134	62
75	139	73
75	159	67
75	88	40
75	76	38
75	131	89
75	85	42
75	145	42
75	170	48
75	128	75
75	146	26
75	150	88
75	87	18
75	177	52
75	176	34
75	95	18
75	122	9
75	163	17
75	94	53
75	130	64
75	151	54
75	142	74
75	149	27
75	99	95
75	86	5
75	164	45
75	179	17
75	147	22
75	79	31
75	136	89
75	140	84
75	154	68
75	161	88
75	91	82
75	173	79
75	101	92
75	125	24
75	157	55
75	100	90
75	89	11
75	82	20
75	106	57
76	138	34
76	163	93
76	129	32
76	142	10
76	135	67
76	161	14
76	174	36
76	148	97
76	170	51
76	179	29
76	159	21
76	82	76
76	153	50
76	176	7
76	121	13
76	119	98
76	85	70
76	93	100
76	91	91
76	128	46
76	166	7
76	168	12
76	133	51
76	147	26
76	80	65
76	134	75
76	172	67
76	155	69
76	84	58
76	173	32
76	171	49
76	169	43
76	99	41
76	124	34
76	88	33
76	139	50
76	108	59
76	107	64
76	131	20
76	83	63
76	120	55
76	112	38
76	78	52
76	102	41
77	143	45
77	177	63
77	121	74
77	148	6
77	152	22
77	163	34
77	129	11
77	141	30
77	149	43
77	150	44
77	133	61
77	166	65
77	87	32
77	132	8
77	147	44
77	86	75
77	122	73
77	90	20
77	165	79
77	85	6
77	135	89
77	79	53
77	130	43
77	168	84
77	156	54
77	178	61
77	138	43
77	173	54
77	142	71
77	123	78
77	92	61
77	82	92
77	153	8
77	109	97
77	139	76
77	167	76
77	96	63
77	127	91
77	175	84
77	171	92
77	170	86
77	114	76
77	125	91
77	146	95
78	179	63
78	173	62
78	149	31
78	161	46
78	131	66
78	166	14
78	129	45
78	128	96
78	168	75
78	152	51
78	135	17
78	139	97
78	123	35
78	142	46
78	80	32
78	84	59
78	134	50
78	127	96
78	177	67
78	87	29
78	176	55
78	136	64
78	121	33
78	178	43
78	156	81
78	137	33
78	158	95
78	88	30
78	101	42
78	83	88
78	95	75
78	167	52
78	174	47
78	92	15
78	164	95
78	89	24
78	125	65
78	162	96
78	159	85
78	145	11
78	81	64
78	151	6
78	160	29
78	124	20
78	91	74
78	147	84
79	173	14
79	135	45
79	136	58
79	156	85
79	169	96
79	172	47
79	145	77
79	126	67
79	124	20
79	141	40
79	85	20
79	175	51
79	167	75
79	123	32
79	133	13
79	155	39
79	162	97
79	87	5
79	148	17
79	83	41
79	168	80
79	144	13
79	160	21
79	125	20
79	152	67
79	164	9
79	99	15
79	97	9
79	150	56
79	84	87
79	80	65
79	127	48
79	146	65
79	140	94
79	157	40
79	178	76
79	153	12
79	106	60
79	82	89
79	98	64
79	161	52
79	149	28
79	92	49
79	119	51
79	176	31
79	103	87
80	173	18
80	149	46
80	164	6
80	143	85
80	169	84
80	144	52
80	138	100
80	172	47
80	162	37
80	137	43
80	136	38
80	84	29
80	178	23
80	153	92
80	126	41
80	130	66
80	163	21
80	89	66
80	146	35
80	151	34
80	142	31
80	150	33
80	97	23
80	81	62
80	85	65
80	141	98
80	165	7
80	148	98
80	152	62
80	167	69
80	95	99
80	100	13
80	82	44
80	171	13
80	109	29
80	176	83
80	129	14
80	104	20
80	147	12
80	170	33
80	159	36
80	83	66
80	128	73
80	112	24
80	168	79
80	110	42
80	107	37
80	92	85
80	140	55
80	157	36
80	156	17
81	128	93
81	176	55
81	134	90
81	142	41
81	159	39
81	146	52
81	131	68
81	172	10
81	136	57
81	145	24
81	125	35
81	135	62
81	82	95
81	147	98
81	92	72
81	127	6
81	166	54
81	95	59
81	160	94
81	97	13
81	152	23
81	132	27
81	84	71
81	96	34
81	164	19
81	101	92
81	105	46
81	126	79
81	167	64
81	88	84
81	151	15
81	130	50
81	169	46
81	150	61
81	155	66
81	165	37
81	98	17
81	161	79
81	103	43
81	143	70
81	178	9
81	99	92
81	89	37
81	114	37
81	170	94
81	175	19
81	83	100
81	118	9
81	158	65
81	90	90
81	104	68
81	124	68
82	160	55
82	168	86
82	125	61
82	139	74
82	163	80
82	134	20
82	151	76
82	152	76
82	85	88
82	156	86
82	149	99
82	173	50
82	84	41
82	131	5
82	133	23
82	144	68
82	89	89
82	92	23
82	164	18
82	95	90
82	142	59
82	170	45
82	140	93
82	132	58
82	86	50
82	96	59
82	99	22
82	179	45
82	141	100
82	90	74
82	159	55
82	174	23
82	104	34
82	171	96
82	97	83
82	127	37
82	172	79
82	162	16
82	111	40
82	88	71
82	176	31
82	143	71
82	155	82
82	98	50
82	117	28
82	108	61
82	102	61
82	113	13
82	126	81
83	137	15
83	156	15
83	128	76
83	155	39
83	163	99
83	171	45
83	140	50
83	147	45
83	129	84
83	143	49
83	149	9
83	157	51
83	90	81
83	130	63
83	175	68
83	92	45
83	178	70
83	153	96
83	84	26
83	85	38
83	98	44
83	179	33
83	177	44
83	141	55
83	94	56
83	100	42
83	139	28
83	150	51
83	107	77
83	132	19
83	111	89
83	144	32
83	152	8
83	170	96
83	176	71
83	127	73
83	95	89
83	115	86
83	142	25
83	91	16
83	131	34
83	97	50
83	138	47
83	118	53
83	154	61
83	168	69
83	158	75
84	149	95
84	133	6
84	131	18
84	159	7
84	129	63
84	165	65
84	171	39
84	164	80
84	156	99
84	173	59
84	89	60
84	144	30
84	134	50
84	138	63
84	167	89
84	157	47
84	153	33
84	163	62
84	90	39
84	93	12
84	139	59
84	88	57
84	103	33
84	137	67
84	85	8
84	114	99
84	158	69
84	111	15
84	177	39
84	150	14
84	151	70
84	118	25
84	140	9
84	143	98
84	172	5
84	104	63
84	102	13
84	170	43
85	145	54
85	170	70
85	137	9
85	158	28
85	162	7
85	144	47
85	174	81
85	91	6
85	159	63
85	165	34
85	147	28
85	131	71
85	87	49
85	143	38
85	172	81
85	169	89
85	129	27
85	148	72
85	149	48
85	138	28
85	92	53
85	163	80
85	146	47
85	104	40
85	141	25
85	142	95
85	161	73
85	160	76
85	151	63
85	106	95
85	98	79
85	152	33
85	90	38
85	154	97
85	130	10
85	132	100
85	88	92
85	168	68
85	108	57
85	134	34
85	140	56
85	136	32
85	176	29
85	86	57
85	95	46
85	109	47
85	179	15
85	167	56
85	103	95
86	157	87
86	130	73
86	131	71
86	146	91
86	87	34
86	175	96
86	138	96
86	174	45
86	156	86
86	162	81
86	133	21
86	155	76
86	173	83
86	134	83
86	89	35
86	92	51
86	177	23
86	154	87
86	153	56
86	176	96
86	166	86
86	168	80
86	93	59
86	96	95
86	100	92
86	170	89
86	107	21
86	142	89
86	151	97
86	167	28
86	132	56
86	95	73
86	108	28
86	106	42
86	178	67
86	144	86
86	158	41
86	145	29
86	165	42
86	140	88
86	90	81
86	147	82
87	154	64
87	137	80
87	169	72
87	172	43
87	148	67
87	179	9
87	146	25
87	90	38
87	170	45
87	149	98
87	133	14
87	178	17
87	96	58
87	159	48
87	176	46
87	142	30
87	102	87
87	167	58
87	98	9
87	168	83
87	150	59
87	89	96
87	88	12
87	145	76
87	108	33
87	106	31
87	151	14
87	158	93
87	113	35
87	140	78
87	136	25
87	138	100
87	177	24
87	165	50
87	174	78
87	104	92
87	99	94
87	164	18
87	161	36
87	162	77
88	139	54
88	164	48
88	91	79
88	179	22
88	156	98
88	138	29
88	163	47
88	152	96
88	137	49
88	149	29
88	160	86
88	161	46
88	172	30
88	155	21
88	103	84
88	147	56
88	165	58
88	145	48
88	97	73
88	158	17
88	151	77
88	100	38
88	96	11
88	105	10
88	148	31
88	90	66
88	154	89
88	108	15
88	141	47
88	92	59
88	104	45
88	113	87
88	131	64
88	110	64
88	89	34
88	170	93
88	111	64
88	146	28
88	95	29
88	173	45
89	148	29
89	145	96
89	170	28
89	175	49
89	147	96
89	163	43
89	90	29
89	134	55
89	161	94
89	141	60
89	168	64
89	153	29
89	179	20
89	165	80
89	138	16
89	173	98
89	155	87
89	99	30
89	156	67
89	159	11
89	171	32
89	135	31
89	144	50
89	139	17
89	103	55
89	154	20
89	162	46
89	108	54
89	95	75
89	160	96
89	157	39
89	92	18
89	105	47
89	107	78
89	115	94
89	119	91
89	102	38
89	112	35
89	140	74
89	121	46
89	136	63
89	176	7
89	123	63
89	174	88
90	167	26
90	141	44
90	146	82
90	133	46
90	163	59
90	147	52
90	179	39
90	92	12
90	178	7
90	149	22
90	159	36
90	100	78
90	150	76
90	173	49
90	91	13
90	175	97
90	97	86
90	160	13
90	103	10
90	105	20
90	171	59
90	172	75
90	110	19
90	157	24
90	112	92
90	176	71
90	158	64
90	162	23
90	101	43
90	145	20
90	142	26
90	154	57
90	168	52
90	102	7
90	96	64
90	118	20
90	152	48
90	156	41
90	174	40
90	114	95
90	164	12
90	124	95
90	117	17
91	165	21
91	167	63
91	155	41
91	146	23
91	168	82
91	136	17
91	153	70
91	145	63
91	157	28
91	151	6
91	174	74
91	97	76
91	172	26
91	176	100
91	178	27
91	93	46
91	134	56
91	160	80
91	175	19
91	94	97
91	92	10
91	144	43
91	147	33
91	102	9
91	135	94
91	106	37
91	162	16
91	159	45
91	152	12
91	173	32
91	96	6
91	169	24
91	139	8
91	141	89
91	164	54
91	118	12
91	150	30
91	105	43
91	115	7
91	100	49
91	130	50
92	142	37
92	152	10
92	172	6
92	141	76
92	137	13
92	158	28
92	171	63
92	169	39
92	154	93
92	161	75
92	98	43
92	179	16
92	165	67
92	153	29
92	102	75
92	135	92
92	167	25
92	93	42
92	112	52
92	159	11
92	100	16
92	99	80
92	174	15
92	162	61
92	122	57
92	114	80
92	168	36
92	143	87
92	124	81
92	149	92
92	173	87
92	127	62
92	117	48
92	120	37
92	121	16
92	103	98
92	147	34
93	154	10
93	179	79
93	161	31
93	140	26
93	153	53
93	176	97
93	178	98
93	136	21
93	173	39
93	165	8
93	150	13
93	163	9
93	147	83
93	146	93
93	138	11
93	142	33
93	101	12
93	149	61
93	137	88
93	99	85
93	167	32
93	148	80
93	172	75
93	160	6
93	107	49
93	166	48
93	159	70
93	151	46
93	105	16
93	164	8
93	103	21
93	155	88
93	117	93
93	177	91
93	113	39
93	121	79
93	106	46
93	158	83
93	115	94
93	119	64
93	156	58
93	100	90
93	169	78
94	158	68
94	150	25
94	97	82
94	153	27
94	137	75
94	167	95
94	174	62
94	176	28
94	178	42
94	145	63
94	151	61
94	142	39
94	146	26
94	179	53
94	166	40
94	175	85
94	159	97
94	148	27
94	139	48
94	95	39
94	152	61
94	168	93
94	109	26
94	143	76
94	110	85
94	171	77
94	98	31
94	138	88
94	102	37
94	157	10
94	165	57
94	118	78
94	169	62
94	107	22
94	112	48
94	121	65
94	177	83
94	103	62
94	123	7
94	129	38
95	164	87
95	142	69
95	157	42
95	178	28
95	166	7
95	161	17
95	177	73
95	147	58
95	172	73
95	149	36
95	104	22
95	106	13
95	138	46
95	140	9
95	159	54
95	97	44
95	165	58
95	163	65
95	110	18
95	152	88
95	175	86
95	99	72
95	116	46
95	118	51
95	146	16
95	124	58
95	98	15
95	126	20
95	158	90
95	167	74
95	151	7
95	101	14
95	111	66
96	172	44
96	173	6
96	165	25
96	155	90
96	141	51
96	178	92
96	162	90
96	169	42
96	151	57
96	161	34
96	163	59
96	110	43
96	167	64
96	160	25
96	101	64
96	175	17
96	98	59
96	157	80
96	147	36
96	159	22
96	114	43
96	118	51
96	146	25
96	125	74
96	121	21
96	144	58
96	176	15
96	108	67
96	122	14
96	126	22
96	115	60
96	130	45
96	145	13
96	139	43
96	170	64
96	116	10
97	175	90
97	160	33
97	98	5
97	150	60
97	163	49
97	174	11
97	141	79
97	151	6
97	158	60
97	140	67
97	179	91
97	145	96
97	167	20
97	148	49
97	147	82
97	112	52
97	117	9
97	144	42
97	162	6
97	108	98
97	173	91
97	176	54
97	146	31
97	153	59
97	105	63
97	169	97
97	172	35
97	121	100
97	156	88
97	116	43
97	110	81
97	149	18
97	115	61
97	127	83
97	109	74
97	125	30
97	119	25
97	168	74
97	126	39
97	106	41
97	157	57
98	152	41
98	100	97
98	176	65
98	162	67
98	146	87
98	106	99
98	143	44
98	174	80
98	165	16
98	171	33
98	109	24
98	145	27
98	101	12
98	164	20
98	147	54
98	115	44
98	150	77
98	119	97
98	110	92
98	114	9
98	118	65
98	111	74
98	157	23
98	178	32
98	179	60
98	172	12
98	166	90
98	133	8
98	124	84
98	158	33
98	159	93
98	156	52
99	169	18
99	142	53
99	145	52
99	177	36
99	167	8
99	171	68
99	161	94
99	148	18
99	156	97
99	151	50
99	104	63
99	100	39
99	106	67
99	174	66
99	119	15
99	121	88
99	152	27
99	176	22
99	105	94
99	115	23
99	154	25
99	124	7
99	117	99
99	120	14
99	157	58
99	107	37
99	162	31
99	164	31
99	168	96
99	112	9
99	118	40
99	158	78
99	109	83
99	126	14
99	134	30
99	153	67
99	116	19
99	123	46
99	128	58
99	150	5
100	143	96
100	166	85
100	158	62
100	164	11
100	163	45
100	179	54
100	103	53
100	175	99
100	159	14
100	147	7
100	149	32
100	174	68
100	151	35
100	154	98
100	157	61
100	144	50
100	119	62
100	117	74
100	162	57
100	115	42
100	109	64
100	102	82
100	104	33
100	153	100
100	167	55
100	127	84
100	173	41
100	110	65
100	101	74
100	155	20
100	129	96
101	175	96
101	159	22
101	152	24
101	164	33
101	179	41
101	151	90
101	174	36
101	162	53
101	102	85
101	153	98
101	166	91
101	161	30
101	167	47
101	114	98
101	118	17
101	122	50
101	155	91
101	168	82
101	116	47
101	107	24
101	146	15
101	172	35
101	124	38
101	106	22
101	158	62
101	134	68
101	109	33
101	140	18
101	148	71
102	166	59
102	158	56
102	104	80
102	177	11
102	173	34
102	170	56
102	169	61
102	176	80
102	103	10
102	149	78
102	174	86
102	161	79
102	152	81
102	108	77
102	159	72
102	157	71
102	111	57
102	145	84
102	164	83
102	150	28
102	162	94
102	146	73
102	119	68
102	147	58
102	154	46
102	105	100
102	126	38
102	125	11
102	116	99
102	165	69
102	113	25
102	128	28
102	129	94
102	112	79
102	151	16
102	121	83
102	115	94
102	136	37
102	153	38
102	140	45
102	168	74
103	153	84
103	169	16
103	167	66
103	148	42
103	174	94
103	155	42
103	175	68
103	160	77
103	149	71
103	172	36
103	176	33
103	104	97
103	157	33
103	165	9
103	156	19
103	162	41
103	108	70
103	113	16
103	118	97
103	152	50
103	168	35
103	112	40
103	128	74
103	164	37
103	115	36
103	163	97
103	131	14
103	150	51
103	117	16
103	125	40
103	111	19
103	126	49
103	173	29
103	137	72
103	161	74
103	146	41
103	106	74
103	109	12
104	178	91
104	179	76
104	157	78
104	175	60
104	152	64
104	110	39
104	109	96
104	150	49
104	159	60
104	108	62
104	164	83
104	162	31
104	155	51
104	116	65
104	117	75
104	149	8
104	114	18
104	121	25
104	120	20
104	123	97
104	163	17
104	124	95
104	156	59
104	115	66
104	135	49
104	170	60
104	136	53
104	140	38
104	130	46
104	122	47
104	143	31
104	105	54
104	176	30
105	158	13
105	156	12
105	165	10
105	150	76
105	176	48
105	167	66
105	149	97
105	152	26
105	173	40
105	164	49
105	161	68
105	179	83
105	170	18
105	117	90
105	168	90
105	154	64
105	169	17
105	113	58
105	166	61
105	109	28
105	121	59
105	135	69
105	153	99
105	106	92
105	151	30
105	111	6
105	177	65
105	116	86
105	155	70
105	137	90
105	159	16
105	143	11
106	161	22
106	153	63
106	163	95
106	157	78
106	166	93
106	172	58
106	162	10
106	170	19
106	175	18
106	152	45
106	167	50
106	150	28
106	156	85
106	115	40
106	112	100
106	117	56
106	123	92
106	179	86
106	174	18
106	108	6
106	155	73
106	118	19
106	177	58
106	130	29
106	124	16
106	165	86
106	140	50
106	111	29
106	116	30
106	164	88
107	158	97
107	151	60
107	172	33
107	173	89
107	152	76
107	121	100
107	170	32
107	159	55
107	113	25
107	156	77
107	163	58
107	114	59
107	150	37
107	117	74
107	128	11
107	130	65
107	164	37
107	112	20
107	174	75
107	171	72
107	161	8
107	139	63
107	168	29
107	131	6
107	119	73
107	136	66
107	118	27
107	116	8
108	161	99
108	174	52
108	159	94
108	109	46
108	177	50
108	157	49
108	160	49
108	166	31
108	173	16
108	175	20
108	151	28
108	158	97
108	153	59
108	111	39
108	167	31
108	110	45
108	169	76
108	155	94
108	123	55
108	117	89
108	172	20
108	121	29
108	179	73
108	120	73
108	133	31
108	139	64
108	113	44
108	141	94
108	168	84
108	122	96
108	127	49
108	112	91
108	154	83
108	146	52
109	164	8
109	178	44
109	113	38
109	158	47
109	174	90
109	157	17
109	155	21
109	179	45
109	120	46
109	121	55
109	118	29
109	163	33
109	123	18
109	110	98
109	116	59
109	133	16
109	135	24
109	127	91
109	126	66
109	139	69
109	129	58
109	131	64
109	114	42
109	153	25
109	137	83
109	145	6
109	176	84
110	159	71
110	157	21
110	115	46
110	163	18
110	166	33
110	177	23
110	112	25
110	175	13
110	120	50
110	168	58
110	111	39
110	158	48
110	118	67
110	125	69
110	176	77
110	155	88
110	116	72
110	122	79
110	126	38
110	179	84
110	154	64
110	135	9
110	170	7
110	119	30
110	169	69
110	142	69
110	162	74
110	161	23
110	171	85
110	114	36
110	137	97
110	148	56
110	139	61
110	141	64
110	152	73
111	167	12
111	155	94
111	160	94
111	113	83
111	177	96
111	164	100
111	115	98
111	154	95
111	168	28
111	176	59
111	179	53
111	169	41
111	159	47
111	120	41
111	157	61
111	118	62
111	123	77
111	172	8
111	178	99
111	161	21
111	128	40
111	175	25
111	119	61
111	129	40
111	126	29
111	131	26
111	135	11
111	145	65
111	134	53
111	174	86
111	122	41
112	165	16
112	169	65
112	178	73
112	172	24
112	120	87
112	160	93
112	121	96
112	117	14
112	157	57
112	123	85
112	162	37
112	158	94
112	133	48
112	132	38
112	116	83
112	113	54
112	167	10
112	135	22
112	161	93
112	138	50
112	114	27
112	144	51
112	176	37
112	115	78
112	145	12
112	128	82
112	129	17
112	136	43
112	134	96
112	137	18
113	158	92
113	172	25
113	170	44
113	114	45
113	120	33
113	168	85
113	177	52
113	157	45
113	121	45
113	169	41
113	124	28
113	175	33
113	129	70
113	162	69
113	179	68
113	174	90
113	137	84
113	134	56
113	131	5
113	173	56
113	156	87
113	143	85
113	161	5
113	142	90
113	118	67
113	176	17
113	116	95
113	138	80
113	164	51
113	163	27
113	147	59
113	122	24
113	150	13
113	126	41
114	167	30
114	170	23
114	115	70
114	161	92
114	158	79
114	171	34
114	162	91
114	164	84
114	121	7
114	120	9
114	179	53
114	135	18
114	136	96
114	128	26
114	176	33
114	125	50
114	173	68
114	139	65
114	172	85
114	141	50
114	178	82
114	123	49
114	126	91
114	145	41
114	142	39
114	131	6
114	144	47
115	168	98
115	178	68
115	179	74
115	118	63
115	164	29
115	172	81
115	122	54
115	167	67
115	175	83
115	171	30
115	163	48
115	116	43
115	128	19
115	174	97
115	158	75
115	124	46
115	159	6
115	130	33
115	143	63
115	160	64
115	120	8
115	176	17
115	146	46
115	177	17
115	138	20
115	162	26
115	151	9
115	132	45
115	141	42
115	140	80
116	176	93
116	166	18
116	177	6
116	175	30
116	179	46
116	171	74
116	117	8
116	164	16
116	170	22
116	178	34
116	169	9
116	160	11
116	173	53
116	128	75
116	131	96
116	127	87
116	119	33
116	125	86
116	147	37
116	148	54
116	134	26
116	163	47
116	123	100
116	144	62
116	174	60
116	120	39
116	142	49
117	169	59
117	165	13
117	168	38
117	120	48
117	178	88
117	167	11
117	118	27
117	127	48
117	174	47
117	160	24
117	164	66
117	123	54
117	129	80
117	138	84
117	134	54
117	175	92
117	130	47
117	171	93
117	172	80
117	140	97
117	141	91
117	121	99
117	142	85
117	147	71
117	133	35
117	145	97
117	154	68
118	172	29
118	121	42
118	166	43
118	131	96
118	170	99
118	119	55
118	120	75
118	179	41
118	165	15
118	133	84
118	125	30
118	146	18
118	167	90
118	157	8
118	168	89
118	136	92
118	159	95
119	163	28
119	172	86
119	175	80
119	167	32
119	169	18
119	124	14
119	123	86
119	176	70
119	129	57
119	173	73
119	134	94
119	121	57
119	126	14
119	133	32
119	174	80
119	137	74
119	143	56
119	122	24
119	164	96
119	132	42
119	165	49
119	177	87
119	139	27
119	144	90
119	171	16
119	145	40
119	153	44
119	127	52
119	147	31
119	168	83
120	176	33
120	169	26
120	126	31
120	170	37
120	179	93
120	122	66
120	171	37
120	177	70
120	128	60
120	139	67
120	165	30
120	138	24
120	173	80
120	131	59
120	134	88
120	129	39
120	133	21
120	152	43
121	167	93
121	125	73
121	123	62
121	170	78
121	173	35
121	175	49
121	135	70
121	124	20
121	138	94
121	148	91
121	137	45
121	130	79
121	127	81
121	169	77
121	153	38
121	155	72
121	172	14
121	157	47
121	144	75
121	156	93
121	166	30
121	178	63
122	173	38
122	170	38
122	126	11
122	125	31
122	129	10
122	127	67
122	124	30
122	179	75
122	123	83
122	140	24
122	165	58
122	177	73
122	145	33
122	136	6
122	169	38
122	142	58
122	132	52
122	171	52
122	143	88
122	137	64
122	141	19
122	130	88
122	146	56
122	178	29
122	138	42
122	128	61
122	135	39
122	172	84
122	150	97
123	178	70
123	176	22
123	172	93
123	168	8
123	126	22
123	131	61
123	130	36
123	128	76
123	143	85
123	124	10
123	174	54
123	144	59
123	125	92
123	149	58
123	171	50
123	136	43
123	148	97
123	133	9
124	177	74
124	128	38
124	131	24
124	175	52
124	174	11
124	133	27
124	135	6
124	168	7
124	173	13
124	138	64
124	130	68
124	132	68
124	150	66
124	170	93
124	178	81
124	167	27
124	140	68
124	161	67
124	126	38
124	156	48
124	151	27
124	125	77
124	137	79
124	159	31
125	168	73
125	128	60
125	174	78
125	133	51
125	137	26
125	173	68
125	175	5
125	132	32
125	141	53
125	172	66
125	130	27
125	178	81
125	134	16
125	142	55
125	151	64
125	146	53
125	127	15
125	147	71
125	152	57
125	157	22
125	144	42
125	158	6
125	145	59
125	131	57
125	160	72
125	163	25
125	169	69
126	177	96
126	170	98
126	171	40
126	169	43
126	132	47
126	130	28
126	138	35
126	136	46
126	141	55
126	179	32
126	143	18
126	176	42
126	140	86
126	172	44
126	153	69
126	151	58
126	135	16
126	158	14
126	142	70
126	159	5
126	128	67
126	178	77
126	134	23
127	128	17
127	174	41
127	137	58
127	172	88
127	145	43
127	170	69
127	134	50
127	148	17
127	149	53
127	132	47
127	146	56
127	176	41
127	154	79
127	147	99
127	140	51
127	157	81
127	139	23
127	150	71
127	141	95
127	167	35
127	135	25
127	158	94
128	179	70
128	173	65
128	129	32
128	135	58
128	133	16
128	132	87
128	137	55
128	131	36
128	150	45
128	142	51
128	136	48
128	139	64
128	175	48
128	151	30
128	159	30
128	174	60
128	162	65
128	158	30
128	155	95
128	130	43
128	165	67
129	172	99
129	138	80
129	139	54
129	132	61
129	174	38
129	130	11
129	148	99
129	179	8
129	177	69
129	131	89
129	143	91
129	144	98
129	145	85
129	162	66
129	175	15
129	152	92
129	165	73
129	173	99
129	167	30
130	134	59
130	131	13
130	138	54
130	133	74
130	142	67
130	140	69
130	135	84
130	175	96
130	144	15
130	179	8
130	146	29
130	132	87
130	148	84
130	153	57
130	150	69
130	151	15
130	168	80
130	167	46
131	136	51
131	137	32
131	178	97
131	145	93
131	177	45
131	134	64
131	149	33
131	135	84
131	179	58
131	141	74
131	155	20
131	147	97
131	146	95
131	143	30
131	150	75
131	157	54
131	160	83
131	154	73
131	159	9
131	175	18
131	140	42
131	132	87
131	166	92
131	165	36
131	148	53
132	133	6
132	137	31
132	140	62
132	179	42
132	146	11
132	134	65
132	150	14
132	177	73
132	175	97
132	149	26
132	135	87
132	138	83
132	155	81
132	145	60
132	158	43
132	136	32
132	162	92
132	161	89
132	154	63
132	166	74
132	157	43
132	170	84
133	179	84
133	178	12
133	177	26
133	140	45
133	137	76
133	138	6
133	143	16
133	144	77
133	142	39
133	151	83
133	165	36
133	154	39
133	157	36
133	155	95
133	139	8
133	162	14
133	135	90
134	136	36
134	141	31
134	177	25
134	142	66
134	157	66
134	140	59
134	137	93
134	151	21
134	149	97
134	160	74
134	170	31
134	146	14
134	148	11
135	137	51
135	140	95
135	178	91
135	157	29
135	162	37
135	156	86
135	136	92
135	141	53
135	165	14
135	155	82
135	161	16
135	146	86
135	164	96
135	169	56
135	149	33
135	151	91
136	145	76
136	146	27
136	141	7
136	143	76
136	179	45
136	155	98
136	142	88
136	137	100
136	161	95
136	138	85
136	148	62
136	159	77
136	170	40
136	171	46
137	139	67
137	142	73
137	143	42
137	140	66
137	149	18
137	155	32
137	148	98
137	154	52
137	147	44
137	160	27
137	145	93
137	170	9
137	153	73
137	151	33
137	172	47
138	152	11
138	140	60
138	154	63
138	151	49
138	146	43
138	158	69
138	153	26
138	161	45
138	144	70
138	169	65
138	165	14
138	139	21
138	168	47
138	166	29
139	146	7
139	156	62
139	147	68
139	140	33
139	152	41
139	144	32
139	150	17
139	160	15
139	161	71
139	151	42
139	145	24
140	154	46
140	155	55
140	149	93
140	144	28
140	151	62
140	165	23
140	142	12
140	145	19
140	143	11
140	175	98
140	159	97
140	163	36
140	177	64
140	153	76
140	170	73
141	142	15
141	148	86
141	147	28
141	146	10
141	161	89
141	153	51
141	156	32
141	152	51
141	143	13
141	158	41
141	173	36
141	149	56
142	150	39
142	147	47
142	152	75
142	155	85
142	162	83
142	156	17
142	143	65
142	161	82
142	164	31
142	159	80
142	154	92
142	149	86
142	145	81
143	145	78
143	146	38
143	155	90
143	170	51
143	160	33
143	150	23
143	167	68
143	175	27
143	152	43
143	172	88
143	165	33
143	144	36
144	145	63
144	156	11
144	161	32
144	159	93
144	152	78
144	149	95
144	148	97
144	165	11
144	167	87
144	170	10
144	154	41
144	146	42
144	173	87
144	160	13
145	150	54
145	146	85
145	152	54
145	155	67
145	154	36
145	165	11
145	159	29
145	164	83
145	156	76
145	151	64
145	167	91
145	172	19
145	148	14
145	168	50
145	157	93
145	169	11
145	174	74
146	151	52
146	156	6
146	162	64
146	148	97
146	174	85
146	154	65
146	179	67
146	167	53
147	153	17
147	152	84
147	157	18
147	169	60
147	155	66
147	158	86
147	172	95
147	154	37
147	177	34
147	173	17
147	167	82
147	164	41
147	159	56
147	174	93
148	149	6
148	152	62
148	159	89
148	162	62
148	161	24
148	172	96
148	173	86
148	155	81
148	167	89
148	163	88
148	177	41
148	156	53
148	150	83
148	175	22
148	169	100
149	151	85
149	152	83
149	162	15
149	163	84
149	161	83
149	150	58
149	171	67
149	155	62
149	170	6
149	160	99
149	168	93
149	174	39
149	179	29
149	166	72
149	158	86
150	158	60
150	159	53
150	157	50
150	155	21
150	166	72
150	161	75
150	154	16
150	163	43
150	152	12
150	178	53
150	172	73
151	157	50
151	168	25
151	155	40
151	169	24
151	167	59
151	156	28
151	152	75
151	176	10
151	172	61
151	154	73
151	174	19
151	161	89
152	154	57
152	164	51
152	167	17
152	168	34
152	159	76
152	165	61
152	172	58
152	161	35
152	156	32
152	153	77
152	162	60
152	173	93
153	155	71
153	157	11
153	172	13
153	158	26
153	175	50
153	178	23
153	164	44
153	163	31
153	166	76
153	173	51
154	155	87
154	160	23
154	163	13
154	161	50
154	169	29
154	167	39
154	173	83
154	156	95
154	158	9
154	171	17
154	157	22
154	175	11
154	159	52
154	164	79
154	170	76
155	164	45
155	162	63
155	163	73
155	158	70
155	176	68
155	165	84
155	174	23
155	170	39
155	161	31
155	179	70
155	159	47
156	162	48
156	175	32
156	165	28
156	171	40
156	161	40
156	173	36
156	178	73
156	170	27
156	166	26
156	160	40
157	163	8
157	170	59
157	165	73
157	164	10
157	168	48
157	158	34
157	171	13
157	169	38
157	160	64
157	161	25
158	161	70
158	159	55
158	169	52
158	174	87
158	166	96
158	178	19
158	164	100
158	170	55
158	165	13
159	168	57
159	170	9
159	176	11
159	160	5
159	163	60
159	178	29
159	174	74
159	162	70
160	162	63
160	166	24
160	165	67
160	163	24
160	161	86
160	164	85
160	179	40
160	176	40
160	171	81
160	170	15
160	177	78
161	165	68
161	178	20
161	168	64
161	179	90
161	163	73
161	177	54
161	170	80
161	164	35
161	175	33
162	170	67
162	172	36
162	173	58
162	175	16
162	165	15
162	166	35
162	167	68
162	171	45
163	164	70
163	165	25
163	173	78
163	175	12
163	169	45
163	171	75
163	166	50
163	179	82
163	178	26
164	170	7
164	174	61
164	175	27
164	176	39
164	173	92
164	165	98
164	167	60
165	167	71
165	166	80
165	168	8
165	173	21
165	170	13
165	176	11
165	172	11
165	174	63
165	178	27
165	179	93
165	175	46
166	170	85
166	167	14
166	169	31
166	175	5
166	174	25
166	176	29
166	179	79
166	173	21
166	172	39
166	168	20
167	172	50
167	176	32
167	168	98
168	169	13
168	179	82
168	175	80
169	170	46
169	173	54
169	171	19
169	174	96
169	172	84
169	178	61
169	176	8
170	173	65
170	176	56
170	177	95
170	178	70
170	175	10
170	179	34
171	176	9
171	178	72
171	173	10
171	172	68
171	177	57
171	179	84
172	175	38
172	174	32
172	179	9
172	173	42
172	177	18
173	175	61
173	176	19
173	174	12
174	176	35
174	175	78
174	177	86
174	178	70
175	178	77
175	176	94
175	177	47
176	179	21
177	178	13
178	179	55
