NAME: W_SPARSE_80_26
n: 80
m: 1040
0	48	76
0	59	47
0	61	91
0	20	81
0	38	50
0	57	16
0	79	8
0	30	51
0	53	16
0	55	67
0	27	74
0	23	98
0	1	97
0	66	75
0	32	15
0	26	96
0	51	27
0	8	9
0	75	67
0	25	41
0	16	99
0	78	80
0	11	88
0	22	12
0	19	98
0	31	89
0	69	76
1	27	7
1	62	47
1	35	42
1	37	88
1	2	72
1	20	83
1	51	82
1	26	82
1	32	51
1	46	41
1	39	52
1	23	47
1	16	99
1	43	88
1	52	98
1	10	12
1	50	13
1	3	44
1	55	99
1	25	59
1	49	42
1	5	96
2	23	16
2	51	16
2	31	68
2	21	81
2	22	61
2	58	59
2	16	91
2	48	25
2	62	10
2	42	59
2	60	57
2	20	61
2	7	53
2	30	78
2	34	6
2	39	51
2	37	8
2	52	54
2	50	15
2	10	26
2	43	55
2	61	12
2	77	58
2	38	39
2	76	59
3	62	24
3	38	16
3	22	14
3	55	21
3	56	73
3	36	31
3	46	47
3	59	53
3	35	97
3	54	87
3	48	83
3	9	42
3	37	18
3	65	12
3	60	50
3	10	83
3	30	72
3	68	16
3	42	34
3	19	49
3	74	98
3	45	47
4	34	90
4	20	19
4	39	25
4	62	47
4	54	37
4	43	57
4	66	9
4	22	43
4	21	80
4	70	67
4	58	76
4	48	31
4	18	14
4	36	91
4	61	71
4	10	83
4	24	60
4	51	66
4	11	68
4	30	6
4	31	37
4	7	46
4	12	27
5	20	86
5	53	63
5	21	78
5	31	54
5	47	45
5	65	92
5	27	37
5	29	58
5	51	16
5	23	99
5	40	50
5	69	58
5	42	82
5	70	57
5	7	62
5	33	59
5	45	23
5	34	72
5	39	13
5	55	83
5	32	86
5	24	53
5	54	85
5	15	21
5	67	60
5	37	36
6	46	53
6	66	92
6	53	79
6	9	67
6	25	94
6	31	26
6	32	74
6	41	76
6	59	68
6	21	60
6	72	28
6	35	66
6	78	95
6	44	34
6	60	70
6	14	24
6	29	99
6	75	5
6	28	24
6	13	97
6	36	28
7	56	28
7	31	96
7	26	71
7	24	32
7	58	33
7	69	84
7	72	73
7	67	66
7	27	70
7	50	70
7	46	8
7	38	96
7	64	48
7	36	69
7	41	54
7	60	36
7	71	99
7	51	68
7	13	74
7	55	67
7	33	100
7	35	72
7	48	40
7	77	44
7	68	10
7	79	17
8	58	15
8	51	23
8	43	82
8	22	18
8	34	47
8	74	72
8	69	95
8	64	42
8	9	68
8	55	65
8	10	74
8	15	43
8	73	26
8	62	6
8	29	72
8	46	50
8	53	68
8	59	9
8	72	80
8	68	91
8	70	64
9	36	17
9	37	79
9	67	96
9	41	25
9	10	77
9	61	88
9	60	84
9	35	51
9	28	72
9	29	12
9	62	10
9	74	20
9	72	84
9	32	84
9	66	51
9	73	31
9	13	48
9	19	6
9	15	53
9	70	46
9	39	38
9	59	72
10	76	58
10	57	43
10	33	41
10	75	61
10	68	63
10	61	73
10	36	76
10	73	81
10	16	88
10	27	65
10	63	43
10	26	27
10	17	44
10	55	43
10	12	94
10	39	33
10	40	72
10	67	88
11	75	52
11	54	59
11	55	69
11	69	45
11	27	75
11	25	68
11	64	33
11	74	41
11	47	95
11	77	95
11	26	36
11	50	18
11	34	64
11	36	9
11	29	94
11	52	98
11	65	55
11	30	71
11	51	62
11	58	53
11	71	62
11	17	35
11	49	54
11	33	98
12	68	74
12	34	51
12	41	18
12	37	16
12	36	40
12	44	66
12	75	86
12	55	8
12	61	70
12	40	97
12	51	73
12	74	65
12	16	20
12	13	55
12	20	59
12	18	16
12	57	83
12	67	39
12	17	81
12	22	8
12	78	50
12	62	42
12	32	57
12	70	48
12	64	10
12	76	68
12	77	34
13	54	80
13	62	100
13	71	14
13	43	66
13	39	48
13	73	27
13	37	55
13	38	16
13	57	26
13	56	88
13	41	70
13	48	66
13	55	83
13	53	93
13	59	7
13	35	60
13	47	87
13	51	72
13	72	34
13	76	86
13	45	64
13	63	92
13	74	44
13	27	43
13	20	10
13	18	22
14	53	52
14	55	8
14	41	45
14	73	82
14	54	43
14	33	14
14	71	32
14	72	77
14	57	91
14	29	30
14	34	32
14	50	7
14	17	84
14	58	23
14	18	27
14	39	64
14	68	20
14	77	50
14	46	68
14	45	81
14	47	22
14	24	83
15	68	87
15	32	32
15	41	93
15	48	87
15	59	57
15	35	44
15	52	97
15	34	16
15	58	89
15	31	10
15	33	58
15	45	17
15	72	57
15	71	86
15	78	12
15	18	15
15	49	52
15	70	73
15	21	60
15	51	55
15	74	48
15	19	37
15	23	35
15	16	80
15	40	25
15	47	44
15	44	59
15	39	37
15	73	59
15	24	83
16	43	36
16	66	15
16	58	94
16	36	63
16	72	74
16	77	29
16	46	28
16	50	45
16	41	72
16	37	42
16	61	40
16	51	44
16	17	16
16	48	65
16	74	89
16	39	18
16	20	50
16	23	81
16	62	57
16	30	8
16	25	52
16	79	69
16	47	72
16	21	41
16	42	42
16	67	7
16	55	76
17	38	10
17	46	20
17	56	67
17	70	84
17	35	90
17	64	20
17	78	28
17	63	87
17	74	63
17	37	94
17	65	49
17	33	71
17	20	44
17	45	73
17	22	37
17	49	88
17	41	84
17	48	90
17	39	29
17	51	83
17	72	22
17	50	36
17	52	90
17	71	21
17	73	15
18	58	24
18	78	91
18	44	56
18	45	27
18	75	38
18	49	21
18	24	82
18	54	13
18	69	40
18	62	55
18	22	47
18	20	21
18	27	79
18	57	81
18	72	88
18	65	56
19	54	37
19	49	38
19	55	84
19	69	60
19	66	33
19	57	23
19	38	13
19	64	19
19	34	86
19	21	90
19	24	55
19	76	65
19	52	19
19	42	92
19	47	91
19	26	82
19	48	37
19	62	43
19	61	100
19	51	12
20	49	61
20	63	47
20	46	87
20	50	96
20	78	59
20	40	10
20	53	20
20	72	62
20	54	78
20	38	44
20	73	43
20	74	33
20	28	68
20	79	67
20	51	81
20	26	19
20	35	95
20	31	78
20	25	73
21	52	64
21	47	25
21	64	20
21	50	67
21	56	71
21	59	10
21	51	84
21	76	86
21	57	78
21	45	53
21	67	44
21	77	34
21	55	91
21	42	88
21	73	9
21	68	39
21	23	14
21	46	9
22	64	77
22	39	63
22	43	98
22	42	18
22	75	78
22	76	7
22	58	48
22	23	28
22	48	75
22	49	30
22	45	14
22	70	95
22	26	81
22	53	93
22	62	52
22	44	72
22	65	82
22	71	30
22	61	67
22	67	82
23	75	66
23	74	97
23	54	45
23	76	31
23	63	24
23	78	87
23	42	14
23	62	49
23	30	42
23	67	12
23	68	66
23	43	52
23	77	32
23	26	13
23	38	83
23	65	81
23	59	86
23	57	97
24	72	88
24	52	66
24	49	79
24	53	76
24	69	43
24	26	76
24	44	43
24	50	51
24	48	51
24	40	36
24	25	48
24	56	63
24	63	85
24	32	65
24	54	10
24	59	68
24	64	74
25	62	52
25	70	75
25	65	26
25	78	60
25	68	39
25	73	51
25	67	9
25	31	19
25	44	90
25	61	51
25	42	77
25	32	77
25	41	82
25	71	63
25	50	96
25	59	99
25	76	84
25	28	26
25	64	83
25	29	52
26	41	51
26	67	97
26	68	99
26	78	60
26	65	12
26	71	90
26	61	49
26	77	7
26	46	55
26	57	26
26	62	58
26	69	50
26	31	59
26	76	22
26	63	31
26	43	16
26	40	22
26	75	9
27	62	12
27	28	17
27	72	37
27	74	74
27	61	67
27	58	15
27	53	63
27	55	18
27	59	55
27	48	23
27	34	58
27	42	41
27	71	40
27	57	35
27	75	53
27	69	94
27	38	86
28	56	96
28	48	62
28	53	18
28	69	25
28	55	78
28	64	77
28	68	44
28	29	87
28	45	54
28	43	68
28	67	93
28	76	67
28	79	45
28	49	51
28	73	95
28	50	100
28	66	64
28	62	12
29	79	99
29	58	54
29	60	45
29	62	58
29	63	90
29	78	92
29	35	34
29	64	24
29	46	96
29	73	7
29	48	89
29	37	37
29	55	23
29	49	79
29	70	32
29	52	52
30	55	97
30	75	36
30	63	18
30	45	25
30	69	32
30	47	26
30	67	10
30	33	31
30	56	55
30	71	85
30	59	82
30	77	36
30	31	93
30	36	46
30	79	94
30	60	96
30	72	73
30	70	18
31	78	67
31	56	18
31	32	96
31	79	84
31	52	10
31	64	18
31	54	73
31	57	25
31	58	79
31	66	94
31	33	76
31	72	61
31	49	95
31	34	21
31	65	29
31	55	83
31	46	56
31	53	21
31	36	61
31	62	76
32	62	84
32	48	49
32	59	78
32	54	86
32	66	84
32	78	51
32	55	23
32	33	20
32	42	59
32	43	95
32	70	24
32	58	72
33	58	81
33	34	64
33	73	26
33	66	9
33	60	42
33	65	57
33	79	56
33	72	48
33	61	60
33	71	65
33	53	18
33	35	83
33	70	58
33	54	39
33	41	49
33	55	46
34	63	17
34	49	99
34	75	39
34	67	47
34	76	56
34	39	57
34	53	69
34	36	79
34	73	11
34	78	46
34	74	91
34	38	96
34	48	62
34	61	59
34	54	78
34	65	27
34	43	13
34	51	77
34	50	18
35	64	42
35	68	49
35	71	63
35	70	89
35	50	5
35	57	58
35	60	30
35	74	33
35	56	55
35	73	70
35	78	82
35	36	13
35	59	90
35	37	36
35	44	22
35	79	14
35	63	93
36	56	35
36	62	11
36	40	35
36	77	61
36	55	7
36	39	88
36	38	71
36	75	45
36	60	33
36	51	86
36	70	86
36	43	15
36	46	96
36	71	41
37	65	29
37	53	83
37	51	86
37	52	97
37	66	49
37	38	67
37	60	58
37	70	87
37	41	59
37	55	36
37	40	67
37	39	93
37	63	78
37	72	43
37	42	33
37	64	68
37	69	20
37	78	74
38	73	50
38	71	18
38	79	76
38	75	10
38	78	29
38	68	78
38	40	68
38	62	47
38	70	93
38	42	24
39	76	12
39	53	26
39	60	35
39	59	79
39	65	92
39	66	83
39	61	79
39	57	57
39	54	73
39	68	91
40	69	81
40	75	51
40	59	18
40	71	7
40	64	80
40	63	9
40	65	72
40	42	33
40	43	80
40	76	33
40	61	48
40	68	91
40	45	77
40	66	79
40	72	30
40	57	91
40	49	55
40	46	39
40	74	96
40	55	20
41	64	40
41	76	35
41	77	83
41	69	20
41	43	70
41	72	90
41	70	80
41	42	90
41	62	52
41	63	25
41	55	77
41	48	23
42	76	26
42	58	13
42	66	80
42	63	84
42	61	76
42	44	72
42	56	33
42	65	88
42	72	38
42	49	40
42	57	55
43	68	40
43	73	78
43	66	88
43	63	49
43	75	64
43	51	10
43	71	91
43	44	89
43	76	91
44	60	32
44	68	32
44	78	95
44	77	42
44	67	7
44	70	71
44	46	95
44	73	96
44	47	26
44	72	78
44	48	95
44	63	17
44	56	26
44	58	47
45	79	35
45	64	68
45	61	16
45	60	11
45	52	35
45	53	30
45	70	38
45	47	72
46	60	16
46	70	75
46	72	85
46	62	72
46	47	56
46	68	15
46	67	87
46	48	48
46	55	65
46	76	34
47	64	52
47	48	81
47	66	65
47	75	83
47	72	22
47	54	51
48	72	42
48	66	58
48	63	42
48	65	13
48	68	79
48	74	76
48	62	6
48	52	26
49	64	55
49	72	44
49	67	42
49	74	21
49	63	54
49	54	9
49	76	22
49	70	74
49	52	38
50	71	90
50	76	6
50	52	95
50	66	67
50	77	23
50	53	57
50	54	100
50	65	57
50	59	11
50	70	49
50	79	93
50	64	35
50	51	90
51	77	38
51	52	73
51	75	12
51	65	99
51	74	54
51	69	91
52	66	90
52	74	47
52	69	29
52	58	25
52	75	41
52	57	15
52	61	93
52	78	97
53	72	41
53	67	54
53	73	56
53	69	76
53	59	46
53	76	74
53	55	75
54	78	35
54	79	45
54	57	76
54	75	8
54	55	98
54	62	20
54	70	40
54	69	76
55	69	45
55	70	84
55	61	10
55	71	5
55	60	40
55	56	8
56	72	88
56	74	70
56	76	71
56	77	6
56	62	22
56	75	83
56	60	94
56	58	39
56	63	28
56	70	72
57	78	71
57	79	52
57	62	10
57	64	79
58	79	91
58	59	17
58	61	94
58	78	63
58	76	92
58	60	5
58	62	88
59	64	78
59	63	41
59	77	85
59	62	57
59	60	41
59	76	90
59	67	93
59	78	32
60	76	77
60	62	27
60	77	94
61	77	97
61	78	21
61	68	80
61	65	81
61	76	14
61	67	51
62	67	48
62	66	81
63	64	35
63	69	12
63	65	27
63	70	48
64	79	90
64	69	72
64	67	89
64	65	34
64	78	21
65	67	89
66	67	18
66	74	36
66	69	30
67	69	42
68	73	60
68	72	6
68	75	38
68	71	71
69	72	36
69	74	66
69	70	98
69	73	9
70	73	59
70	79	10
70	72	71
71	78	87
71	76	79
72	73	78
72	75	74
73	74	34
74	79	39
74	78	76
74	76	55
75	79	35
75	77	56
75	76	70
76	78	8
76	79	46
76	77	86
78	79	58
