NAME: W_SPARSE_100_40
n: 100
m: 2000
0	28	94
0	22	95
0	68	13
0	46	45
0	63	32
0	29	30
0	44	45
0	45	27
0	41	86
0	71	28
0	78	80
0	36	63
0	60	61
0	27	62
0	98	50
0	4	63
0	48	69
0	51	89
0	32	20
0	65	12
0	91	84
0	61	99
0	52	44
0	57	93
0	62	56
0	43	40
0	31	71
0	5	97
0	69	87
0	49	10
0	10	66
0	96	47
0	85	46
0	50	40
0	86	33
0	59	12
0	66	23
0	94	75
0	7	87
0	56	38
1	38	12
1	63	19
1	32	14
1	22	20
1	53	25
1	33	77
1	60	65
1	69	12
1	47	91
1	45	92
1	99	80
1	65	79
1	6	20
1	80	65
1	79	63
1	61	23
1	67	46
1	73	49
1	96	98
1	77	57
1	36	17
1	37	60
1	70	86
1	49	33
1	29	63
1	46	75
1	3	68
1	58	76
1	98	86
1	56	68
1	87	44
1	57	46
1	71	83
1	10	33
1	12	82
1	26	91
1	88	20
1	18	50
1	50	53
1	19	85
1	2	40
1	7	69
1	42	84
1	64	60
1	23	93
1	68	6
2	67	38
2	42	32
2	32	72
2	24	38
2	44	43
2	3	62
2	28	39
2	45	81
2	51	100
2	27	74
2	47	73
2	36	78
2	37	30
2	48	71
2	49	23
2	70	46
2	25	41
2	34	65
2	41	74
2	72	97
2	23	36
2	5	62
2	97	19
2	43	89
2	31	29
2	94	29
2	9	88
2	59	10
2	54	88
2	71	58
2	33	70
2	95	64
2	46	37
2	79	33
2	96	28
2	85	34
2	29	18
2	61	38
3	73	29
3	39	36
3	36	41
3	50	62
3	46	44
3	25	64
3	65	49
3	43	31
3	81	42
3	30	69
3	76	61
3	97	50
3	62	50
3	49	44
3	47	36
3	7	42
3	28	96
3	5	30
3	70	25
3	69	82
3	92	77
3	53	18
3	91	61
3	77	51
3	64	48
3	71	60
3	18	80
3	54	43
3	29	52
3	11	45
3	78	50
3	14	91
3	12	40
3	88	81
4	45	49
4	64	30
4	65	79
4	26	15
4	70	90
4	30	70
4	59	11
4	63	38
4	66	93
4	74	55
4	77	28
4	49	90
4	79	38
4	28	76
4	52	51
4	27	90
4	56	90
4	44	71
4	62	97
4	43	57
4	13	12
4	81	7
4	71	12
4	25	12
4	41	48
4	46	38
4	68	15
4	83	21
4	67	33
4	12	90
4	47	87
4	16	89
4	57	97
4	78	77
4	29	84
4	32	12
4	31	22
4	15	33
4	20	23
4	82	96
4	11	83
4	8	77
5	47	85
5	27	38
5	33	94
5	34	51
5	74	84
5	79	17
5	77	26
5	82	80
5	66	42
5	9	87
5	58	27
5	7	31
5	63	19
5	10	96
5	57	82
5	52	8
5	59	42
5	81	21
5	97	19
5	41	30
5	45	41
5	51	98
5	55	22
5	28	30
5	96	23
5	17	23
5	48	32
5	60	35
5	13	79
5	20	11
5	40	100
5	39	48
5	49	91
5	38	10
5	98	44
5	72	65
5	8	40
5	64	28
6	36	29
6	83	87
6	73	89
6	59	47
6	39	36
6	82	8
6	63	17
6	33	42
6	62	87
6	81	86
6	85	71
6	10	35
6	69	23
6	75	12
6	14	71
6	45	8
6	13	61
6	43	11
6	41	88
6	96	18
6	27	9
6	52	87
6	67	61
6	55	48
6	84	75
6	44	21
6	58	10
6	9	68
6	38	26
6	80	88
6	11	39
6	21	86
6	76	80
6	78	50
6	29	78
6	65	98
6	37	87
7	69	9
7	54	23
7	34	18
7	50	68
7	55	26
7	79	84
7	83	81
7	53	63
7	28	35
7	61	64
7	67	76
7	71	98
7	36	71
7	80	91
7	48	59
7	43	26
7	74	93
7	44	58
7	66	55
7	9	56
7	14	98
7	16	20
7	33	81
7	42	27
7	15	20
7	73	56
7	19	69
7	78	61
7	29	28
7	12	15
7	60	55
7	63	25
7	97	72
7	18	25
7	59	91
7	58	97
7	52	44
7	47	72
7	95	7
8	43	88
8	58	26
8	86	67
8	29	60
8	69	40
8	78	18
8	55	38
8	85	63
8	48	29
8	70	84
8	40	39
8	82	72
8	56	79
8	53	10
8	63	26
8	80	32
8	18	84
8	49	6
8	62	99
8	65	58
8	17	93
8	97	97
8	95	8
8	16	82
8	19	39
8	47	84
8	11	21
8	83	10
8	32	18
8	30	79
8	39	41
9	39	88
9	60	29
9	80	92
9	57	29
9	86	23
9	58	48
9	10	20
9	59	58
9	77	69
9	35	30
9	81	48
9	82	15
9	66	93
9	48	57
9	61	79
9	78	98
9	64	39
9	40	19
9	13	54
9	65	43
9	97	8
9	38	13
9	11	11
9	33	61
9	15	10
9	31	60
9	49	8
9	79	40
9	21	58
9	55	34
9	93	16
9	47	64
9	83	84
10	84	43
10	32	68
10	82	92
10	35	38
10	80	24
10	86	38
10	67	52
10	77	84
10	62	16
10	55	43
10	69	27
10	52	40
10	57	7
10	56	75
10	48	43
10	78	24
10	60	53
10	11	6
10	12	33
10	34	86
10	46	73
10	58	7
10	47	98
10	40	96
10	64	71
10	72	35
10	89	33
10	18	79
10	14	17
10	54	45
10	13	83
10	49	90
10	31	8
10	85	19
10	44	71
10	45	52
10	81	76
10	16	85
10	24	98
11	82	80
11	65	21
11	52	98
11	13	58
11	78	84
11	12	71
11	37	78
11	75	43
11	76	57
11	51	76
11	72	27
11	87	18
11	83	88
11	64	50
11	60	96
11	74	59
11	42	26
11	55	37
11	86	59
11	48	38
11	58	33
11	16	59
11	45	47
11	80	78
11	97	44
11	20	99
11	98	45
11	99	38
11	41	22
11	62	59
11	71	58
11	73	64
11	96	50
11	66	58
11	69	86
11	22	81
11	38	52
11	95	38
12	62	19
12	66	79
12	89	98
12	67	81
12	77	93
12	59	87
12	47	76
12	15	23
12	13	15
12	73	18
12	88	77
12	34	12
12	45	20
12	61	59
12	87	75
12	91	56
12	80	62
12	63	93
12	75	95
12	37	20
12	69	34
12	48	10
12	83	16
12	19	54
12	65	100
12	23	5
12	81	15
12	25	24
12	78	86
12	85	18
12	46	87
12	71	18
12	33	80
12	41	87
12	43	59
12	56	62
13	53	26
13	75	91
13	86	58
13	55	35
13	81	97
13	91	49
13	45	13
13	16	73
13	40	77
13	58	19
13	71	43
13	80	81
13	85	95
13	44	32
13	76	17
13	52	24
13	74	76
13	35	97
13	34	92
13	60	89
13	48	26
13	24	63
13	82	86
13	72	27
13	84	68
13	39	10
13	89	99
13	62	39
13	43	78
13	20	6
13	67	15
13	95	42
13	90	16
13	14	96
14	41	94
14	39	73
14	43	73
14	16	42
14	82	80
14	90	21
14	56	86
14	69	11
14	79	63
14	66	33
14	91	50
14	83	17
14	58	86
14	54	37
14	55	34
14	92	25
14	62	29
14	71	52
14	23	35
14	35	65
14	40	49
14	44	76
14	25	54
14	42	37
14	74	18
14	37	96
14	18	93
14	76	32
14	36	44
15	64	23
15	52	45
15	82	41
15	58	52
15	81	54
15	83	62
15	16	62
15	90	46
15	42	95
15	53	31
15	40	6
15	88	62
15	60	24
15	21	40
15	84	14
15	50	74
15	39	59
15	79	51
15	61	35
15	89	35
15	55	81
15	80	11
15	67	20
15	63	27
15	23	31
15	45	87
15	56	60
15	93	20
15	38	18
15	44	63
15	87	8
15	37	26
15	28	37
15	85	48
15	73	99
15	32	5
15	77	74
15	43	54
16	88	76
16	72	97
16	47	49
16	93	79
16	90	73
16	77	72
16	94	13
16	76	95
16	63	37
16	85	46
16	92	63
16	19	14
16	44	44
16	83	31
16	50	22
16	65	87
16	38	91
16	80	17
16	22	28
16	51	66
16	52	14
16	68	61
16	26	33
16	29	99
16	71	7
16	70	21
16	69	50
16	33	85
16	89	54
17	48	74
17	66	81
17	91	16
17	45	8
17	68	73
17	80	76
17	52	14
17	93	47
17	58	54
17	71	86
17	73	12
17	67	19
17	85	70
17	22	37
17	55	6
17	56	58
17	70	9
17	64	50
17	53	54
17	27	46
17	38	89
17	51	17
17	47	78
17	81	77
17	87	26
17	83	91
17	28	42
17	62	30
17	26	73
17	94	99
17	63	63
17	19	45
17	33	57
17	69	45
17	43	15
17	54	30
17	50	33
17	25	63
17	31	30
17	49	8
18	43	85
18	46	58
18	85	47
18	20	24
18	39	41
18	76	76
18	84	64
18	86	60
18	45	19
18	89	18
18	65	36
18	49	77
18	50	66
18	62	72
18	63	57
18	59	98
18	61	72
18	81	25
18	79	95
18	44	72
18	88	66
18	94	81
18	22	24
18	92	65
18	87	24
18	57	37
18	90	16
18	25	53
18	40	81
18	80	40
18	27	15
18	37	99
18	71	90
19	44	16
19	56	43
19	69	17
19	87	81
19	67	19
19	71	15
19	53	8
19	23	17
19	98	62
19	72	23
19	88	75
19	94	84
19	68	92
19	42	55
19	79	100
19	96	74
19	45	93
19	91	33
19	75	44
19	43	14
19	55	7
19	47	18
19	70	34
19	48	62
19	90	45
19	28	46
19	61	63
19	60	51
19	82	8
19	58	29
19	59	50
19	76	18
20	42	80
20	57	61
20	46	48
20	95	92
20	63	36
20	85	10
20	45	29
20	99	29
20	41	38
20	69	62
20	67	74
20	84	62
20	60	9
20	80	49
20	78	84
20	73	20
20	96	25
20	65	6
20	81	6
20	62	28
20	98	37
20	97	16
20	25	59
20	88	30
20	68	93
20	33	31
20	37	18
20	49	62
20	71	61
20	38	67
20	61	46
20	56	94
20	26	30
20	39	65
20	77	26
20	92	37
21	49	50
21	77	97
21	81	6
21	44	40
21	61	83
21	85	13
21	71	12
21	46	40
21	86	78
21	78	79
21	89	15
21	92	12
21	80	93
21	66	9
21	79	85
21	53	65
21	24	87
21	30	70
21	62	65
21	54	87
21	94	63
21	43	86
21	97	79
21	90	70
21	52	88
21	84	34
21	57	76
21	23	54
21	70	37
21	69	50
21	93	94
21	91	34
21	27	100
22	78	28
22	57	100
22	54	93
22	63	70
22	51	56
22	47	79
22	60	59
22	79	13
22	96	39
22	68	83
22	98	89
22	81	40
22	25	17
22	58	84
22	66	10
22	89	36
22	93	20
22	77	45
22	48	46
22	75	9
22	56	89
22	43	22
22	27	87
22	73	75
22	61	89
22	70	50
22	83	19
22	31	21
22	29	38
22	87	14
22	40	46
23	44	69
23	61	60
23	93	44
23	73	59
23	70	77
23	81	72
23	88	81
23	50	89
23	58	76
23	86	74
23	28	37
23	82	6
23	62	11
23	77	15
23	85	45
23	55	54
23	51	39
23	60	94
23	45	74
23	48	59
23	47	22
23	27	70
23	34	53
23	59	51
23	65	30
23	78	43
23	26	28
23	67	47
23	91	6
24	65	84
24	67	93
24	91	25
24	92	34
24	70	8
24	84	51
24	95	60
24	75	11
24	55	63
24	93	67
24	86	80
24	73	83
24	96	10
24	45	27
24	57	48
24	72	88
24	94	19
24	69	63
24	58	58
24	81	34
24	46	97
24	61	95
24	77	24
24	79	76
24	60	95
24	97	85
24	37	78
24	26	20
24	39	46
24	63	79
25	92	77
25	79	82
25	55	17
25	97	79
25	68	66
25	95	52
25	89	14
25	26	61
25	47	53
25	80	45
25	62	72
25	93	70
25	78	29
25	81	65
25	66	34
25	64	64
25	27	97
25	46	52
25	90	6
25	48	89
25	54	41
25	96	85
25	82	88
25	74	70
25	58	19
25	70	32
25	86	61
25	60	9
26	68	67
26	50	61
26	93	37
26	75	70
26	51	74
26	76	66
26	29	63
26	28	44
26	61	18
26	49	95
26	31	66
26	47	23
26	56	80
26	85	70
26	95	78
26	30	72
26	98	54
26	84	16
26	54	97
26	38	97
26	81	82
26	83	90
26	71	79
26	96	75
26	55	8
26	88	42
26	90	75
26	97	22
26	58	53
26	99	16
26	57	22
27	80	18
27	87	16
27	49	50
27	60	88
27	59	62
27	97	16
27	93	51
27	67	61
27	92	83
27	71	96
27	31	58
27	73	10
27	66	41
27	85	12
27	96	39
27	84	90
27	83	80
27	56	78
27	74	29
27	65	50
27	32	8
27	61	56
27	57	70
27	82	14
27	98	77
27	64	31
27	68	34
27	44	57
27	88	19
27	53	16
27	43	24
27	45	23
28	61	28
28	81	34
28	91	87
28	31	32
28	93	13
28	82	34
28	87	85
28	94	57
28	76	17
28	90	82
28	32	77
28	59	94
28	33	51
28	84	53
28	66	95
28	89	93
28	38	30
28	37	74
28	74	89
28	63	30
28	65	63
28	92	52
28	56	88
28	60	23
28	86	80
28	95	96
28	53	93
28	75	64
28	58	90
28	78	97
28	41	31
28	97	36
29	68	58
29	74	45
29	66	92
29	94	37
29	52	28
29	90	97
29	95	60
29	54	8
29	55	91
29	82	10
29	84	43
29	67	8
29	76	63
29	81	35
29	75	15
29	70	91
29	40	11
29	31	34
29	88	60
29	65	19
29	36	51
29	96	17
29	79	72
29	91	68
29	64	22
29	38	97
29	33	59
29	32	63
29	92	85
29	80	51
29	46	37
30	97	42
30	78	34
30	92	43
30	96	93
30	90	16
30	54	12
30	56	69
30	59	54
30	70	71
30	55	49
30	62	84
30	61	10
30	51	26
30	34	87
30	67	24
30	98	45
30	88	26
30	77	36
30	85	37
30	41	56
30	72	70
30	76	81
30	84	14
30	65	68
30	69	16
30	44	47
30	38	75
30	48	27
30	49	87
30	68	99
30	64	23
30	33	7
30	37	83
31	84	34
31	76	86
31	99	75
31	78	67
31	93	13
31	70	39
31	68	51
31	66	33
31	67	12
31	91	98
31	77	39
31	97	42
31	38	31
31	55	94
31	98	46
31	71	10
31	34	98
31	37	41
31	85	73
31	32	88
31	83	76
31	74	63
31	57	94
31	43	8
31	96	92
31	42	71
31	49	66
31	52	60
32	76	17
32	78	73
32	71	56
32	88	26
32	65	80
32	34	54
32	92	66
32	79	90
32	70	17
32	56	18
32	90	96
32	33	38
32	64	26
32	93	63
32	60	29
32	59	36
32	97	86
32	54	62
32	96	80
32	99	80
32	81	56
32	40	75
32	82	19
32	91	35
32	35	42
32	68	63
32	86	25
32	95	7
32	37	93
32	84	35
32	43	36
32	41	29
32	77	97
32	36	24
33	97	33
33	80	48
33	67	43
33	60	83
33	64	67
33	87	89
33	93	68
33	72	55
33	61	93
33	35	100
33	62	99
33	38	95
33	77	86
33	90	55
33	75	26
33	92	47
33	65	53
33	58	41
33	89	44
33	40	60
33	63	32
33	70	53
33	95	60
33	36	75
33	55	71
34	65	14
34	73	55
34	98	97
34	80	11
34	67	88
34	59	61
34	64	15
34	86	15
34	95	7
34	72	18
34	97	65
34	58	55
34	79	66
34	68	91
34	93	83
34	45	37
34	83	62
34	99	76
34	81	48
34	75	87
34	74	20
34	44	23
34	51	51
34	62	25
34	63	46
34	43	82
34	55	36
34	35	53
34	78	21
35	86	52
35	58	82
35	89	37
35	80	68
35	37	85
35	38	75
35	73	61
35	68	94
35	92	66
35	74	93
35	75	34
35	83	47
35	87	75
35	77	22
35	99	33
35	67	85
35	41	69
35	44	11
35	63	77
35	69	27
35	84	25
35	62	38
35	59	17
35	36	81
35	45	6
36	57	39
36	95	40
36	62	7
36	94	33
36	61	41
36	73	77
36	75	59
36	90	49
36	83	90
36	43	15
36	65	53
36	63	77
36	71	33
36	92	81
36	87	12
36	40	78
36	85	22
36	67	24
36	76	42
36	72	62
36	91	55
36	88	86
36	45	71
37	82	99
37	61	89
37	74	63
37	62	84
37	77	79
37	91	14
37	71	32
37	92	88
37	70	60
37	40	64
37	90	65
37	68	65
37	99	12
37	72	41
37	94	12
37	86	64
37	64	53
37	96	99
37	58	70
37	52	15
37	83	30
37	89	17
37	69	45
37	78	22
37	76	51
38	67	91
38	93	63
38	92	25
38	64	25
38	65	88
38	40	99
38	70	92
38	75	15
38	41	22
38	73	95
38	91	13
38	94	58
38	72	55
38	76	60
38	85	53
38	60	78
38	71	9
38	77	33
38	95	8
38	46	96
38	43	31
38	47	96
38	81	90
38	42	8
38	74	48
38	97	92
38	83	32
39	93	69
39	80	72
39	72	28
39	43	8
39	86	27
39	73	94
39	62	46
39	67	63
39	82	72
39	64	46
39	40	44
39	90	60
39	63	9
39	66	62
39	69	55
39	97	84
39	44	48
39	85	36
39	49	12
39	96	62
39	68	75
39	51	47
39	79	70
39	77	11
39	56	26
39	50	26
39	42	93
39	48	93
40	61	85
40	83	100
40	69	97
40	42	94
40	65	80
40	82	50
40	97	97
40	92	39
40	43	83
40	46	32
40	73	65
40	78	8
40	95	73
40	67	39
40	94	61
40	72	6
40	91	83
40	51	61
40	90	70
40	81	16
40	89	8
40	87	78
40	50	80
40	96	51
40	85	16
40	41	37
41	78	80
41	74	76
41	85	46
41	86	37
41	73	35
41	63	59
41	83	83
41	72	33
41	84	39
41	69	53
41	62	56
41	65	44
41	82	14
41	44	93
41	68	67
41	47	24
41	95	25
41	70	59
41	88	66
41	42	60
41	87	8
41	54	20
41	97	82
42	70	6
42	64	28
42	63	20
42	66	41
42	77	42
42	97	68
42	46	68
42	48	95
42	82	95
42	90	82
42	72	62
42	95	61
42	71	58
42	83	33
42	94	76
42	93	97
42	91	9
42	68	22
42	73	81
42	92	98
42	44	14
42	52	33
42	59	89
42	88	23
42	54	49
42	50	48
42	87	59
43	97	50
43	69	45
43	73	9
43	70	90
43	64	84
43	90	74
43	88	12
43	86	19
43	91	35
43	80	93
43	78	58
43	77	36
43	85	22
43	89	67
43	67	75
43	87	12
43	79	7
43	83	51
43	55	21
43	45	50
43	54	79
43	44	8
43	84	67
43	96	77
44	97	10
44	45	36
44	98	15
44	77	31
44	83	96
44	89	31
44	74	35
44	90	70
44	65	28
44	88	19
44	48	50
44	73	77
44	67	67
44	50	76
44	54	13
44	75	80
44	79	54
44	81	24
44	95	57
44	82	49
44	80	47
44	59	38
44	51	82
44	57	91
44	66	91
45	69	89
45	48	39
45	92	87
45	82	67
45	96	97
45	70	92
45	79	77
45	84	15
45	91	15
45	80	42
45	47	60
45	50	74
45	67	40
45	99	21
45	90	74
45	46	92
45	86	12
45	93	74
45	76	77
45	77	63
45	72	53
45	58	66
45	98	30
45	88	88
45	85	18
46	94	78
46	79	12
46	84	54
46	81	72
46	90	55
46	83	96
46	85	27
46	74	58
46	70	27
46	91	55
46	76	33
46	57	57
46	89	24
46	53	40
46	68	80
46	47	54
46	75	35
46	77	12
46	92	100
46	93	77
46	73	35
47	70	25
47	86	80
47	81	49
47	49	82
47	50	57
47	92	36
47	54	30
47	94	7
47	89	89
47	85	19
47	90	29
47	60	42
47	55	42
47	69	60
47	73	23
47	65	89
48	94	89
48	71	65
48	74	28
48	83	84
48	86	50
48	81	68
48	87	52
48	95	90
48	89	52
48	69	25
48	70	64
48	51	97
48	57	97
48	50	7
48	91	87
48	60	25
48	80	69
48	62	31
48	72	69
48	98	73
48	56	77
48	90	39
48	79	19
48	53	62
48	93	14
49	77	28
49	72	25
49	85	78
49	74	63
49	92	97
49	83	22
49	89	69
49	97	35
49	88	74
49	50	36
49	76	85
49	84	97
49	59	74
49	56	100
49	58	96
49	79	69
49	81	16
49	66	96
49	70	30
50	92	78
50	75	6
50	87	89
50	72	26
50	80	46
50	78	19
50	93	46
50	73	18
50	88	59
50	82	6
50	97	55
50	95	9
50	86	74
50	52	28
50	84	27
50	89	77
50	79	65
50	90	15
50	61	61
50	94	84
50	60	26
50	71	41
50	53	96
50	58	91
51	89	47
51	75	16
51	99	74
51	97	71
51	82	33
51	77	14
51	55	78
51	78	87
51	80	26
51	98	73
51	79	94
51	93	64
51	86	93
51	91	41
51	54	14
52	89	53
52	73	6
52	96	27
52	76	70
52	77	57
52	98	15
52	92	76
52	93	57
52	95	45
52	97	48
52	84	87
52	85	78
52	91	25
52	79	90
52	94	77
52	75	62
52	82	63
52	88	24
52	58	53
52	83	71
52	69	79
52	71	49
53	84	12
53	55	96
53	88	42
53	95	70
53	79	48
53	80	42
53	61	68
53	77	39
53	81	20
53	83	38
53	99	69
53	90	58
53	57	56
53	58	42
53	89	36
53	59	30
53	98	57
53	78	94
53	86	47
53	67	72
53	68	28
53	91	77
53	70	14
53	96	30
54	93	88
54	57	26
54	88	73
54	90	54
54	56	32
54	61	54
54	78	69
54	67	45
54	65	17
54	81	95
54	59	100
54	69	53
54	98	19
55	94	32
55	80	37
55	85	16
55	98	5
55	92	54
55	97	68
55	87	40
55	88	45
55	58	51
55	90	75
55	57	65
55	61	65
55	83	8
55	95	34
55	70	20
55	62	13
55	74	63
55	93	70
56	86	79
56	57	91
56	81	7
56	91	14
56	82	86
56	88	99
56	97	52
56	64	85
56	77	54
56	94	90
56	59	57
56	68	80
56	98	56
56	99	54
56	60	24
56	89	50
56	87	9
57	82	93
57	86	77
57	93	18
57	92	30
57	61	83
57	88	30
57	99	36
57	98	75
57	64	75
57	66	44
57	70	73
57	84	41
57	90	25
57	72	42
57	95	35
57	91	34
58	83	10
58	60	96
58	89	7
58	87	26
58	61	40
58	64	61
58	99	79
58	95	100
58	90	51
58	93	20
58	94	79
58	82	69
58	71	22
58	96	97
58	63	60
59	92	62
59	80	45
59	99	57
59	96	79
59	85	50
59	63	100
59	65	63
59	61	35
59	84	19
59	87	40
59	95	40
59	72	46
59	76	28
59	74	23
60	84	54
60	90	21
60	88	72
60	98	49
60	85	11
60	61	42
60	63	15
60	86	39
60	91	83
60	69	55
60	89	60
60	93	60
60	64	24
60	74	43
60	94	75
60	99	31
60	67	82
60	77	20
60	82	93
61	93	79
61	96	89
61	99	48
61	86	91
61	88	10
61	89	26
61	72	56
61	64	24
61	98	34
61	65	66
61	62	9
61	85	56
61	80	54
62	85	53
62	97	18
62	89	73
62	96	81
62	70	12
62	84	96
62	83	42
62	74	32
62	91	7
62	98	39
62	64	57
62	65	86
62	66	25
62	68	17
62	92	98
62	77	52
62	94	70
63	85	25
63	99	8
63	95	54
63	70	21
63	64	89
63	69	75
63	77	33
63	73	6
63	89	14
64	85	66
64	97	95
64	94	11
64	87	78
64	96	20
64	98	47
64	69	27
64	75	33
64	70	7
64	93	100
64	74	80
64	72	85
64	76	25
64	80	59
64	90	71
65	95	82
65	89	47
65	71	84
65	70	83
65	99	19
65	92	44
65	74	56
65	73	31
65	90	63
65	69	44
65	84	52
65	77	7
66	67	21
66	99	53
66	88	7
66	95	50
66	73	27
66	92	21
66	93	7
66	76	28
66	90	77
66	87	31
66	91	17
66	77	42
66	80	91
66	79	54
67	68	82
67	70	91
67	94	5
67	96	62
67	91	49
67	81	16
68	96	8
68	94	82
68	98	7
68	93	9
68	90	34
68	77	55
68	92	82
68	99	34
68	95	97
68	72	46
68	97	76
68	78	27
68	74	67
69	92	90
69	96	36
69	71	74
69	73	57
69	78	50
69	80	41
69	74	41
69	93	66
69	82	47
69	81	85
69	90	38
69	87	58
69	98	72
70	94	34
70	96	48
70	77	73
70	79	6
70	84	5
70	87	92
70	93	80
70	95	82
70	92	26
71	94	21
71	98	74
71	96	91
71	82	39
71	78	50
71	76	98
71	75	45
71	85	78
71	80	77
71	81	54
71	93	73
71	72	41
71	79	48
72	97	79
72	73	37
72	74	100
72	75	68
72	99	49
72	80	21
73	95	74
73	76	75
73	99	45
73	79	64
73	94	64
73	80	17
73	87	28
73	85	72
73	88	6
74	98	47
74	97	69
74	75	100
74	76	97
74	77	80
74	82	97
75	99	69
75	97	66
75	96	69
75	82	40
75	79	81
75	89	71
75	92	32
75	84	81
75	94	78
76	78	16
76	99	82
76	79	37
76	85	17
76	97	76
76	84	24
77	80	57
77	79	75
77	81	95
77	87	84
77	92	38
77	98	58
77	86	36
78	99	93
78	85	47
78	87	53
78	83	39
78	94	42
79	84	45
79	81	55
79	86	16
79	85	61
79	88	42
79	92	17
79	82	47
80	84	73
80	81	66
80	85	43
80	82	18
80	83	52
80	94	8
81	84	92
81	89	47
81	82	68
81	96	63
81	91	88
82	87	33
82	93	69
83	88	8
83	94	91
83	89	88
83	87	34
84	87	95
84	94	91
84	89	41
85	93	28
85	88	36
85	87	96
85	99	58
85	86	23
85	90	78
86	90	87
86	89	19
86	87	84
86	96	37
86	93	40
86	99	60
87	88	45
87	89	96
87	92	97
87	97	88
87	99	13
88	90	16
88	95	84
88	89	27
88	93	63
88	99	76
88	97	20
89	90	42
89	94	19
89	98	83
89	93	74
90	91	64
90	94	99
90	96	60
91	99	21
91	97	19
91	93	73
91	96	32
91	94	76
92	98	55
92	96	22
92	95	43
92	99	33
92	97	27
93	97	69
93	98	29
93	99	64
93	94	72
94	97	66
94	95	13
95	96	66
