NAME: W_SPARSE_180_60
n: 180
m: 5400
0	86	74
0	110	82
0	81	29
0	65	28
0	70	58
0	93	45
0	124	95
0	62	88
0	58	95
0	149	23
0	95	43
0	132	21
0	147	61
0	100	55
0	74	84
0	119	70
0	178	65
0	79	16
0	109	18
0	33	74
0	8	22
0	96	13
0	173	77
0	129	48
0	174	84
0	44	26
0	134	86
0	6	24
0	142	17
0	73	97
0	71	77
0	125	30
0	63	84
0	88	56
0	141	81
0	172	97
0	138	61
0	7	21
0	168	58
0	1	95
0	126	46
0	145	78
0	146	13
0	32	8
0	52	35
0	89	54
0	114	24
0	101	88
0	139	68
0	85	64
0	99	65
0	23	25
0	50	15
0	160	29
0	72	72
0	133	82
0	140	94
0	49	17
0	68	18
0	57	18
0	14	8
0	170	27
0	12	85
0	26	90
0	25	64
1	36	25
1	114	67
1	117	47
1	33	45
1	64	30
1	110	21
1	111	41
1	146	62
1	101	45
1	68	58
1	112	74
1	132	25
1	141	34
1	174	53
1	148	57
1	109	90
1	62	51
1	95	76
1	144	63
1	113	74
1	140	45
1	38	80
1	39	36
1	106	65
1	108	6
1	45	82
1	34	97
1	84	31
1	107	68
1	57	39
1	5	8
1	3	88
1	47	14
1	54	61
1	173	18
1	169	61
1	14	57
1	165	65
1	18	34
1	32	25
1	80	6
1	150	11
1	134	38
1	131	39
1	71	60
1	164	38
1	67	91
1	100	21
1	56	86
1	16	88
1	49	13
1	161	34
1	59	95
2	68	22
2	125	25
2	85	44
2	74	55
2	97	15
2	146	86
2	52	45
2	112	90
2	140	82
2	101	28
2	61	99
2	136	78
2	178	50
2	134	9
2	36	63
2	90	91
2	132	42
2	33	93
2	58	96
2	145	30
2	108	41
2	175	8
2	149	76
2	151	59
2	59	7
2	5	52
2	142	52
2	43	10
2	55	50
2	62	27
2	77	6
2	104	45
2	40	24
2	99	53
2	111	62
2	15	55
2	133	64
2	76	37
2	123	35
2	78	12
2	63	71
2	48	56
2	60	41
2	93	88
2	22	30
2	6	37
2	18	30
2	16	98
2	102	28
2	54	34
2	66	9
2	166	40
2	70	48
2	50	59
2	11	56
2	160	91
2	4	29
2	159	64
2	47	85
2	147	84
2	156	40
2	30	29
2	141	84
3	148	62
3	72	65
3	48	64
3	130	26
3	59	45
3	151	40
3	44	64
3	37	38
3	111	41
3	126	94
3	137	67
3	109	56
3	61	49
3	75	33
3	127	23
3	57	35
3	134	74
3	124	36
3	42	19
3	104	51
3	87	16
3	50	58
3	10	51
3	11	76
3	86	96
3	71	98
3	8	57
3	97	92
3	16	51
3	139	30
3	175	86
3	123	67
3	22	49
3	74	51
3	129	42
3	40	82
3	118	12
3	168	44
3	178	81
3	90	42
3	115	98
3	102	82
3	108	80
3	149	83
3	15	60
3	136	63
3	113	31
3	84	35
3	19	42
3	76	16
3	145	36
3	82	41
3	164	30
3	100	56
3	43	68
3	53	9
3	64	16
3	140	7
4	81	14
4	128	21
4	142	92
4	115	68
4	103	26
4	119	60
4	122	28
4	150	77
4	40	30
4	67	58
4	66	6
4	148	6
4	55	80
4	7	76
4	38	91
4	72	78
4	9	32
4	16	75
4	42	8
4	89	96
4	108	86
4	5	25
4	96	16
4	63	40
4	74	49
4	127	37
4	153	56
4	57	37
4	15	69
4	46	93
4	169	48
4	73	45
4	86	14
4	98	39
4	94	50
4	114	59
4	124	41
4	56	54
4	151	71
4	177	67
4	68	35
4	47	21
4	53	69
4	61	58
4	43	75
4	109	57
4	83	33
4	87	63
4	85	48
4	149	49
4	167	41
4	123	14
4	10	57
4	6	28
4	41	7
4	50	91
4	59	41
4	163	88
5	58	26
5	101	92
5	150	86
5	154	74
5	114	67
5	67	71
5	137	76
5	122	68
5	64	7
5	151	25
5	10	37
5	153	17
5	76	45
5	77	8
5	109	36
5	132	50
5	103	21
5	70	54
5	85	5
5	73	97
5	41	23
5	94	42
5	112	15
5	83	11
5	9	23
5	54	7
5	105	70
5	174	37
5	175	35
5	38	60
5	142	57
5	131	66
5	15	19
5	111	60
5	100	92
5	79	37
5	171	63
5	87	37
5	23	50
5	57	17
5	145	29
5	123	15
5	86	24
5	44	44
5	173	53
5	141	85
5	62	87
5	97	6
5	160	6
5	19	71
6	38	64
6	148	21
6	105	99
6	147	17
6	132	37
6	153	34
6	114	35
6	115	21
6	66	54
6	82	34
6	41	52
6	40	28
6	141	79
6	90	23
6	98	36
6	139	28
6	151	35
6	89	37
6	127	63
6	86	76
6	135	29
6	73	45
6	49	62
6	143	72
6	102	88
6	120	92
6	121	88
6	47	50
6	39	91
6	122	93
6	172	36
6	14	38
6	9	39
6	103	81
6	50	23
6	113	88
6	96	56
6	129	5
6	42	34
6	21	91
6	64	66
6	154	74
6	61	75
6	142	46
6	133	6
6	45	16
6	99	77
6	123	52
6	175	55
6	29	55
6	25	92
7	106	93
7	46	59
7	131	95
7	139	81
7	60	30
7	61	20
7	85	20
7	140	44
7	99	21
7	57	83
7	64	44
7	44	59
7	93	70
7	135	34
7	117	83
7	53	40
7	100	71
7	130	6
7	11	87
7	40	31
7	107	93
7	151	73
7	113	53
7	147	87
7	145	10
7	13	81
7	82	75
7	16	30
7	116	57
7	118	25
7	20	29
7	10	20
7	14	26
7	19	47
7	42	50
7	48	83
7	96	42
7	77	32
7	129	96
7	175	37
7	87	70
7	91	93
7	177	79
7	74	30
7	47	56
7	167	46
7	89	70
7	137	82
7	148	24
7	176	51
7	120	21
7	54	59
7	62	100
7	146	62
7	144	18
7	45	53
7	141	39
7	119	12
7	9	62
7	92	76
7	125	23
7	80	60
7	164	82
7	58	79
7	31	44
8	85	79
8	61	56
8	120	99
8	39	40
8	137	76
8	108	28
8	148	94
8	152	66
8	135	91
8	121	85
8	151	36
8	63	30
8	96	27
8	125	34
8	49	89
8	43	26
8	144	80
8	133	60
8	71	15
8	118	37
8	12	78
8	62	6
8	178	5
8	138	94
8	55	42
8	115	38
8	19	33
8	111	47
8	78	17
8	134	87
8	79	8
8	41	9
8	109	44
8	104	46
8	126	83
8	60	87
8	123	93
8	174	37
8	27	59
8	172	98
8	112	46
8	155	81
8	74	41
8	139	7
8	168	89
8	14	22
8	87	34
8	113	10
8	130	8
8	51	58
8	16	11
8	88	28
9	73	25
9	98	74
9	83	45
9	10	41
9	72	14
9	123	70
9	92	89
9	125	19
9	142	56
9	54	16
9	120	81
9	136	84
9	40	96
9	69	86
9	60	11
9	152	6
9	84	32
9	80	55
9	129	71
9	111	38
9	154	34
9	145	44
9	43	79
9	52	89
9	19	54
9	100	97
9	112	81
9	49	77
9	85	78
9	79	57
9	141	85
9	18	62
9	148	58
9	44	58
9	107	13
9	47	87
9	105	79
9	26	43
9	82	22
9	91	78
9	106	43
9	172	75
9	77	88
9	137	53
9	155	41
9	81	36
9	116	37
9	101	80
9	114	92
9	173	16
9	46	21
9	74	13
9	24	44
9	167	77
10	142	25
10	48	21
10	67	46
10	97	45
10	157	35
10	113	77
10	11	69
10	96	60
10	77	36
10	105	88
10	152	39
10	51	43
10	128	47
10	129	89
10	149	21
10	74	11
10	87	67
10	47	11
10	103	83
10	121	56
10	76	32
10	81	93
10	115	39
10	60	87
10	75	22
10	49	29
10	145	72
10	21	73
10	116	95
10	100	99
10	112	51
10	69	49
10	111	91
10	154	35
10	127	93
10	42	20
10	12	82
10	104	23
10	88	11
10	57	32
10	22	41
10	26	52
10	41	68
10	46	64
10	166	39
10	29	41
10	83	80
10	86	9
10	135	44
10	52	23
10	159	32
10	119	19
10	37	5
11	68	69
11	59	77
11	65	48
11	47	47
11	74	9
11	133	38
11	130	63
11	13	11
11	49	95
11	155	12
11	147	100
11	79	9
11	14	55
11	124	40
11	149	32
11	129	14
11	119	88
11	20	60
11	142	80
11	50	26
11	64	58
11	109	33
11	97	9
11	106	50
11	92	82
11	176	91
11	179	69
11	77	6
11	102	39
11	23	68
11	26	87
11	69	99
11	121	11
11	127	56
11	139	20
11	15	65
11	174	53
11	158	6
11	148	90
11	83	46
11	120	57
11	112	39
11	76	18
11	108	29
11	110	89
11	100	55
11	56	77
11	122	40
11	146	81
11	175	57
11	75	79
11	24	62
11	114	28
11	37	70
11	57	45
11	152	35
11	128	80
12	45	78
12	87	29
12	101	97
12	119	33
12	59	90
12	121	63
12	94	36
12	117	92
12	53	62
12	138	52
12	97	62
12	91	90
12	92	67
12	18	18
12	73	33
12	103	23
12	111	70
12	43	83
12	118	57
12	52	27
12	78	83
12	139	87
12	20	63
12	69	23
12	13	14
12	154	56
12	127	11
12	141	95
12	95	98
12	98	84
12	86	61
12	75	66
12	54	90
12	128	94
12	178	84
12	140	63
12	22	89
12	108	6
12	23	8
12	83	73
12	93	40
12	71	37
12	125	9
12	159	67
12	82	33
12	147	56
12	31	34
12	25	72
12	130	78
12	135	62
12	129	72
12	74	62
12	145	63
12	151	50
12	124	64
12	14	7
12	21	43
12	88	57
12	33	6
12	179	8
12	110	98
13	146	67
13	138	65
13	80	87
13	134	62
13	56	21
13	17	26
13	103	39
13	135	6
13	87	81
13	121	36
13	58	42
13	50	72
13	86	86
13	125	10
13	81	36
13	149	38
13	90	23
13	144	25
13	124	53
13	94	56
13	139	92
13	145	98
13	64	65
13	18	77
13	20	24
13	140	58
13	130	59
13	162	45
13	120	32
13	148	71
13	117	20
13	118	17
13	173	90
13	29	60
13	16	89
13	48	8
13	30	81
13	68	28
13	159	96
13	31	58
13	75	80
13	39	46
13	106	92
13	55	90
13	123	87
13	174	93
13	46	35
13	41	12
13	179	83
14	87	40
14	50	10
14	109	62
14	86	54
14	16	11
14	17	53
14	132	52
14	53	92
14	108	10
14	105	48
14	19	40
14	123	45
14	141	19
14	96	29
14	54	35
14	126	7
14	23	86
14	84	85
14	150	84
14	148	45
14	65	98
14	81	30
14	68	65
14	20	50
14	52	94
14	102	37
14	119	68
14	130	29
14	129	82
14	140	71
14	61	29
14	118	7
14	29	9
14	70	50
14	67	69
14	75	85
14	114	83
14	56	98
14	18	20
14	144	41
14	93	57
14	112	68
14	122	36
14	155	96
14	32	95
14	95	63
14	142	15
14	33	35
14	48	26
14	34	53
14	139	49
14	147	69
14	167	33
14	26	88
14	128	25
14	124	57
14	40	47
14	173	44
15	131	93
15	151	61
15	47	28
15	92	58
15	135	48
15	156	63
15	108	20
15	85	72
15	103	47
15	76	22
15	91	12
15	150	47
15	104	82
15	72	74
15	54	34
15	122	59
15	124	68
15	114	42
15	105	83
15	22	9
15	25	49
15	126	82
15	112	13
15	81	44
15	23	37
15	109	6
15	101	81
15	147	60
15	88	28
15	132	41
15	138	59
15	162	91
15	133	57
15	61	56
15	80	86
15	98	77
15	115	6
15	154	39
15	161	31
15	16	69
15	18	58
15	175	49
15	24	62
15	53	19
15	106	75
15	86	60
15	35	77
15	51	48
15	83	19
15	28	17
15	39	57
15	99	99
15	155	32
15	169	40
15	87	54
15	177	47
15	52	83
15	149	33
16	49	92
16	83	90
16	102	29
16	121	7
16	153	98
16	64	85
16	109	56
16	140	62
16	159	6
16	110	58
16	66	70
16	60	73
16	65	12
16	68	81
16	130	32
16	119	12
16	82	23
16	91	7
16	17	37
16	124	86
16	77	29
16	111	15
16	131	17
16	95	74
16	162	22
16	78	35
16	112	85
16	74	36
16	154	50
16	144	98
16	136	23
16	51	54
16	84	74
16	90	21
16	133	27
16	22	17
16	58	14
16	118	85
16	48	93
16	69	81
16	172	89
16	67	81
16	165	67
16	142	23
16	35	30
16	54	22
17	121	81
17	133	79
17	155	94
17	79	61
17	120	49
17	59	89
17	87	75
17	159	68
17	100	26
17	156	92
17	148	68
17	88	17
17	63	23
17	102	19
17	153	41
17	53	12
17	114	41
17	115	6
17	26	10
17	80	87
17	98	59
17	162	46
17	65	63
17	61	87
17	125	62
17	163	70
17	92	29
17	48	94
17	72	88
17	110	85
17	119	35
17	134	52
17	82	60
17	30	26
17	86	32
17	31	23
17	149	43
17	96	12
17	68	88
17	99	59
17	176	73
17	91	69
17	152	28
17	90	70
17	27	41
17	66	8
17	85	97
17	173	36
17	126	83
17	60	54
17	109	14
17	166	27
17	84	17
17	70	54
17	105	43
17	112	23
17	139	97
17	49	24
18	94	82
18	49	20
18	51	23
18	103	42
18	134	82
18	50	49
18	67	31
18	156	21
18	66	86
18	56	55
18	99	22
18	84	41
18	138	52
18	96	37
18	80	28
18	130	98
18	149	79
18	23	78
18	143	85
18	91	25
18	19	28
18	110	7
18	85	28
18	82	80
18	63	49
18	75	22
18	136	89
18	148	92
18	26	45
18	159	6
18	77	9
18	95	28
18	76	69
18	58	98
18	100	16
18	37	49
18	60	60
18	144	53
18	127	67
18	112	32
18	160	37
18	34	69
18	32	66
18	72	39
18	117	99
18	39	92
18	147	13
18	68	48
18	90	87
18	139	55
18	86	48
18	151	60
18	92	22
18	115	46
18	101	66
18	38	38
18	46	72
19	71	65
19	139	36
19	96	31
19	121	36
19	164	84
19	132	98
19	159	39
19	61	80
19	109	90
19	167	53
19	146	29
19	60	67
19	65	76
19	22	70
19	155	21
19	153	70
19	154	25
19	110	58
19	137	54
19	135	71
19	149	74
19	152	92
19	157	78
19	31	61
19	107	60
19	70	73
19	97	29
19	117	96
19	59	45
19	129	83
19	66	97
19	163	33
19	141	95
19	145	85
19	79	24
19	133	45
19	23	96
19	63	14
19	92	20
19	112	83
19	131	87
19	176	95
19	98	69
19	116	33
19	52	68
19	174	33
19	147	85
20	88	70
20	94	22
20	163	10
20	108	54
20	111	62
20	69	49
20	135	97
20	168	99
20	107	84
20	127	49
20	57	32
20	55	89
20	90	99
20	66	29
20	23	42
20	136	36
20	89	36
20	139	63
20	109	58
20	27	63
20	117	57
20	141	30
20	97	45
20	124	74
20	119	43
20	150	15
20	157	59
20	22	21
20	96	21
20	152	41
20	70	83
20	60	15
20	123	90
20	151	35
20	87	57
20	146	9
20	166	17
20	153	37
20	24	48
20	35	42
20	82	18
20	113	44
20	56	35
20	103	14
20	67	25
20	83	9
20	37	12
20	118	75
20	179	27
20	149	5
20	121	89
20	65	62
20	33	13
20	44	18
20	148	79
20	42	51
20	64	93
20	165	49
20	39	15
20	58	48
20	142	48
20	62	93
20	76	24
20	177	8
20	32	49
21	131	38
21	108	35
21	113	59
21	125	80
21	98	67
21	60	46
21	63	87
21	105	51
21	120	40
21	62	96
21	87	17
21	79	62
21	94	28
21	81	87
21	128	94
21	142	18
21	164	6
21	27	58
21	73	64
21	22	79
21	102	63
21	157	96
21	91	34
21	160	98
21	163	89
21	58	8
21	28	80
21	151	36
21	77	96
21	61	47
21	156	14
21	31	84
21	32	66
21	35	36
21	29	9
21	52	35
21	97	20
21	117	17
21	161	34
21	23	33
21	65	57
21	67	45
21	122	5
21	92	59
21	168	9
21	144	26
21	93	25
21	109	97
21	137	26
21	159	75
21	38	49
21	107	59
21	119	52
21	24	16
21	76	68
21	48	96
21	56	6
21	170	75
21	145	29
21	90	13
21	54	47
22	68	12
22	126	45
22	169	56
22	143	45
22	23	18
22	149	68
22	168	34
22	110	23
22	64	67
22	90	83
22	116	29
22	65	57
22	91	97
22	157	38
22	158	68
22	132	26
22	144	21
22	74	61
22	102	61
22	86	94
22	129	11
22	70	43
22	69	18
22	33	45
22	66	74
22	26	38
22	101	22
22	145	29
22	104	60
22	113	81
22	123	59
22	77	36
22	36	49
22	31	12
22	27	43
22	34	63
22	171	99
22	83	52
22	109	35
22	137	95
22	105	97
22	162	59
22	155	46
22	43	53
22	108	60
22	175	53
22	119	22
22	114	60
22	96	72
23	74	28
23	138	48
23	159	76
23	128	18
23	69	54
23	119	33
23	168	14
23	145	83
23	61	86
23	62	88
23	153	46
23	148	91
23	154	18
23	151	43
23	125	93
23	86	84
23	64	80
23	99	7
23	110	32
23	140	10
23	59	52
23	72	15
23	97	54
23	121	57
23	162	15
23	90	23
23	109	67
23	156	82
23	81	72
23	60	16
23	163	50
23	122	47
23	106	52
23	104	90
23	103	26
23	83	70
23	155	69
23	71	12
23	149	39
23	27	29
23	30	17
23	113	15
23	57	20
23	89	11
23	70	78
23	158	32
23	31	94
23	78	8
23	135	38
23	136	95
23	142	35
23	39	15
23	102	95
23	67	33
24	162	74
24	59	41
24	85	99
24	109	42
24	122	78
24	107	56
24	151	18
24	119	16
24	140	29
24	57	93
24	143	91
24	171	55
24	154	71
24	153	6
24	65	89
24	114	91
24	170	43
24	120	60
24	95	97
24	148	15
24	74	93
24	163	78
24	55	93
24	103	77
24	123	51
24	172	37
24	91	81
24	30	62
24	156	10
24	94	19
24	116	44
24	161	78
24	166	85
24	169	28
24	93	80
24	100	35
24	68	95
24	87	78
24	92	55
24	150	57
24	79	35
24	35	49
24	58	56
24	142	81
24	132	28
24	106	97
24	128	51
24	138	46
24	75	51
24	27	36
24	36	90
24	127	34
24	134	91
24	83	31
24	70	67
24	28	93
24	32	61
24	63	78
25	62	48
25	138	85
25	81	83
25	169	54
25	124	63
25	161	10
25	105	92
25	145	69
25	150	59
25	167	99
25	117	73
25	89	16
25	131	44
25	97	6
25	114	5
25	101	82
25	107	81
25	31	40
25	73	55
25	159	80
25	112	51
25	132	42
25	125	81
25	84	61
25	56	29
25	57	13
25	26	42
25	74	46
25	66	38
25	99	58
25	143	89
25	96	90
25	87	89
25	40	73
25	130	42
25	142	41
25	164	46
25	123	30
25	154	45
25	44	14
25	141	73
25	151	14
25	32	7
25	34	79
25	27	37
25	82	96
25	61	92
25	88	62
25	129	52
25	58	91
25	106	69
25	72	89
25	52	76
25	179	98
25	67	72
25	42	28
25	120	69
25	178	45
25	104	94
25	171	98
25	166	16
26	166	84
26	61	9
26	133	45
26	66	94
26	145	40
26	121	95
26	174	75
26	71	87
26	87	23
26	164	47
26	168	5
26	57	79
26	151	38
26	93	47
26	141	72
26	131	16
26	80	24
26	118	67
26	33	97
26	109	29
26	167	69
26	76	12
26	120	7
26	125	90
26	128	94
26	31	87
26	130	71
26	143	98
26	105	11
26	103	33
26	100	91
26	160	71
26	28	69
26	127	17
26	97	53
26	73	84
26	27	39
26	144	71
26	85	81
26	98	52
26	115	91
26	119	72
26	155	64
26	65	68
26	70	68
26	86	28
26	42	41
26	75	28
26	175	71
26	152	91
26	89	75
26	138	99
26	91	35
26	132	80
26	88	48
26	162	16
26	63	54
26	67	84
26	81	81
27	76	68
27	161	41
27	77	94
27	153	30
27	92	9
27	175	19
27	172	94
27	60	33
27	118	40
27	119	62
27	79	93
27	108	80
27	33	35
27	163	52
27	95	30
27	117	19
27	128	91
27	127	68
27	71	7
27	147	61
27	174	10
27	125	79
27	88	77
27	101	85
27	78	23
27	91	29
27	120	65
27	72	75
27	171	13
27	106	38
27	131	29
27	114	75
27	28	86
27	138	41
27	34	13
27	104	71
27	149	85
27	98	70
27	44	99
27	137	39
27	159	67
27	173	84
27	112	92
27	132	65
27	150	88
27	59	22
27	122	55
27	90	6
27	32	52
28	90	98
28	89	11
28	155	59
28	88	31
28	150	25
28	122	79
28	65	93
28	78	90
28	130	67
28	77	61
28	157	73
28	164	68
28	34	39
28	113	72
28	129	25
28	64	81
28	74	8
28	106	10
28	166	52
28	76	17
28	67	24
28	159	70
28	68	71
28	105	73
28	31	70
28	79	34
28	86	33
28	118	58
28	149	28
28	87	80
28	120	7
28	145	52
28	125	82
28	39	51
28	140	23
28	172	8
28	123	13
28	44	15
28	173	49
28	62	16
28	71	60
28	93	12
28	174	84
28	91	53
28	176	18
28	72	30
28	109	92
28	128	23
28	66	19
28	73	60
28	95	20
28	100	39
28	42	62
28	170	42
29	159	45
29	77	79
29	30	46
29	151	72
29	109	12
29	123	53
29	145	26
29	154	19
29	102	41
29	113	39
29	155	75
29	94	94
29	110	18
29	35	6
29	163	95
29	150	5
29	96	32
29	139	81
29	84	99
29	99	51
29	100	97
29	126	59
29	156	44
29	76	82
29	104	13
29	60	92
29	62	78
29	87	46
29	168	44
29	80	38
29	117	8
29	92	25
29	105	63
29	143	81
29	177	25
29	45	46
29	36	62
29	122	96
29	124	43
29	79	54
29	31	94
29	40	23
29	131	44
29	120	77
29	89	50
29	107	48
29	34	13
29	70	60
29	164	95
29	160	50
29	95	14
29	54	20
29	53	14
29	134	86
29	48	46
29	61	9
30	99	31
30	94	49
30	118	49
30	113	51
30	172	98
30	155	79
30	73	21
30	100	71
30	157	21
30	71	52
30	34	6
30	109	94
30	72	9
30	87	51
30	135	25
30	38	34
30	96	59
30	145	22
30	161	84
30	42	81
30	107	66
30	69	42
30	31	79
30	137	42
30	154	86
30	162	23
30	32	84
30	80	58
30	163	61
30	125	81
30	44	42
30	84	39
30	174	59
30	178	91
30	91	61
30	33	8
30	40	71
30	90	11
30	64	99
30	62	29
30	129	77
30	167	32
30	170	70
30	136	96
30	156	23
30	133	51
30	171	26
30	173	95
30	70	71
30	52	12
30	66	17
30	148	72
30	77	82
30	59	97
30	82	40
30	131	27
31	78	40
31	92	76
31	165	57
31	173	93
31	171	58
31	163	32
31	150	17
31	148	63
31	170	22
31	127	43
31	126	89
31	121	92
31	161	63
31	83	87
31	76	53
31	104	8
31	172	78
31	99	87
31	102	59
31	156	26
31	34	16
31	169	20
31	144	28
31	158	42
31	107	29
31	129	84
31	117	42
31	110	41
31	88	42
31	74	17
31	159	75
31	179	76
31	40	86
31	73	75
31	84	84
31	143	27
31	155	34
31	175	90
31	125	65
31	112	70
31	119	23
31	38	57
31	139	17
31	36	78
31	94	71
31	93	84
31	82	21
31	133	90
31	67	94
32	114	24
32	152	37
32	128	65
32	113	39
32	135	27
32	147	78
32	139	94
32	86	72
32	102	31
32	117	8
32	160	37
32	63	11
32	130	87
32	39	32
32	120	7
32	161	88
32	177	46
32	105	41
32	156	20
32	38	57
32	81	59
32	126	93
32	143	49
32	129	59
32	154	17
32	64	80
32	44	72
32	104	82
32	125	91
32	127	6
32	124	26
32	170	86
32	91	69
32	172	84
32	78	60
32	123	68
32	138	11
32	162	28
32	72	50
32	133	58
32	112	8
32	116	44
32	174	81
32	97	13
32	43	30
32	76	89
32	95	92
32	85	24
32	131	36
33	116	88
33	91	59
33	106	40
33	97	24
33	104	40
33	172	33
33	117	23
33	79	97
33	176	53
33	133	72
33	67	36
33	88	68
33	69	74
33	83	31
33	103	24
33	143	49
33	65	35
33	126	80
33	158	29
33	102	6
33	135	86
33	146	7
33	125	55
33	134	48
33	41	37
33	80	6
33	164	43
33	42	20
33	76	37
33	94	41
33	159	31
33	108	32
33	123	68
33	139	76
33	155	71
33	51	46
33	50	98
33	86	97
33	153	18
33	53	24
33	170	77
33	71	43
33	130	32
33	43	77
33	111	40
33	157	57
33	124	23
33	59	87
33	154	74
33	166	59
33	87	60
33	81	19
34	121	48
34	169	15
34	75	84
34	138	39
34	92	71
34	178	75
34	148	13
34	134	37
34	153	94
34	174	34
34	79	65
34	72	88
34	74	55
34	36	59
34	133	25
34	164	40
34	113	62
34	135	9
34	154	100
34	152	29
34	83	79
34	170	66
34	128	12
34	177	56
34	119	93
34	77	79
34	137	80
34	176	34
34	37	13
34	106	8
34	105	98
34	93	12
34	149	14
34	66	96
34	42	92
34	108	30
34	159	59
34	172	60
34	50	18
34	70	55
34	151	83
34	54	50
34	168	71
34	84	53
34	44	7
34	102	90
34	167	15
34	47	69
34	49	35
34	156	67
34	125	66
34	142	9
34	162	38
34	48	51
35	88	55
35	116	77
35	158	42
35	163	15
35	167	93
35	157	90
35	85	80
35	36	23
35	97	15
35	126	42
35	110	59
35	72	82
35	69	8
35	155	68
35	161	27
35	42	100
35	104	64
35	131	14
35	170	8
35	128	13
35	71	63
35	156	71
35	165	23
35	159	7
35	92	83
35	154	94
35	40	89
35	115	80
35	135	31
35	95	69
35	70	16
35	137	62
35	48	74
35	171	43
35	179	88
35	178	16
35	114	23
35	151	48
35	84	28
35	174	98
35	117	97
35	103	39
35	177	65
35	124	65
35	98	19
35	118	89
35	47	86
36	119	39
36	168	59
36	162	29
36	142	42
36	173	49
36	82	81
36	76	57
36	143	55
36	88	67
36	109	47
36	89	64
36	134	97
36	169	57
36	69	85
36	116	5
36	175	98
36	103	44
36	160	39
36	43	76
36	129	58
36	84	18
36	128	70
36	154	25
36	83	60
36	42	11
36	100	56
36	176	63
36	45	25
36	113	81
36	90	22
36	172	20
36	123	16
36	79	5
36	47	36
36	111	64
36	156	88
36	157	34
36	81	84
36	110	18
36	71	42
36	104	39
36	73	72
36	91	52
36	130	96
36	139	84
36	106	66
36	98	37
36	164	26
36	50	83
36	37	74
36	78	95
36	66	6
36	137	65
37	73	65
37	118	59
37	154	17
37	121	25
37	97	68
37	150	59
37	159	35
37	177	73
37	140	44
37	114	32
37	123	59
37	130	90
37	113	14
37	132	67
37	134	76
37	151	78
37	142	43
37	141	84
37	76	88
37	171	26
37	168	41
37	143	37
37	40	94
37	174	6
37	178	63
37	101	16
37	125	25
37	136	6
37	47	48
37	74	90
37	86	91
37	175	72
37	111	96
37	128	28
37	42	41
37	38	16
37	115	7
37	98	75
37	54	7
37	90	94
37	106	28
37	138	93
37	85	60
37	91	52
37	71	83
37	162	7
37	95	59
37	56	98
37	102	50
37	157	56
37	68	76
37	167	86
37	59	50
37	109	63
37	160	93
37	103	94
37	156	48
37	169	64
38	105	36
38	155	35
38	137	52
38	169	77
38	170	42
38	171	42
38	156	76
38	179	58
38	76	7
38	124	69
38	123	10
38	86	32
38	134	92
38	148	99
38	102	95
38	97	86
38	116	25
38	114	89
38	178	95
38	165	7
38	79	59
38	101	49
38	139	30
38	149	54
38	125	29
38	41	78
38	72	92
38	166	77
38	157	86
38	47	67
38	121	70
38	174	91
38	80	42
38	118	62
38	136	10
38	96	58
38	158	14
38	89	66
38	100	76
38	73	89
38	108	24
38	58	48
38	85	11
38	159	24
38	39	72
38	55	17
38	167	89
39	128	81
39	123	26
39	76	37
39	138	48
39	72	11
39	112	55
39	92	25
39	166	75
39	173	47
39	175	52
39	122	50
39	103	67
39	145	93
39	133	43
39	42	23
39	81	97
39	109	25
39	94	47
39	135	41
39	149	60
39	113	78
39	48	36
39	40	33
39	157	96
39	151	49
39	98	80
39	118	20
39	52	47
39	105	42
39	111	90
39	137	63
39	95	56
39	163	97
39	79	36
39	89	39
39	80	92
39	146	32
39	161	36
39	120	86
39	53	69
39	100	47
39	96	90
39	108	80
39	131	71
39	51	38
39	101	79
39	61	33
40	130	77
40	98	95
40	75	36
40	77	11
40	172	71
40	90	37
40	81	26
40	85	54
40	44	23
40	127	41
40	151	82
40	140	35
40	86	48
40	144	38
40	146	49
40	137	37
40	50	19
40	51	49
40	124	55
40	110	55
40	114	54
40	138	63
40	132	88
40	54	86
40	96	26
40	154	53
40	141	97
40	122	64
40	107	71
40	47	28
40	72	67
40	108	52
40	52	5
40	73	22
40	175	28
40	133	42
40	115	39
40	48	26
40	56	51
40	80	47
40	119	87
40	157	9
40	158	42
40	123	30
40	69	55
40	156	9
41	74	14
41	78	30
41	137	19
41	124	6
41	101	63
41	108	29
41	151	62
41	142	68
41	135	43
41	75	20
41	98	92
41	160	22
41	90	95
41	86	25
41	76	57
41	143	41
41	79	21
41	148	73
41	114	57
41	130	92
41	99	35
41	158	30
41	120	72
41	115	62
41	176	48
41	112	100
41	109	30
41	177	6
41	73	99
41	133	17
41	178	63
41	172	84
41	83	18
41	59	92
41	93	75
41	123	29
41	128	77
41	152	48
41	80	87
41	94	47
41	171	35
41	88	53
41	150	63
41	163	78
41	44	40
41	96	69
41	97	92
41	125	97
41	129	67
41	116	50
41	144	30
42	93	66
42	43	66
42	112	14
42	170	79
42	172	51
42	79	36
42	90	9
42	107	81
42	109	85
42	148	12
42	124	46
42	123	85
42	152	92
42	138	81
42	102	55
42	82	6
42	94	50
42	136	18
42	164	87
42	137	25
42	85	53
42	96	37
42	177	87
42	147	82
42	76	49
42	126	17
42	86	72
42	171	6
42	140	10
42	98	93
42	81	89
42	150	65
42	146	100
42	59	35
42	144	31
42	151	97
42	149	14
42	178	92
42	61	53
42	166	10
42	159	12
42	110	80
42	64	11
42	106	72
42	67	62
42	89	32
42	101	65
43	76	13
43	81	75
43	139	83
43	83	7
43	146	98
43	127	82
43	44	17
43	162	32
43	136	49
43	129	53
43	166	21
43	99	94
43	101	43
43	140	19
43	75	38
43	158	23
43	177	37
43	119	16
43	145	84
43	176	23
43	95	39
43	125	35
43	128	10
43	144	36
43	112	86
43	80	9
43	85	76
43	94	87
43	151	6
43	120	73
43	115	5
43	160	22
43	170	78
43	103	85
43	113	5
43	74	73
43	147	47
43	150	27
43	46	53
43	93	28
43	157	17
43	172	60
43	117	80
43	77	36
43	96	59
43	48	70
43	154	97
43	45	15
43	105	56
43	122	12
43	53	63
43	159	91
43	111	73
44	173	16
44	144	92
44	126	52
44	102	68
44	97	62
44	116	18
44	111	63
44	147	5
44	152	69
44	104	72
44	159	57
44	85	93
44	112	73
44	107	28
44	88	48
44	130	49
44	91	37
44	166	59
44	157	97
44	90	12
44	138	17
44	129	9
44	46	76
44	148	7
44	96	99
44	47	67
44	110	31
44	164	30
44	103	69
44	122	53
44	115	9
44	58	29
44	83	49
44	86	33
44	113	41
44	124	88
44	154	59
44	105	6
44	64	20
45	176	55
45	136	91
45	160	42
45	139	96
45	143	26
45	150	41
45	154	6
45	85	55
45	93	66
45	129	49
45	95	70
45	111	55
45	82	63
45	161	84
45	135	7
45	107	20
45	104	39
45	108	82
45	83	70
45	105	13
45	171	60
45	49	8
45	142	69
45	156	66
45	122	6
45	170	66
45	125	58
45	90	55
45	128	36
45	53	99
45	163	28
45	179	19
45	94	82
45	141	57
45	118	39
45	132	34
45	57	77
45	149	14
45	145	96
45	177	74
45	68	26
45	71	8
45	114	73
45	167	52
45	131	81
45	78	86
46	141	17
46	175	53
46	107	77
46	149	46
46	147	36
46	82	61
46	160	56
46	166	91
46	100	86
46	77	82
46	89	33
46	127	88
46	164	21
46	178	10
46	85	73
46	133	96
46	97	12
46	156	57
46	154	78
46	53	19
46	86	39
46	177	51
46	167	86
46	106	71
46	168	91
46	92	36
46	58	73
46	128	32
46	173	55
46	50	16
46	115	36
46	152	41
46	79	64
46	121	63
46	125	65
46	49	18
46	129	13
46	145	13
46	61	54
46	139	93
46	93	66
46	117	70
46	144	81
46	87	55
46	67	47
46	70	24
46	59	49
46	73	100
46	83	25
46	137	93
46	140	32
47	147	66
47	100	37
47	150	13
47	175	98
47	116	16
47	102	51
47	128	48
47	103	80
47	177	55
47	82	12
47	131	20
47	88	53
47	92	32
47	164	91
47	172	14
47	52	81
47	93	93
47	123	51
47	48	80
47	96	96
47	110	13
47	143	75
47	169	32
47	155	25
47	114	29
47	108	57
47	149	28
47	109	42
47	133	43
47	173	97
47	49	51
47	78	10
47	158	51
47	179	79
47	59	69
47	107	19
47	126	52
47	170	66
47	176	31
47	178	23
47	127	82
47	115	59
47	171	94
47	119	74
47	160	99
47	138	87
47	65	89
47	57	40
47	71	74
47	124	72
47	153	12
47	144	23
47	91	17
47	122	12
48	124	87
48	167	31
48	133	13
48	172	64
48	164	55
48	95	36
48	114	10
48	150	47
48	91	14
48	144	12
48	139	66
48	92	70
48	116	12
48	136	78
48	179	51
48	104	38
48	142	89
48	55	54
48	156	39
48	53	57
48	88	72
48	57	10
48	122	60
48	83	74
48	119	27
48	54	69
48	59	69
48	162	19
48	62	17
48	126	65
48	113	10
48	132	19
48	85	22
48	86	78
48	153	55
48	81	95
48	49	82
48	69	52
48	79	8
48	96	59
48	165	72
48	152	57
48	111	63
48	157	95
48	107	55
48	141	38
48	140	48
48	101	17
48	118	20
48	65	82
49	127	27
49	153	65
49	139	88
49	86	49
49	174	28
49	101	43
49	96	48
49	94	39
49	138	97
49	50	57
49	173	66
49	175	54
49	179	99
49	54	68
49	85	75
49	163	69
49	51	48
49	160	87
49	115	18
49	58	82
49	64	28
49	162	80
49	128	48
49	111	90
49	176	89
49	63	43
49	169	41
49	171	41
49	116	15
49	95	97
49	113	73
49	109	58
49	143	49
49	52	89
49	114	35
49	66	37
49	126	56
49	122	83
49	151	55
49	98	95
49	125	95
49	60	70
49	83	35
49	79	69
49	103	18
50	84	75
50	168	71
50	113	39
50	127	41
50	140	9
50	110	55
50	92	25
50	81	48
50	171	27
50	90	12
50	53	51
50	115	9
50	120	93
50	155	90
50	59	24
50	88	85
50	103	21
50	139	36
50	175	11
50	89	82
50	102	47
50	122	77
50	170	92
50	63	64
50	51	46
50	128	51
50	138	78
50	116	48
50	130	85
50	83	85
50	159	60
50	101	57
50	172	71
50	107	53
50	98	32
50	68	8
50	147	86
50	67	45
50	109	12
50	152	65
50	156	53
50	99	13
51	84	47
51	92	31
51	120	81
51	110	65
51	132	94
51	169	80
51	111	92
51	130	65
51	124	68
51	176	60
51	146	15
51	104	83
51	138	8
51	179	60
51	178	77
51	122	20
51	131	91
51	57	68
51	127	24
51	133	10
51	55	26
51	172	19
51	136	72
51	170	5
51	96	32
51	129	35
51	135	69
51	159	49
51	175	41
51	106	5
51	153	34
51	62	22
51	164	72
51	54	49
51	87	58
51	107	24
51	151	42
51	64	77
51	105	29
51	147	34
51	75	88
51	125	82
51	128	13
51	94	91
51	68	52
51	157	25
52	128	45
52	133	75
52	172	49
52	166	21
52	143	37
52	130	36
52	109	71
52	168	32
52	139	13
52	145	51
52	101	15
52	118	9
52	94	60
52	83	51
52	150	59
52	87	15
52	159	56
52	136	11
52	104	5
52	123	55
52	96	76
52	62	63
52	131	11
52	173	85
52	84	32
52	162	59
52	99	97
52	149	16
52	121	42
52	151	16
52	64	66
52	156	38
52	110	80
52	67	91
52	113	31
52	147	10
52	65	94
52	68	14
52	85	9
52	152	34
52	102	22
52	176	22
52	115	80
52	157	6
52	134	9
52	164	30
52	129	56
53	141	35
53	130	62
53	54	39
53	87	47
53	158	30
53	149	30
53	101	65
53	90	28
53	143	51
53	89	63
53	105	28
53	136	90
53	148	13
53	156	15
53	179	78
53	151	76
53	162	40
53	65	7
53	94	68
53	170	74
53	104	72
53	68	98
53	165	80
53	92	86
53	86	42
53	171	89
53	72	99
53	167	52
53	119	68
53	64	29
53	142	46
53	98	98
53	140	17
53	152	28
53	163	42
53	97	93
53	62	49
53	96	99
53	116	86
53	112	12
53	99	81
53	154	41
54	88	69
54	146	55
54	160	69
54	117	28
54	89	57
54	104	72
54	174	30
54	121	30
54	125	100
54	154	50
54	124	28
54	62	39
54	167	28
54	155	99
54	57	13
54	63	76
54	115	10
54	141	50
54	86	98
54	147	38
54	98	82
54	178	73
54	134	9
54	118	72
54	145	37
54	149	11
54	142	83
54	175	61
54	69	89
54	133	41
54	55	43
54	139	53
54	165	6
54	150	64
54	74	13
54	103	8
54	179	58
54	163	60
54	101	87
54	97	72
54	75	51
54	127	69
54	129	23
54	169	13
55	95	25
55	145	21
55	99	100
55	90	57
55	122	91
55	114	66
55	56	18
55	60	30
55	141	45
55	88	73
55	123	56
55	159	68
55	178	28
55	154	40
55	137	20
55	153	51
55	140	58
55	104	17
55	139	67
55	148	86
55	168	88
55	94	28
55	87	6
55	126	35
55	112	69
55	173	63
55	69	94
55	164	96
55	70	81
55	106	53
55	135	83
55	119	78
55	167	7
55	121	41
55	136	71
55	113	41
55	134	94
55	62	82
55	152	50
55	133	96
55	161	94
55	171	42
55	78	17
55	57	61
55	72	55
56	89	16
56	117	28
56	114	60
56	129	78
56	178	10
56	101	52
56	144	20
56	88	72
56	128	54
56	120	50
56	170	67
56	57	53
56	141	8
56	146	42
56	99	42
56	161	65
56	133	26
56	102	84
56	111	27
56	169	30
56	168	6
56	143	8
56	157	8
56	145	55
56	90	66
56	107	15
56	122	19
56	64	33
56	62	81
56	110	68
56	162	51
56	171	47
56	132	24
56	108	78
56	159	65
56	87	63
56	106	70
56	75	61
56	165	30
56	177	18
56	98	75
56	74	81
57	137	31
57	157	97
57	106	5
57	122	87
57	141	96
57	152	13
57	160	77
57	59	44
57	145	41
57	112	37
57	104	72
57	165	57
57	98	71
57	64	65
57	110	76
57	147	60
57	68	12
57	116	77
57	125	45
57	102	22
57	103	24
57	130	77
57	143	84
57	169	63
57	146	25
57	73	17
57	129	78
57	136	49
57	178	62
57	149	21
57	173	37
57	60	86
57	105	32
57	154	76
57	153	60
57	151	45
57	67	76
57	95	36
57	162	22
58	131	39
58	146	75
58	90	83
58	169	88
58	132	90
58	100	81
58	101	52
58	143	78
58	139	21
58	175	23
58	89	96
58	102	50
58	110	53
58	105	40
58	147	95
58	160	65
58	116	87
58	91	18
58	134	57
58	104	71
58	107	73
58	157	83
58	125	74
58	123	95
58	69	80
58	144	59
58	173	23
58	176	35
58	136	62
58	94	31
58	109	91
58	179	88
58	73	70
58	155	63
58	112	36
58	167	67
58	154	75
58	119	51
58	172	33
58	63	25
58	127	55
58	166	66
58	95	73
58	97	15
58	106	89
58	83	52
58	142	62
59	120	48
59	159	65
59	124	40
59	132	71
59	171	23
59	105	99
59	99	9
59	139	42
59	133	26
59	161	53
59	61	53
59	109	85
59	110	16
59	101	67
59	92	83
59	66	39
59	127	80
59	115	78
59	138	86
59	169	81
59	90	56
59	74	15
59	142	33
59	136	91
59	162	17
59	107	11
59	154	18
59	113	83
59	60	74
59	93	83
59	150	91
59	137	81
59	64	82
59	78	13
59	82	23
59	95	83
59	114	51
59	147	77
59	146	73
60	155	62
60	165	32
60	136	7
60	164	79
60	159	60
60	61	82
60	142	62
60	173	75
60	174	89
60	148	54
60	140	6
60	101	57
60	125	53
60	133	80
60	67	74
60	69	51
60	166	21
60	71	24
60	168	98
60	74	88
60	145	72
60	151	56
60	176	92
60	102	23
60	64	57
60	105	66
60	156	82
60	77	36
60	118	38
60	111	39
60	112	50
60	129	56
60	157	56
60	167	59
60	169	57
60	68	17
60	123	86
60	172	14
60	117	64
60	99	17
61	161	53
61	100	30
61	103	57
61	94	62
61	129	57
61	65	97
61	131	16
61	158	70
61	118	73
61	151	29
61	136	21
61	170	36
61	138	45
61	152	97
61	72	57
61	97	38
61	127	77
61	156	97
61	145	48
61	133	87
61	102	27
61	119	73
61	135	82
61	175	30
61	63	75
61	144	72
61	104	25
61	77	12
61	171	100
61	78	44
61	66	60
61	109	45
61	83	9
61	74	97
61	123	12
61	130	27
61	92	70
61	132	70
61	69	23
61	165	54
61	82	17
61	110	96
61	120	87
61	79	56
62	131	65
62	149	75
62	127	10
62	156	8
62	108	7
62	175	48
62	98	23
62	138	90
62	144	56
62	99	53
62	102	74
62	123	60
62	146	90
62	157	32
62	178	39
62	116	22
62	158	6
62	63	53
62	125	16
62	117	39
62	161	31
62	100	24
62	147	31
62	137	39
62	133	25
62	97	83
62	94	24
62	80	70
62	168	93
62	159	28
62	122	49
62	151	32
62	95	19
62	81	56
62	171	62
62	119	13
62	113	94
62	87	28
62	76	21
62	85	39
62	170	61
62	121	73
63	135	18
63	137	23
63	154	85
63	167	77
63	142	31
63	165	99
63	155	63
63	122	56
63	109	24
63	179	16
63	129	85
63	141	44
63	153	76
63	72	45
63	169	18
63	101	62
63	166	37
63	64	35
63	171	94
63	94	60
63	133	62
63	152	94
63	104	14
63	78	25
63	81	81
63	128	35
63	143	86
63	103	97
63	67	20
63	164	80
63	117	77
63	148	47
63	163	69
63	140	30
63	126	29
63	130	14
63	139	66
63	176	90
64	104	43
64	126	33
64	107	27
64	156	71
64	127	19
64	130	72
64	177	54
64	149	92
64	73	89
64	99	29
64	105	53
64	109	20
64	139	95
64	70	57
64	98	42
64	135	41
64	65	52
64	116	24
64	137	83
64	125	52
64	134	27
64	76	39
64	142	15
64	174	29
64	118	93
64	148	67
64	103	9
64	161	26
64	66	87
64	133	34
64	175	26
64	176	93
64	117	15
65	173	61
65	140	91
65	166	100
65	99	19
65	134	43
65	175	50
65	96	72
65	162	73
65	107	14
65	69	42
65	169	26
65	143	15
65	165	77
65	142	80
65	135	25
65	100	66
65	132	84
65	148	83
65	155	70
65	161	73
65	118	22
65	146	70
65	172	35
65	76	57
65	108	16
65	116	59
65	141	40
65	66	20
65	144	88
65	152	34
65	79	38
65	98	69
65	114	33
65	102	87
65	70	9
65	74	43
65	170	29
65	68	67
65	154	70
65	67	60
65	153	85
65	87	90
65	177	100
65	178	35
65	176	72
65	72	90
65	121	97
65	123	89
65	156	85
66	176	44
66	153	85
66	101	55
66	150	82
66	126	38
66	127	97
66	175	29
66	172	58
66	119	80
66	142	44
66	68	21
66	130	73
66	168	25
66	132	97
66	131	65
66	178	8
66	100	19
66	109	58
66	164	41
66	99	97
66	143	19
66	115	44
66	165	90
66	114	16
66	161	59
66	73	28
66	120	83
66	140	66
66	79	87
66	125	53
66	72	38
66	110	70
66	170	39
66	174	68
66	77	75
66	71	44
66	107	30
66	106	64
66	144	63
66	135	38
66	137	12
66	157	32
67	99	48
67	161	33
67	157	61
67	164	14
67	119	54
67	126	10
67	153	36
67	168	83
67	170	49
67	146	62
67	151	60
67	175	90
67	76	40
67	162	67
67	147	56
67	138	67
67	132	36
67	142	57
67	124	63
67	125	82
67	121	68
67	106	21
67	108	70
67	104	98
67	136	59
67	128	78
67	154	54
67	84	23
67	83	86
67	152	8
67	102	60
67	107	39
67	81	60
68	157	81
68	129	39
68	145	94
68	179	12
68	127	80
68	137	99
68	106	25
68	104	12
68	176	49
68	107	95
68	149	28
68	109	73
68	172	63
68	99	61
68	72	81
68	101	77
68	147	44
68	173	96
68	128	66
68	75	10
68	141	16
68	116	67
68	77	97
68	86	38
68	165	52
68	112	95
68	175	93
68	152	34
68	111	51
68	139	11
68	178	88
68	80	9
68	163	81
68	167	25
68	126	44
69	104	28
69	148	90
69	119	100
69	152	9
69	162	53
69	70	30
69	142	82
69	147	46
69	157	89
69	75	65
69	114	29
69	101	78
69	135	10
69	137	87
69	103	66
69	144	21
69	145	90
69	160	10
69	165	25
69	122	48
69	120	45
69	129	13
69	77	80
69	150	20
69	155	75
69	136	63
69	113	36
69	79	25
69	106	33
69	154	6
69	167	31
69	178	7
69	177	87
69	107	6
69	116	28
69	131	13
69	171	77
69	141	17
69	179	36
69	170	41
70	123	55
70	111	60
70	112	31
70	163	9
70	132	84
70	167	98
70	178	7
70	131	71
70	77	72
70	115	19
70	149	24
70	78	47
70	108	50
70	103	100
70	120	90
70	113	34
70	154	56
70	168	80
70	177	48
70	135	25
70	153	58
70	104	95
70	158	90
70	165	32
70	136	56
70	161	8
70	171	21
70	109	62
70	107	82
70	82	69
70	73	75
70	110	23
70	141	21
70	80	49
70	159	83
71	117	63
71	104	11
71	123	74
71	136	10
71	166	59
71	126	32
71	135	55
71	143	89
71	128	77
71	145	83
71	129	42
71	178	32
71	77	32
71	172	97
71	165	41
71	176	44
71	81	25
71	151	68
71	82	46
71	173	24
71	156	89
71	168	44
71	149	89
71	146	61
71	154	48
71	125	73
71	179	11
71	86	61
71	160	40
71	140	30
71	174	96
71	141	70
71	133	59
71	142	87
71	118	97
71	147	48
72	149	54
72	148	75
72	104	77
72	119	11
72	174	38
72	115	24
72	164	92
72	73	8
72	166	13
72	160	41
72	124	34
72	169	39
72	142	55
72	172	96
72	161	91
72	167	9
72	154	78
72	122	26
72	108	53
72	79	80
72	110	91
72	170	47
72	77	18
72	83	58
72	118	7
72	85	8
72	92	14
72	129	81
72	133	24
72	112	16
72	116	75
72	113	95
72	151	12
72	87	78
73	156	86
73	152	52
73	179	64
73	117	88
73	144	5
73	143	50
73	108	79
73	148	48
73	137	9
73	139	46
73	160	11
73	170	37
73	173	21
73	176	99
73	172	65
73	167	57
73	106	34
73	130	61
73	124	75
73	165	6
73	162	89
73	129	57
73	174	21
73	147	85
73	159	19
73	146	39
73	74	32
73	169	23
73	132	37
73	133	91
73	157	21
73	154	47
73	177	18
73	121	43
73	153	15
73	96	23
74	122	27
74	179	15
74	116	71
74	141	15
74	171	62
74	123	93
74	106	32
74	176	23
74	76	62
74	145	25
74	173	10
74	135	83
74	79	95
74	82	96
74	109	29
74	126	56
74	157	45
74	148	7
74	105	61
74	175	31
74	107	38
74	75	85
74	115	40
74	174	52
74	149	98
74	96	93
74	159	34
74	90	24
74	132	43
74	165	57
74	120	93
75	176	31
75	179	14
75	139	97
75	112	31
75	153	14
75	128	39
75	151	71
75	125	93
75	106	88
75	158	84
75	141	10
75	110	48
75	145	92
75	157	35
75	108	99
75	117	9
75	135	79
75	146	37
75	148	64
75	129	35
75	109	74
75	115	96
75	167	36
75	170	51
75	107	51
75	80	66
75	132	94
75	165	22
75	173	68
75	164	91
75	133	71
75	76	79
75	81	7
75	86	19
75	137	67
75	147	78
75	159	74
75	123	51
75	162	36
75	90	24
75	93	13
75	126	79
75	150	23
75	160	56
75	177	48
75	100	66
76	141	86
76	176	56
76	126	51
76	144	39
76	161	9
76	143	49
76	168	73
76	162	8
76	158	97
76	139	27
76	148	12
76	82	6
76	164	69
76	118	92
76	179	95
76	147	20
76	142	13
76	175	57
76	154	70
76	115	34
76	114	62
76	84	20
76	117	80
76	95	39
76	120	20
76	156	81
76	90	37
76	123	62
76	79	100
76	166	52
76	172	29
76	155	54
76	94	22
76	130	73
76	122	73
76	92	97
77	138	71
77	78	37
77	131	17
77	125	86
77	163	33
77	128	9
77	179	49
77	133	49
77	80	37
77	158	71
77	139	99
77	111	43
77	119	38
77	114	100
77	109	10
77	110	25
77	167	100
77	88	58
77	137	14
77	87	36
77	136	86
77	159	6
77	122	76
77	115	9
77	154	10
77	95	7
77	98	15
77	92	32
77	152	60
77	156	28
77	123	44
77	178	57
77	142	27
77	140	60
77	174	99
78	143	75
78	119	33
78	117	60
78	81	22
78	151	45
78	83	51
78	179	55
78	131	6
78	162	61
78	166	11
78	126	23
78	137	10
78	174	6
78	84	60
78	139	31
78	89	71
78	145	90
78	154	9
78	111	73
78	147	90
78	165	45
78	176	91
78	80	11
78	177	13
78	141	43
78	167	89
78	161	20
78	142	96
78	86	13
78	173	76
78	118	52
78	122	15
78	135	21
78	85	11
78	144	37
78	113	47
78	130	17
78	172	73
79	149	38
79	158	45
79	141	6
79	139	97
79	80	55
79	130	71
79	136	88
79	128	44
79	146	22
79	124	13
79	132	43
79	90	19
79	166	55
79	171	36
79	85	18
79	163	96
79	154	11
79	121	10
79	160	94
79	140	88
79	101	91
79	148	76
79	125	95
79	150	37
79	161	21
79	100	70
79	164	74
79	93	64
79	99	33
79	169	15
79	138	58
79	98	85
79	107	17
79	170	98
80	179	6
80	114	82
80	122	66
80	117	88
80	141	62
80	83	93
80	164	35
80	155	49
80	162	72
80	170	39
80	84	11
80	174	33
80	163	77
80	137	64
80	152	38
80	149	40
80	143	100
80	93	57
80	176	66
80	148	35
80	156	42
80	86	92
80	151	39
80	100	8
80	125	95
80	166	24
80	124	42
80	128	63
80	144	74
80	142	58
80	112	52
80	119	85
80	89	40
81	134	81
81	156	83
81	123	14
81	133	16
81	132	18
81	161	50
81	170	83
81	150	90
81	137	40
81	125	26
81	144	62
81	169	43
81	122	31
81	162	5
81	85	77
81	160	38
81	153	18
81	172	57
81	178	53
81	139	68
81	130	94
81	151	83
81	88	80
81	146	52
81	164	83
81	142	8
81	84	10
81	171	98
81	149	82
81	100	86
81	103	89
81	119	66
81	174	65
81	118	69
81	126	46
81	89	26
81	102	75
81	128	59
81	105	72
81	96	85
81	124	73
82	140	99
82	179	28
82	156	81
82	130	36
82	160	62
82	174	62
82	127	10
82	131	47
82	170	95
82	167	23
82	124	93
82	94	78
82	91	57
82	88	15
82	159	99
82	173	39
82	144	6
82	98	65
82	116	78
82	126	80
82	165	94
82	95	32
82	103	37
82	87	20
82	133	54
83	135	87
83	158	17
83	156	34
83	168	88
83	129	88
83	88	54
83	145	40
83	152	52
83	122	24
83	177	70
83	119	63
83	159	59
83	164	25
83	121	82
83	136	49
83	148	12
83	137	77
83	96	20
83	174	58
83	149	57
83	92	89
83	90	32
83	143	74
83	128	19
83	85	85
83	130	94
83	99	32
83	161	56
83	147	26
83	155	82
83	84	34
83	157	61
83	154	95
83	104	77
83	102	98
83	167	67
83	101	82
83	93	79
83	86	35
83	165	45
84	140	55
84	116	68
84	177	15
84	166	22
84	121	97
84	161	32
84	119	98
84	158	57
84	138	19
84	137	30
84	130	25
84	163	97
84	87	82
84	159	35
84	155	6
84	179	51
84	96	38
84	98	95
84	117	44
84	147	67
84	154	68
84	99	95
84	145	53
84	124	76
84	139	51
84	178	27
84	131	20
84	141	57
84	167	40
84	171	72
84	102	25
84	103	88
84	133	85
84	113	83
84	150	43
85	127	44
85	148	51
85	155	98
85	132	63
85	91	45
85	165	49
85	158	100
85	118	47
85	159	73
85	134	21
85	161	70
85	126	18
85	122	63
85	133	44
85	146	72
85	130	70
85	162	14
85	120	19
85	168	77
85	94	29
85	171	93
85	163	75
85	117	39
85	149	50
85	164	56
86	133	11
86	146	10
86	118	62
86	157	37
86	170	41
86	144	41
86	153	84
86	120	74
86	134	46
86	177	6
86	127	66
86	126	59
86	160	48
86	176	87
86	97	47
86	137	49
86	166	91
86	139	95
86	155	68
86	142	14
86	165	60
86	175	56
86	130	61
86	96	81
86	93	16
86	178	33
86	156	86
86	102	34
86	121	29
86	138	76
86	129	28
86	169	51
86	168	14
86	161	46
86	119	41
86	147	39
86	154	38
87	173	73
87	149	20
87	177	60
87	131	39
87	135	68
87	145	14
87	169	74
87	156	68
87	122	7
87	97	29
87	95	94
87	166	77
87	139	39
87	100	47
87	158	97
87	96	53
87	128	38
87	148	84
87	132	68
87	103	26
87	92	29
87	178	40
87	163	39
87	119	91
87	144	67
87	151	28
88	175	88
88	139	96
88	145	18
88	144	94
88	134	22
88	169	27
88	155	100
88	168	85
88	141	41
88	160	21
88	177	19
88	100	64
88	164	65
88	89	35
88	163	63
88	128	80
88	136	14
88	101	79
88	123	32
88	174	35
88	102	46
88	125	80
88	150	38
88	95	36
88	93	91
88	105	88
88	172	29
88	143	77
88	173	40
88	178	8
89	178	62
89	146	69
89	160	90
89	93	75
89	165	48
89	129	20
89	91	87
89	140	83
89	127	82
89	174	63
89	95	97
89	161	41
89	168	46
89	102	83
89	149	53
89	133	89
89	131	70
89	162	50
89	171	43
89	124	47
89	104	53
89	164	49
89	112	27
89	166	23
89	158	10
89	107	92
89	138	5
89	106	78
89	103	83
89	145	71
89	177	36
89	100	49
89	105	56
90	173	76
90	130	35
90	157	16
90	124	19
90	148	7
90	92	79
90	155	94
90	162	13
90	121	76
90	161	8
90	142	39
90	163	69
90	150	57
90	94	12
90	101	82
90	167	99
90	165	27
90	105	78
90	145	68
90	110	53
90	160	9
90	118	85
90	166	74
90	149	22
90	119	88
90	170	14
90	169	48
90	112	14
91	146	69
91	139	35
91	123	96
91	178	67
91	166	72
91	122	26
91	138	61
91	168	57
91	128	10
91	134	72
91	176	23
91	130	64
91	126	43
91	125	37
91	147	28
91	177	89
91	160	12
91	171	22
91	179	43
91	143	44
91	172	33
91	111	19
91	105	8
91	132	27
91	94	81
91	108	58
91	97	84
91	140	15
91	152	86
91	148	10
91	117	72
91	106	63
91	127	91
92	175	67
92	140	34
92	136	86
92	174	86
92	179	68
92	156	19
92	165	82
92	101	60
92	129	92
92	135	77
92	93	10
92	132	99
92	147	14
92	161	51
92	171	22
92	133	11
92	110	85
92	125	6
92	178	97
92	149	38
92	142	29
92	98	6
92	139	66
92	160	19
92	169	82
92	176	44
92	107	48
92	99	97
92	116	34
93	179	61
93	95	54
93	155	25
93	128	30
93	171	66
93	167	16
93	149	56
93	163	33
93	130	36
93	175	53
93	168	28
93	166	89
93	103	35
93	140	43
93	151	43
93	159	36
93	176	98
93	173	68
93	135	99
93	129	31
93	162	13
93	142	16
93	161	57
93	154	89
93	170	52
93	127	70
93	152	24
93	98	71
94	130	54
94	149	79
94	141	5
94	165	11
94	147	34
94	160	22
94	146	77
94	125	64
94	140	59
94	163	17
94	178	78
94	179	21
94	133	24
94	159	53
94	174	89
94	95	25
94	153	42
94	172	62
94	97	29
94	127	18
94	164	76
94	132	100
94	103	33
94	131	76
94	157	32
94	170	79
94	102	83
94	106	22
94	143	59
94	148	8
94	139	32
94	108	69
94	150	39
94	122	10
94	109	33
94	135	79
95	177	90
95	163	54
95	128	58
95	144	36
95	141	88
95	166	10
95	105	7
95	175	27
95	140	83
95	126	12
95	101	75
95	147	5
95	135	71
95	143	60
95	130	8
95	132	86
95	173	35
95	102	33
95	167	6
95	158	59
95	137	31
95	129	95
95	113	13
95	176	40
95	116	37
95	100	42
95	108	50
95	104	85
95	120	83
95	136	69
95	153	44
96	175	18
96	176	98
96	164	72
96	148	68
96	168	19
96	127	94
96	102	67
96	156	60
96	142	38
96	145	30
96	141	63
96	177	40
96	155	23
96	97	6
96	162	57
96	170	41
96	137	93
96	144	95
96	135	80
96	146	52
96	153	79
96	154	91
96	113	18
96	149	26
96	158	27
96	108	63
97	147	30
97	140	73
97	133	16
97	150	62
97	149	73
97	154	55
97	107	87
97	108	97
97	167	27
97	160	37
97	128	69
97	177	65
97	155	90
97	130	89
97	98	50
97	171	99
97	163	83
97	146	99
97	158	25
97	100	86
97	152	71
97	117	44
97	136	44
97	169	34
97	178	78
97	124	45
98	165	73
98	168	48
98	131	79
98	179	14
98	99	79
98	140	11
98	178	81
98	169	80
98	147	62
98	100	100
98	141	56
98	135	20
98	133	8
98	145	97
98	107	38
98	106	96
98	171	54
98	117	42
98	163	33
98	170	87
98	139	58
98	104	81
98	175	60
99	132	8
99	164	80
99	155	40
99	100	19
99	138	16
99	101	97
99	103	94
99	145	66
99	158	74
99	144	47
99	174	31
99	154	80
99	159	72
99	110	45
99	114	9
99	133	75
99	173	47
99	112	17
99	120	37
99	163	79
99	172	26
99	152	74
99	137	9
99	141	21
99	167	35
99	115	45
100	139	69
100	145	75
100	154	34
100	165	71
100	172	50
100	159	8
100	132	59
100	164	37
100	150	62
100	113	38
100	101	55
100	110	28
100	140	14
100	111	100
100	151	75
100	157	99
100	177	72
100	143	88
100	166	6
100	171	75
100	102	21
100	141	80
100	148	94
100	124	68
100	120	46
100	121	75
101	135	16
101	175	28
101	153	72
101	139	8
101	146	72
101	104	21
101	105	33
101	161	56
101	152	89
101	151	16
101	115	9
101	178	43
101	111	49
101	138	43
101	149	96
101	156	15
101	177	15
101	124	63
101	114	43
101	176	84
101	123	19
101	165	44
101	133	34
102	104	29
102	158	69
102	154	67
102	156	20
102	144	97
102	169	86
102	165	64
102	134	90
102	148	59
102	179	91
102	138	88
102	162	76
102	152	16
102	110	86
102	116	52
102	136	11
102	153	76
102	166	56
102	133	10
102	107	14
102	174	74
103	153	66
103	136	42
103	144	63
103	142	75
103	165	10
103	160	58
103	151	39
103	134	7
103	164	50
103	140	42
103	174	23
103	178	44
103	108	68
103	118	67
103	162	32
103	104	71
103	156	55
103	154	88
103	147	67
103	141	15
103	172	37
103	128	70
103	117	68
104	139	18
104	155	22
104	158	86
104	172	43
104	179	42
104	142	99
104	156	45
104	151	43
104	153	87
104	137	22
104	154	43
104	112	41
104	164	17
104	123	37
104	140	25
104	152	87
104	162	78
104	136	29
104	170	54
104	110	80
104	135	17
104	120	69
104	175	67
105	136	48
105	176	93
105	169	67
105	109	74
105	170	20
105	178	68
105	108	18
105	144	50
105	140	95
105	113	10
105	156	60
105	161	28
105	174	52
105	165	30
105	143	47
105	118	64
105	116	97
105	147	89
105	157	48
105	138	82
105	150	37
105	139	49
105	163	27
105	158	30
106	159	11
106	138	88
106	168	11
106	155	72
106	150	61
106	148	13
106	137	7
106	112	85
106	143	57
106	158	84
106	164	58
106	173	13
106	115	95
106	177	15
106	174	27
106	118	71
106	161	81
106	152	83
106	142	10
106	145	53
106	127	80
106	172	46
106	157	51
107	141	48
107	166	13
107	108	57
107	150	30
107	144	35
107	158	68
107	177	26
107	159	13
107	145	90
107	178	16
107	154	61
107	161	17
107	116	17
107	114	18
107	151	41
107	160	40
107	120	76
107	112	8
107	148	43
107	156	26
107	125	79
107	140	90
107	119	71
107	118	67
107	153	54
107	138	70
108	154	24
108	165	73
108	159	27
108	144	18
108	112	40
108	139	69
108	148	32
108	168	32
108	162	25
108	179	62
108	173	14
108	155	52
108	160	46
108	114	47
108	109	96
108	169	88
108	141	63
108	119	81
108	142	80
108	153	56
108	123	12
108	158	39
108	177	80
108	178	45
109	150	67
109	163	92
109	148	59
109	167	76
109	154	47
109	111	52
109	168	55
109	123	72
109	169	20
109	120	12
109	112	68
109	119	49
109	171	71
109	174	30
109	157	23
109	149	24
109	116	46
109	166	20
109	131	18
109	173	35
109	140	19
110	177	15
110	169	53
110	179	72
110	165	11
110	161	12
110	116	64
110	117	56
110	158	66
110	114	27
110	163	64
110	168	92
110	159	28
110	170	58
110	156	55
110	145	18
110	120	23
110	172	82
110	122	37
110	133	26
110	175	34
110	141	100
110	124	65
110	147	14
110	148	54
110	111	68
110	160	68
110	123	58
111	112	98
111	171	92
111	174	69
111	177	17
111	165	23
111	166	19
111	150	41
111	170	88
111	154	68
111	146	80
111	129	65
111	176	8
111	163	48
111	172	84
111	164	13
111	158	98
111	127	81
111	118	48
111	148	39
111	135	70
111	156	93
112	147	29
112	158	44
112	143	52
112	151	85
112	178	39
112	154	77
112	153	61
112	148	41
112	113	78
112	118	76
112	116	23
112	152	36
112	119	67
112	123	77
113	144	49
113	154	9
113	159	72
113	151	51
113	179	69
113	155	55
113	171	57
113	152	60
113	174	86
113	122	78
113	165	94
113	147	36
113	172	64
113	126	53
113	160	65
113	175	67
113	163	48
113	131	88
113	137	15
113	178	88
114	177	46
114	164	13
114	173	20
114	148	63
114	151	95
114	171	10
114	175	59
114	127	80
114	133	81
114	159	22
114	168	76
114	130	80
114	145	72
114	155	66
114	156	62
114	153	30
114	154	57
114	134	33
114	135	23
114	138	68
115	155	51
115	173	33
115	179	54
115	154	24
115	120	58
115	169	19
115	163	59
115	178	40
115	162	59
115	124	51
115	146	84
115	125	53
115	148	67
115	129	8
115	122	37
115	165	45
115	174	10
115	177	90
115	157	65
115	139	29
115	167	23
115	160	37
115	158	42
116	175	72
116	157	53
116	177	10
116	155	47
116	125	60
116	150	59
116	179	75
116	148	34
116	159	60
116	151	30
116	122	71
116	162	57
116	117	7
116	127	67
116	126	24
117	161	45
117	163	6
117	169	53
117	171	27
117	121	22
117	173	9
117	165	83
117	120	79
117	159	45
117	172	59
117	166	40
117	127	66
117	119	80
117	131	83
117	128	49
117	174	8
117	126	85
117	144	43
117	134	79
117	129	19
118	177	78
118	163	64
118	152	67
118	173	6
118	174	90
118	166	61
118	151	24
118	168	85
118	176	54
118	159	47
118	127	31
118	121	16
118	133	71
118	160	86
118	179	30
118	154	34
119	165	78
119	174	83
119	157	79
119	155	31
119	121	18
119	170	72
119	158	83
119	172	17
119	153	41
119	134	38
119	162	38
119	122	81
119	154	73
119	163	87
119	140	52
119	167	38
119	151	46
119	129	25
119	130	39
119	164	80
119	166	14
119	127	18
120	173	64
120	152	37
120	165	35
120	168	98
120	155	18
120	176	31
120	126	28
120	166	79
120	158	13
120	123	68
120	153	31
120	172	43
120	157	12
120	127	88
120	131	25
120	169	71
120	156	29
120	135	91
120	138	57
120	136	59
120	161	29
120	133	92
121	159	63
121	162	63
121	164	41
121	171	19
121	161	84
121	154	42
121	158	54
121	131	98
121	166	94
121	167	5
121	137	6
121	156	96
121	177	58
121	169	27
121	135	35
121	127	60
121	134	89
121	176	96
121	146	18
121	148	80
121	172	25
121	160	37
122	166	50
122	165	46
122	172	94
122	160	69
122	171	86
122	153	58
122	178	34
122	154	21
122	173	87
122	126	21
122	138	67
122	131	63
122	133	19
122	174	79
123	167	33
123	156	83
123	168	84
123	127	74
123	129	73
123	158	38
123	128	63
123	139	57
123	172	11
123	140	62
123	173	60
123	134	69
123	132	31
124	179	98
124	175	82
124	173	74
124	177	33
124	127	13
124	157	25
124	139	40
124	155	25
124	138	6
124	129	31
124	178	16
124	137	99
124	143	52
124	170	27
124	149	32
125	162	46
125	132	59
125	174	13
125	129	54
125	131	17
125	167	77
125	168	17
125	134	72
125	133	13
125	171	90
125	164	78
125	172	35
125	173	77
126	173	31
126	159	93
126	166	31
126	176	13
126	131	54
126	164	42
126	127	67
126	175	9
126	165	17
126	143	63
126	130	25
126	179	37
126	152	46
126	132	55
127	171	92
127	159	94
127	177	83
127	132	90
127	168	97
127	136	6
127	178	34
127	160	10
127	146	14
127	162	37
127	175	58
127	134	22
127	173	91
127	143	58
127	161	82
127	176	56
128	174	70
128	176	20
128	171	83
128	135	56
128	136	98
128	143	93
128	177	67
128	146	32
128	132	64
128	144	12
128	147	69
128	139	84
128	161	65
128	178	9
128	133	93
129	170	88
129	178	73
129	172	36
129	160	75
129	175	91
129	179	67
129	143	33
129	144	99
129	171	81
129	147	59
129	153	85
129	149	9
129	169	54
129	177	20
129	174	55
130	174	46
130	175	43
130	131	68
130	163	50
130	178	62
130	170	55
130	176	28
130	179	34
130	137	14
130	168	58
130	136	93
130	150	40
130	138	66
130	135	45
130	173	86
131	163	73
131	175	86
131	137	43
131	166	80
131	168	99
131	170	99
131	173	27
131	171	17
131	174	51
132	170	20
132	178	73
132	133	15
132	135	73
132	177	92
132	137	52
132	145	42
132	144	8
132	164	9
132	167	34
132	151	10
132	152	65
132	153	82
132	146	9
132	134	17
132	156	99
132	176	83
133	166	48
133	171	63
133	135	33
133	175	19
133	177	63
133	140	31
133	147	91
133	138	62
133	168	15
133	152	19
133	146	82
133	174	61
133	148	44
134	172	16
134	138	62
134	179	41
134	141	16
134	149	63
134	166	85
134	176	59
134	175	88
134	171	97
134	136	23
134	145	74
134	174	82
134	150	9
134	165	32
135	172	95
135	175	80
135	139	35
135	171	67
135	167	75
135	168	97
135	147	70
135	137	7
135	148	54
135	155	75
136	171	54
136	174	54
136	175	96
136	167	37
136	138	75
136	172	90
136	179	64
136	173	21
137	172	92
137	168	53
137	169	34
137	175	61
137	138	35
137	140	87
137	139	17
137	178	85
137	158	29
137	146	68
138	174	36
138	144	16
138	176	51
138	140	79
138	173	68
138	139	9
138	147	87
138	153	69
138	148	40
138	179	97
138	160	84
138	175	8
138	171	14
138	145	38
139	171	55
139	177	66
139	143	52
139	179	55
139	140	63
140	175	77
140	147	73
140	151	86
140	171	35
140	176	69
140	146	64
140	153	91
140	144	46
140	174	88
141	142	19
141	179	20
141	147	36
141	177	42
141	143	100
141	172	84
141	153	93
141	156	59
141	159	5
141	146	51
141	158	91
141	157	66
141	152	78
142	178	31
142	155	54
142	177	63
142	149	79
142	160	47
142	157	14
142	176	26
142	152	47
142	163	30
142	144	48
143	145	60
143	175	54
143	179	16
143	151	78
143	158	42
143	157	26
143	146	45
143	153	40
143	154	10
143	162	31
144	176	25
144	179	56
144	153	18
144	154	55
144	149	77
144	150	87
144	161	43
144	159	87
144	166	5
145	177	44
145	149	29
145	154	62
145	168	72
145	163	41
145	156	50
146	150	14
146	161	66
146	153	89
146	166	26
146	165	54
146	160	79
146	163	14
147	179	100
147	178	19
147	152	19
147	160	85
147	148	99
147	157	94
147	169	24
147	155	90
147	167	64
148	154	44
148	158	69
148	179	37
148	172	52
149	154	38
149	161	42
149	166	66
149	176	88
150	152	7
150	151	90
150	159	49
150	154	11
150	160	36
150	167	29
150	166	74
151	161	8
151	168	82
151	165	96
151	166	85
151	167	94
151	174	26
151	159	31
151	155	46
151	152	62
152	157	9
152	160	51
152	154	55
152	159	40
152	162	60
152	164	94
152	167	85
152	175	63
152	163	92
152	174	74
153	154	44
153	155	5
153	170	87
153	164	53
153	165	89
153	168	72
153	160	39
153	177	49
154	163	82
154	164	56
155	163	77
155	161	77
155	160	57
155	165	65
155	174	9
155	168	73
155	177	28
155	157	60
156	158	8
156	166	53
156	162	81
156	173	88
156	157	39
156	170	30
156	163	71
157	164	16
157	168	29
157	175	81
157	176	43
157	166	17
157	158	79
158	168	76
158	161	91
158	169	29
158	171	60
159	161	59
159	167	15
159	170	38
159	169	29
159	166	98
159	175	49
159	162	22
160	164	46
160	170	23
160	165	63
160	161	91
160	176	11
160	168	38
161	170	54
161	171	79
161	177	64
161	178	95
161	167	11
161	172	36
162	165	8
162	164	60
162	170	47
162	178	92
162	177	46
162	173	31
162	171	73
163	164	34
163	169	28
163	173	34
163	168	26
163	171	51
163	172	76
164	169	35
164	175	27
164	178	88
164	170	97
164	166	80
164	177	70
164	179	51
164	165	21
164	168	13
165	166	97
165	169	54
165	168	25
165	171	78
165	167	87
166	175	19
166	177	64
166	169	45
166	176	11
166	170	81
166	171	83
167	173	18
167	177	71
168	173	89
168	179	49
168	178	87
168	169	20
169	177	14
169	175	97
169	171	69
169	179	20
169	172	86
170	177	77
170	176	40
170	175	9
171	173	50
171	174	46
171	178	13
172	174	9
173	177	78
173	176	10
174	175	29
175	178	27
175	177	51
176	179	31
177	178	67
178	179	9
