NAME: W_SPARSE_180_48
n: 180
m: 4320
0	80	64
0	150	47
0	58	76
0	88	64
0	140	53
0	107	54
0	125	78
0	82	53
0	154	22
0	138	40
0	73	16
0	84	88
0	25	97
0	42	52
0	75	14
0	109	92
0	52	10
0	115	59
0	79	39
0	3	75
0	116	30
0	171	98
0	4	41
0	124	69
0	132	18
0	11	52
0	36	30
0	97	91
0	134	69
0	144	20
0	131	17
0	108	34
0	176	63
0	139	28
0	72	65
0	128	72
0	153	28
0	91	18
0	64	5
0	141	82
0	45	25
0	31	50
0	100	49
0	61	91
0	135	37
0	56	83
0	5	37
0	142	17
0	74	64
0	51	44
0	129	15
0	137	60
0	172	26
1	49	16
1	108	27
1	32	33
1	68	90
1	120	77
1	111	71
1	100	83
1	146	90
1	145	48
1	96	53
1	122	27
1	176	71
1	33	96
1	101	19
1	83	63
1	78	55
1	98	89
1	177	31
1	135	48
1	150	41
1	63	20
1	130	10
1	86	49
1	127	74
1	170	79
1	94	68
1	133	7
1	64	85
1	13	34
1	52	69
1	126	54
1	129	73
1	16	93
1	3	16
1	30	85
1	60	78
1	34	92
1	132	12
1	82	49
1	99	79
1	35	69
1	53	70
1	149	15
1	88	36
1	171	86
1	113	44
1	6	27
2	145	77
2	66	60
2	102	65
2	3	100
2	36	93
2	58	92
2	34	73
2	87	64
2	81	84
2	119	55
2	80	83
2	77	82
2	178	56
2	134	25
2	71	99
2	59	7
2	120	76
2	128	20
2	133	90
2	151	7
2	27	18
2	104	54
2	125	84
2	30	32
2	64	86
2	73	47
2	94	12
2	44	57
2	107	79
2	50	93
2	154	86
2	56	44
2	79	34
2	129	23
2	55	88
2	157	66
2	29	27
2	155	82
2	57	47
2	168	65
2	5	85
2	84	26
2	91	16
2	96	84
2	13	79
2	95	22
2	149	25
3	126	68
3	53	16
3	137	32
3	45	34
3	107	45
3	49	47
3	100	59
3	132	96
3	104	59
3	105	64
3	82	86
3	73	67
3	4	90
3	178	14
3	81	97
3	131	84
3	142	97
3	136	16
3	78	72
3	106	13
3	7	95
3	122	81
3	86	91
3	32	17
3	147	25
3	31	9
3	34	33
3	151	26
3	124	72
3	65	10
3	174	31
3	48	22
3	134	70
3	135	47
3	158	39
3	29	36
3	6	35
3	30	5
3	14	47
3	64	65
3	145	47
3	41	37
3	154	70
3	43	82
3	96	19
3	108	85
3	121	9
3	66	27
3	72	20
3	144	63
3	67	85
3	115	96
4	150	60
4	86	21
4	81	49
4	80	78
4	158	72
4	53	48
4	78	86
4	124	16
4	7	49
4	85	55
4	118	42
4	105	94
4	44	76
4	76	81
4	103	22
4	52	57
4	66	94
4	153	82
4	109	89
4	54	96
4	75	46
4	130	12
4	87	49
4	117	57
4	45	77
4	95	83
4	79	70
4	133	86
4	110	61
4	57	75
4	128	22
4	154	18
4	12	45
4	82	25
4	37	50
4	33	84
4	132	7
4	102	56
4	156	98
4	173	6
4	148	90
4	168	68
4	91	30
4	123	69
4	116	29
4	71	27
5	52	56
5	124	66
5	136	47
5	33	26
5	117	12
5	37	33
5	42	84
5	83	27
5	88	49
5	107	49
5	101	12
5	47	30
5	74	10
5	10	25
5	141	11
5	55	51
5	135	35
5	39	46
5	94	63
5	61	55
5	127	5
5	123	43
5	114	59
5	15	26
5	178	49
5	38	95
5	56	9
5	69	78
5	77	43
5	106	37
5	72	63
5	73	9
5	168	91
5	54	43
5	100	20
5	179	94
5	85	37
5	95	12
5	66	70
5	133	69
5	152	62
5	28	29
6	157	65
6	68	21
6	73	24
6	132	20
6	135	100
6	127	12
6	62	94
6	160	57
6	161	30
6	31	69
6	143	44
6	89	66
6	120	72
6	55	51
6	70	66
6	58	78
6	50	89
6	95	37
6	64	64
6	69	68
6	113	15
6	36	8
6	39	77
6	139	62
6	76	56
6	125	81
6	111	37
6	74	77
6	35	33
6	156	39
6	34	7
6	46	12
6	100	61
6	133	72
6	146	71
6	179	96
6	32	61
6	170	27
6	103	94
6	117	59
6	128	40
6	51	25
6	78	99
6	17	41
6	91	22
6	8	71
6	118	61
7	132	18
7	83	67
7	111	41
7	150	40
7	105	11
7	135	25
7	60	19
7	159	53
7	9	79
7	76	98
7	38	82
7	86	47
7	108	79
7	96	87
7	89	82
7	39	54
7	93	32
7	15	65
7	54	55
7	127	70
7	106	78
7	109	7
7	81	79
7	32	63
7	35	5
7	44	7
7	129	30
7	142	43
7	138	62
7	13	24
7	173	63
7	97	99
7	11	94
7	103	76
7	134	46
7	16	63
7	87	29
7	78	21
7	66	17
7	55	98
7	133	55
7	161	55
7	88	50
7	110	46
7	167	69
7	153	38
8	121	56
8	59	96
8	162	21
8	97	41
8	116	23
8	114	51
8	10	94
8	85	65
8	73	45
8	155	37
8	123	20
8	45	51
8	14	22
8	134	75
8	93	59
8	159	52
8	42	93
8	76	31
8	133	57
8	12	17
8	81	67
8	135	88
8	161	59
8	100	37
8	63	50
8	91	48
8	112	49
8	61	96
8	68	16
8	99	39
8	47	76
8	86	61
8	54	51
8	23	96
8	152	45
8	80	40
8	145	19
8	170	89
8	130	61
8	78	79
8	41	87
8	74	6
9	89	52
9	143	45
9	77	71
9	53	8
9	80	26
9	44	27
9	38	69
9	102	92
9	35	27
9	45	59
9	56	86
9	49	26
9	86	42
9	118	46
9	74	40
9	60	6
9	84	75
9	111	19
9	141	38
9	82	90
9	149	16
9	106	69
9	66	38
9	12	91
9	104	6
9	147	52
9	103	69
9	18	84
9	128	46
9	73	49
9	26	99
9	51	84
9	113	49
9	164	60
9	24	85
9	59	10
9	67	83
9	146	14
9	34	68
9	13	68
9	109	17
9	115	33
9	171	31
9	17	38
9	124	87
9	173	74
9	63	95
9	140	8
9	76	76
10	91	45
10	83	77
10	77	26
10	148	9
10	142	87
10	110	53
10	38	95
10	129	20
10	132	62
10	143	91
10	48	23
10	85	41
10	96	13
10	152	57
10	154	55
10	84	49
10	42	68
10	135	20
10	97	34
10	106	10
10	109	29
10	90	94
10	115	14
10	17	11
10	71	14
10	15	29
10	64	53
10	150	57
10	153	51
10	164	20
10	25	67
10	52	69
10	58	47
10	119	98
10	160	56
10	47	50
10	94	81
10	127	71
10	53	78
10	177	26
10	81	91
10	151	46
10	125	79
10	98	97
10	122	26
10	14	89
10	136	17
11	109	40
11	107	55
11	79	75
11	77	59
11	82	57
11	68	25
11	130	32
11	155	80
11	104	24
11	93	63
11	121	42
11	111	57
11	91	74
11	146	98
11	161	96
11	131	21
11	87	88
11	78	25
11	124	55
11	165	40
11	157	53
11	151	97
11	137	63
11	122	95
11	143	60
11	105	70
11	98	22
11	133	47
11	114	83
11	66	73
11	89	50
11	149	87
11	136	38
11	140	37
11	172	62
11	50	45
11	23	51
11	127	63
11	26	51
11	100	48
11	113	31
11	86	69
11	171	43
12	120	11
12	70	46
12	42	8
12	60	87
12	74	82
12	107	50
12	165	67
12	119	61
12	67	78
12	90	19
12	121	18
12	115	26
12	127	40
12	61	13
12	57	68
12	141	79
12	166	35
12	43	88
12	131	63
12	133	88
12	94	39
12	146	34
12	150	70
12	62	20
12	40	76
12	41	26
12	21	89
12	17	52
12	69	71
12	158	23
12	13	78
12	100	47
12	38	45
12	177	37
12	65	68
12	175	31
12	85	42
12	122	11
12	123	69
12	22	93
12	81	58
12	128	69
12	172	7
12	143	38
12	174	80
12	59	30
13	72	77
13	73	14
13	144	16
13	121	99
13	56	59
13	90	74
13	128	92
13	136	5
13	125	96
13	150	38
13	164	93
13	81	35
13	49	76
13	116	38
13	14	91
13	162	45
13	38	37
13	92	25
13	104	89
13	16	45
13	45	8
13	50	100
13	88	20
13	26	32
13	153	18
13	25	54
13	107	54
13	40	34
13	99	31
13	51	39
13	103	75
13	65	33
13	80	57
13	175	99
13	21	12
13	143	35
13	78	52
14	147	33
14	85	17
14	114	80
14	90	75
14	126	5
14	127	94
14	74	37
14	95	7
14	169	21
14	54	88
14	143	13
14	108	80
14	148	80
14	118	33
14	84	10
14	48	20
14	133	76
14	47	67
14	19	65
14	92	10
14	146	28
14	63	88
14	68	59
14	55	49
14	62	96
14	71	46
14	112	52
14	107	27
14	109	12
14	156	81
14	138	51
14	39	14
14	97	26
14	28	76
14	80	92
14	141	86
14	77	15
14	160	21
14	72	83
14	152	51
14	136	40
14	165	19
14	176	98
14	144	30
14	86	69
15	70	82
15	42	43
15	84	34
15	164	72
15	137	98
15	45	86
15	126	31
15	40	37
15	106	77
15	110	52
15	59	100
15	127	91
15	47	40
15	161	7
15	112	58
15	168	45
15	123	30
15	72	48
15	19	19
15	162	6
15	50	100
15	93	6
15	64	68
15	57	11
15	78	11
15	105	54
15	151	95
15	116	24
15	113	21
15	138	73
15	49	57
15	150	72
15	30	68
15	115	86
15	108	21
15	109	64
15	58	89
15	111	86
15	142	62
15	75	14
15	82	69
15	101	37
16	143	69
16	123	56
16	149	75
16	73	25
16	83	91
16	97	26
16	111	17
16	125	77
16	171	20
16	52	92
16	22	83
16	75	69
16	18	98
16	135	28
16	162	24
16	120	86
16	42	89
16	74	13
16	150	64
16	60	78
16	45	94
16	104	80
16	107	16
16	140	86
16	28	52
16	152	40
16	56	86
16	116	95
16	78	92
16	62	27
16	21	16
16	55	88
16	100	68
16	95	16
16	85	61
16	132	99
16	160	21
16	126	11
16	178	13
16	170	51
16	119	68
16	44	23
16	86	28
16	91	62
16	139	50
16	169	38
16	67	15
16	90	76
16	30	54
17	52	14
17	72	92
17	115	50
17	125	31
17	128	22
17	64	63
17	84	49
17	102	44
17	151	60
17	99	25
17	70	46
17	118	41
17	20	97
17	104	40
17	144	6
17	114	89
17	159	90
17	22	13
17	169	94
17	63	8
17	90	67
17	141	65
17	127	72
17	66	37
17	132	83
17	154	92
17	48	76
17	171	9
17	50	69
17	101	32
17	150	11
17	126	96
17	100	83
17	67	74
17	108	44
17	19	14
17	33	12
17	93	16
17	135	23
17	46	64
17	69	91
17	95	7
17	110	82
17	123	20
17	105	27
17	36	57
17	165	86
17	40	58
18	136	13
18	81	8
18	117	25
18	78	14
18	48	38
18	72	30
18	131	67
18	94	21
18	164	25
18	157	5
18	137	27
18	19	71
18	122	17
18	150	45
18	145	79
18	161	69
18	109	16
18	166	27
18	172	30
18	119	77
18	138	93
18	155	48
18	80	59
18	77	14
18	134	18
18	83	54
18	25	81
18	112	55
18	130	77
18	95	48
18	144	60
18	173	48
18	47	38
18	63	96
18	123	79
18	23	47
18	153	83
18	141	67
18	54	51
18	88	83
18	67	98
18	76	72
18	105	100
18	158	61
18	79	69
19	103	36
19	113	17
19	111	90
19	21	51
19	79	32
19	60	84
19	90	8
19	44	20
19	84	47
19	88	75
19	172	8
19	130	50
19	80	17
19	48	11
19	71	94
19	102	33
19	160	45
19	171	63
19	174	99
19	94	38
19	109	62
19	164	56
19	83	61
19	112	56
19	53	40
19	124	89
19	126	52
19	166	97
19	99	56
19	59	45
19	168	96
19	158	58
19	140	20
19	27	26
19	32	80
19	74	92
19	105	17
19	64	64
19	135	65
19	37	21
19	40	67
19	47	21
19	56	38
19	155	29
19	66	91
19	42	68
20	110	60
20	57	13
20	61	77
20	158	27
20	47	71
20	89	9
20	148	28
20	157	49
20	69	80
20	129	51
20	175	75
20	45	90
20	118	32
20	163	14
20	90	35
20	27	7
20	26	85
20	71	9
20	127	64
20	138	9
20	124	29
20	76	9
20	82	14
20	103	13
20	166	88
20	143	63
20	172	18
20	96	6
20	130	65
20	150	61
20	35	6
20	159	74
20	40	74
20	62	33
20	33	89
20	87	8
20	88	65
20	73	99
20	31	68
20	107	79
20	167	53
21	170	95
21	83	47
21	91	84
21	148	22
21	55	92
21	70	73
21	109	5
21	144	15
21	82	69
21	48	94
21	27	96
21	66	15
21	81	99
21	119	85
21	75	16
21	125	48
21	60	20
21	51	69
21	64	46
21	169	60
21	128	17
21	126	56
21	174	55
21	139	51
21	120	14
21	26	75
21	117	44
21	149	10
21	132	91
21	165	40
21	155	57
21	34	91
21	121	8
21	127	66
21	146	33
21	69	31
21	147	53
21	142	79
21	175	40
21	61	8
21	171	38
21	114	68
21	87	21
21	32	30
21	112	94
22	172	13
22	51	87
22	98	87
22	128	79
22	70	80
22	112	49
22	87	28
22	80	64
22	120	42
22	102	79
22	50	80
22	116	38
22	136	99
22	113	80
22	137	38
22	164	86
22	130	53
22	165	99
22	89	92
22	166	83
22	152	41
22	118	90
22	155	74
22	81	53
22	62	87
22	36	31
22	114	66
22	123	94
22	153	48
22	88	38
22	144	57
22	30	60
22	148	38
22	126	20
22	104	84
22	151	41
22	53	48
22	58	53
22	79	85
22	149	69
22	154	93
22	100	42
22	76	95
22	74	40
22	135	49
23	56	79
23	138	14
23	91	45
23	119	15
23	163	44
23	129	19
23	166	15
23	176	63
23	170	12
23	104	49
23	174	28
23	122	10
23	168	80
23	154	31
23	97	46
23	90	79
23	169	49
23	161	69
23	32	57
23	130	7
23	135	41
23	48	25
23	50	41
23	69	53
23	74	39
23	28	67
23	57	39
23	75	59
23	124	37
23	120	53
23	38	30
23	142	73
23	31	19
23	145	60
23	87	90
23	33	98
23	27	36
23	136	35
23	61	32
23	53	48
23	34	25
23	94	75
23	116	19
23	37	40
23	158	70
24	128	96
24	118	48
24	131	32
24	114	82
24	110	81
24	91	66
24	112	19
24	163	17
24	66	49
24	80	62
24	50	90
24	130	76
24	62	82
24	79	83
24	57	89
24	27	48
24	65	25
24	99	26
24	159	62
24	172	26
24	61	50
24	102	47
24	136	37
24	89	18
24	33	71
24	25	56
24	64	90
24	108	69
24	144	48
24	151	26
24	166	53
24	92	9
24	156	56
24	83	13
24	119	34
24	177	68
24	148	86
24	139	28
24	122	57
24	107	58
24	126	21
24	152	100
24	125	57
24	149	65
24	134	47
25	141	98
25	148	86
25	89	92
25	136	54
25	86	96
25	115	22
25	103	34
25	110	75
25	126	86
25	74	10
25	139	97
25	124	6
25	63	50
25	129	98
25	134	20
25	96	25
25	101	90
25	73	83
25	70	50
25	85	68
25	108	40
25	176	79
25	68	8
25	29	14
25	125	47
25	138	64
25	165	31
25	52	95
25	150	67
25	60	97
25	116	43
25	118	77
25	36	34
25	64	47
25	167	23
25	111	6
25	113	74
25	38	72
25	58	33
25	104	47
25	43	21
25	112	5
25	157	80
25	177	42
25	120	96
25	175	9
25	128	30
26	138	9
26	95	73
26	52	58
26	56	61
26	108	83
26	70	36
26	122	34
26	140	66
26	137	74
26	116	42
26	89	26
26	91	6
26	123	92
26	147	25
26	126	83
26	107	43
26	174	21
26	152	69
26	143	20
26	139	99
26	154	95
26	156	44
26	99	73
26	39	66
26	144	42
26	160	9
26	109	34
26	81	85
26	113	22
26	74	99
26	119	62
26	36	72
26	159	75
26	73	57
26	118	62
26	33	97
26	130	12
26	161	67
27	122	63
27	101	66
27	139	41
27	71	56
27	166	45
27	130	100
27	79	99
27	149	42
27	55	40
27	89	49
27	96	84
27	126	37
27	171	24
27	82	86
27	140	54
27	62	65
27	88	98
27	64	25
27	80	35
27	59	85
27	98	32
27	29	43
27	114	14
27	133	55
27	74	50
27	150	21
27	75	74
27	157	72
27	42	92
27	137	32
27	77	55
27	61	45
27	40	45
27	148	77
27	43	60
27	131	93
27	116	98
27	57	21
27	83	37
27	90	24
27	164	13
27	58	81
27	167	8
27	174	93
27	163	19
27	91	84
27	105	63
28	110	91
28	151	91
28	116	17
28	140	16
28	144	71
28	130	46
28	138	35
28	84	94
28	172	67
28	66	30
28	85	89
28	147	71
28	170	99
28	69	55
28	134	27
28	137	89
28	106	96
28	164	21
28	166	49
28	148	21
28	31	52
28	70	83
28	64	78
28	76	68
28	32	74
28	133	26
28	173	70
28	44	62
28	94	72
28	29	39
28	149	17
28	118	63
28	46	43
28	119	46
28	160	48
28	136	29
28	75	92
28	96	63
29	106	91
29	162	60
29	72	14
29	120	84
29	113	62
29	124	54
29	146	85
29	61	70
29	158	61
29	115	48
29	127	6
29	159	89
29	153	44
29	103	99
29	165	30
29	142	17
29	94	67
29	130	16
29	82	82
29	55	97
29	89	79
29	104	70
29	143	38
29	108	14
29	58	67
29	84	90
29	54	95
29	167	78
29	166	48
29	155	5
29	34	44
29	42	77
29	91	93
29	131	62
29	69	37
29	151	19
29	169	69
29	52	31
30	69	50
30	72	8
30	97	57
30	117	60
30	90	72
30	148	16
30	116	62
30	141	27
30	33	24
30	67	69
30	83	92
30	99	16
30	122	46
30	174	19
30	125	95
30	152	59
30	151	61
30	121	14
30	179	32
30	79	92
30	133	12
30	36	36
30	105	95
30	112	93
30	150	42
30	128	65
30	98	35
30	45	24
30	142	56
30	168	13
30	81	58
30	163	94
30	109	10
30	89	44
30	145	39
30	63	81
30	147	35
30	35	97
30	56	16
30	61	35
30	130	42
31	125	92
31	163	63
31	67	35
31	119	34
31	137	5
31	66	33
31	70	29
31	143	68
31	140	67
31	144	89
31	102	6
31	122	92
31	107	14
31	86	23
31	36	58
31	131	95
31	148	23
31	161	60
31	110	25
31	176	81
31	172	72
31	71	89
31	129	48
31	73	39
31	96	74
31	162	90
31	117	61
31	166	82
31	68	7
31	94	17
31	74	17
31	82	49
31	155	30
31	69	20
31	142	9
31	99	18
31	153	68
31	98	62
31	175	11
31	178	27
31	42	72
31	60	97
32	57	72
32	89	25
32	66	26
32	81	37
32	169	16
32	160	17
32	94	67
32	110	73
32	147	64
32	61	24
32	79	34
32	87	18
32	146	63
32	111	77
32	172	56
32	161	17
32	139	35
32	40	47
32	69	53
32	72	41
32	132	44
32	130	68
32	145	46
32	148	77
32	58	73
32	71	85
32	108	55
32	167	18
32	44	43
32	144	58
32	140	53
32	176	12
32	134	38
32	45	31
32	112	91
32	50	77
32	163	99
32	153	70
33	160	20
33	65	69
33	153	84
33	175	59
33	107	70
33	141	65
33	66	42
33	178	88
33	167	69
33	148	76
33	152	68
33	90	32
33	116	56
33	179	63
33	169	16
33	140	69
33	150	89
33	166	36
33	77	100
33	84	64
33	87	74
33	159	65
33	122	22
33	128	87
33	98	63
33	44	56
33	74	31
33	117	52
33	103	30
33	72	62
33	60	99
33	173	99
33	59	12
33	76	6
33	172	56
33	170	39
33	147	31
33	81	88
33	174	46
33	51	40
33	99	77
33	39	21
33	79	44
33	83	69
33	91	86
34	150	78
34	145	17
34	93	47
34	77	49
34	101	92
34	139	59
34	112	77
34	163	71
34	170	84
34	36	45
34	103	65
34	165	40
34	63	52
34	92	39
34	174	32
34	90	67
34	82	16
34	43	81
34	167	83
34	153	42
34	149	78
34	134	67
34	75	12
34	148	14
34	159	40
34	121	90
34	124	38
34	171	96
34	72	99
34	88	87
34	179	26
34	38	95
34	51	21
34	104	21
34	113	25
34	81	79
34	138	34
34	61	93
34	40	13
34	55	68
34	120	90
34	67	50
34	119	71
34	151	73
34	140	29
35	109	55
35	64	79
35	128	99
35	140	81
35	145	49
35	157	83
35	60	31
35	88	36
35	100	73
35	107	14
35	122	58
35	158	43
35	161	62
35	84	35
35	166	72
35	124	49
35	159	81
35	156	57
35	97	39
35	45	56
35	164	47
35	116	14
35	37	7
35	110	11
35	130	11
35	93	30
35	65	55
35	112	44
35	132	74
35	103	11
35	108	40
35	54	20
35	178	69
35	117	23
35	151	45
35	154	94
35	153	35
35	87	39
35	39	82
35	146	9
36	177	70
36	65	77
36	98	14
36	103	28
36	71	32
36	179	49
36	161	72
36	83	17
36	167	99
36	174	58
36	165	15
36	96	8
36	131	42
36	100	13
36	118	30
36	126	64
36	150	72
36	143	42
36	147	81
36	170	41
36	82	32
36	140	68
36	115	29
36	47	83
36	79	90
36	69	59
36	120	52
36	93	49
36	157	48
36	37	75
36	134	23
36	101	60
36	105	75
36	164	51
36	110	36
36	114	87
36	152	48
37	75	46
37	105	87
37	162	75
37	153	26
37	143	40
37	72	45
37	116	88
37	170	55
37	76	31
37	109	57
37	155	49
37	66	71
37	41	67
37	68	10
37	93	93
37	101	27
37	90	87
37	119	47
37	160	39
37	152	74
37	151	30
37	50	15
37	161	11
37	84	56
37	156	45
37	125	81
37	99	11
37	127	73
37	168	93
37	85	41
37	40	49
37	82	56
37	92	34
37	164	48
37	54	93
37	67	34
38	116	80
38	121	41
38	125	78
38	40	76
38	156	60
38	149	36
38	139	43
38	95	97
38	65	73
38	64	20
38	163	39
38	120	28
38	176	7
38	130	72
38	146	27
38	42	20
38	44	34
38	151	96
38	45	61
38	135	8
38	147	15
38	85	81
38	94	60
38	168	47
38	51	52
38	140	37
38	179	43
38	111	77
38	162	46
38	170	92
38	127	68
38	112	46
38	89	98
38	99	7
38	150	7
38	157	98
38	113	30
38	73	30
38	76	16
38	126	36
39	69	55
39	100	95
39	106	16
39	152	96
39	95	52
39	136	24
39	139	76
39	112	39
39	105	92
39	142	68
39	179	98
39	71	83
39	114	76
39	123	81
39	128	17
39	98	32
39	140	62
39	91	54
39	85	98
39	78	39
39	99	91
39	89	62
39	141	10
39	64	21
39	82	67
39	167	94
39	134	78
39	107	5
39	111	56
39	137	28
39	67	36
39	143	69
39	72	41
39	79	24
39	172	18
39	162	64
39	47	27
39	56	80
39	88	23
39	127	72
39	117	85
39	109	60
39	131	31
39	151	49
40	93	22
40	146	67
40	83	90
40	73	81
40	79	98
40	74	79
40	72	94
40	158	55
40	66	100
40	159	37
40	140	31
40	119	91
40	178	10
40	124	55
40	126	39
40	144	9
40	99	63
40	156	29
40	85	7
40	65	69
40	78	53
40	113	77
40	121	8
40	41	22
40	94	87
40	177	58
40	70	78
40	56	89
40	71	15
40	50	97
40	115	32
40	154	94
40	116	17
40	59	27
40	149	86
40	142	87
40	145	63
41	84	6
41	109	75
41	86	56
41	134	98
41	152	25
41	151	23
41	159	83
41	66	68
41	72	93
41	176	41
41	124	52
41	69	7
41	155	84
41	78	33
41	90	98
41	126	50
41	170	50
41	128	30
41	91	9
41	137	10
41	171	36
41	113	91
41	123	43
41	102	60
41	127	87
41	174	37
41	74	25
41	105	50
41	83	10
41	148	97
41	163	34
41	51	54
41	157	80
41	119	43
41	179	47
41	133	12
41	153	69
42	144	79
42	100	90
42	147	18
42	160	44
42	101	41
42	120	36
42	80	88
42	161	83
42	132	31
42	153	74
42	142	13
42	134	59
42	167	42
42	88	75
42	170	81
42	83	21
42	149	26
42	148	14
42	128	79
42	93	77
42	116	69
42	122	42
42	157	73
42	139	52
42	68	17
42	143	61
42	106	57
42	47	46
42	150	29
42	82	16
42	49	65
42	46	37
42	105	90
42	78	60
42	178	14
42	174	95
42	50	5
42	64	87
42	74	34
42	99	55
42	77	19
42	172	28
43	75	79
43	89	58
43	107	17
43	130	21
43	174	46
43	70	32
43	68	35
43	87	8
43	97	91
43	151	70
43	161	27
43	90	75
43	91	84
43	99	43
43	132	24
43	154	31
43	177	97
43	129	30
43	164	52
43	52	40
43	125	83
43	139	90
43	49	19
43	48	79
43	156	11
43	135	8
43	92	68
43	47	96
43	77	31
43	96	53
43	142	85
43	101	35
43	71	97
43	124	21
43	175	94
43	73	59
43	109	82
43	137	59
43	149	50
43	134	18
43	72	67
43	93	83
43	141	69
43	144	80
43	110	18
43	126	22
43	50	18
44	69	58
44	140	55
44	116	29
44	133	59
44	100	79
44	103	92
44	78	48
44	113	90
44	126	41
44	73	63
44	123	69
44	137	14
44	47	36
44	121	68
44	158	12
44	118	92
44	108	87
44	122	70
44	120	72
44	136	11
44	90	81
44	146	65
44	161	96
44	104	38
44	125	88
44	179	12
44	95	28
44	102	41
44	171	21
44	163	53
44	45	53
44	147	93
44	173	75
44	58	15
44	50	42
45	166	46
45	115	84
45	147	31
45	72	59
45	91	31
45	89	94
45	140	31
45	96	92
45	80	23
45	152	80
45	155	71
45	129	7
45	135	92
45	104	5
45	149	61
45	162	47
45	85	92
45	121	99
45	120	86
45	108	73
45	71	83
45	100	76
45	84	77
45	126	93
45	70	95
45	125	44
45	127	62
45	79	59
45	179	48
45	109	67
45	105	44
45	49	13
45	134	89
45	67	21
46	144	41
46	116	86
46	72	100
46	176	12
46	100	36
46	171	9
46	173	98
46	178	40
46	120	75
46	71	39
46	149	16
46	150	46
46	143	33
46	169	91
46	77	79
46	154	66
46	115	6
46	164	80
46	76	63
46	85	96
46	54	30
46	156	85
46	151	52
46	79	72
46	101	23
46	134	16
46	91	48
46	62	17
46	78	40
46	95	29
46	125	67
46	160	52
46	117	38
46	105	17
46	53	41
46	138	100
46	137	74
46	168	97
47	105	72
47	135	76
47	155	74
47	127	36
47	112	71
47	79	8
47	161	49
47	84	60
47	128	85
47	51	21
47	81	27
47	115	97
47	160	9
47	91	51
47	113	17
47	120	41
47	129	66
47	152	51
47	53	71
47	174	36
47	136	89
47	103	26
47	162	98
47	138	67
47	157	40
47	147	80
47	49	73
47	121	100
47	140	88
47	170	25
47	158	42
47	108	51
47	78	40
47	132	96
47	57	40
47	124	89
47	66	94
48	97	72
48	92	42
48	179	75
48	123	44
48	79	33
48	76	10
48	80	11
48	81	58
48	103	49
48	89	74
48	90	45
48	174	92
48	164	10
48	85	68
48	168	71
48	78	67
48	138	87
48	107	68
48	110	15
48	165	87
48	128	18
48	132	73
48	139	82
48	140	99
48	129	23
48	153	94
48	57	23
48	147	98
48	170	7
48	115	14
48	136	81
48	50	10
48	86	61
48	119	8
48	74	19
48	124	97
48	166	30
48	62	10
48	105	63
48	127	94
48	82	31
48	141	20
48	156	75
48	175	43
48	55	39
48	49	43
48	150	90
48	111	40
49	178	65
49	142	5
49	141	95
49	82	99
49	75	77
49	110	52
49	176	97
49	123	59
49	138	90
49	158	95
49	83	57
49	94	88
49	155	15
49	136	86
49	137	65
49	85	10
49	59	88
49	125	32
49	152	40
49	98	86
49	100	89
49	95	51
49	134	17
49	177	71
49	58	22
49	80	27
49	116	25
49	162	75
49	147	83
49	63	29
49	172	12
49	54	22
49	57	26
49	161	37
49	145	19
49	175	48
49	131	50
49	124	17
49	170	45
49	171	20
50	165	56
50	94	98
50	90	11
50	178	86
50	117	47
50	54	54
50	160	18
50	174	36
50	111	32
50	129	94
50	80	87
50	104	75
50	130	23
50	168	13
50	101	12
50	138	45
50	150	92
50	154	78
50	77	87
50	95	52
50	118	51
50	52	27
50	155	63
50	143	25
50	98	95
50	132	88
50	166	40
50	148	78
50	146	28
50	53	31
50	85	31
50	140	40
50	63	7
50	108	52
50	177	24
50	75	30
50	64	78
51	167	82
51	103	24
51	133	28
51	88	42
51	77	13
51	92	94
51	124	97
51	106	65
51	87	19
51	163	12
51	55	17
51	52	13
51	158	81
51	99	57
51	142	99
51	123	48
51	156	18
51	140	72
51	110	78
51	135	69
51	116	97
51	97	93
51	147	99
51	105	55
51	82	54
51	170	77
51	64	95
51	139	91
51	175	99
51	113	15
51	119	65
51	60	49
51	129	47
51	112	16
51	130	25
51	153	35
51	70	56
51	109	51
52	85	70
52	82	14
52	136	14
52	148	14
52	78	49
52	156	85
52	175	46
52	154	74
52	105	40
52	84	94
52	107	98
52	79	32
52	106	77
52	147	43
52	168	37
52	113	48
52	163	89
52	169	38
52	120	87
52	122	61
52	167	94
52	172	23
52	164	21
52	102	65
52	89	49
52	131	26
52	132	96
52	94	11
52	170	31
52	110	15
52	55	72
52	160	37
52	140	35
52	75	76
53	178	64
53	157	75
53	140	61
53	86	29
53	125	22
53	146	42
53	114	60
53	93	43
53	173	21
53	60	80
53	126	12
53	124	9
53	63	82
53	110	76
53	153	47
53	82	13
53	62	15
53	148	94
53	90	14
53	136	43
53	109	37
53	160	8
53	165	60
53	121	13
53	57	9
53	142	61
53	155	13
53	171	22
53	117	31
53	133	74
54	123	53
54	88	68
54	170	23
54	161	59
54	175	32
54	136	71
54	129	96
54	159	36
54	95	100
54	106	82
54	171	56
54	120	33
54	122	78
54	112	22
54	113	41
54	114	87
54	125	37
54	153	31
54	157	13
54	128	90
54	81	43
54	168	8
54	176	53
54	152	19
54	99	39
54	145	90
54	174	76
54	115	82
54	131	67
54	165	43
54	139	21
54	97	14
54	89	63
54	85	87
54	119	99
54	169	49
54	163	38
55	90	81
55	111	88
55	150	40
55	123	34
55	145	16
55	138	77
55	106	52
55	132	21
55	146	57
55	136	26
55	88	40
55	101	14
55	107	35
55	163	90
55	103	14
55	122	26
55	119	25
55	81	43
55	153	51
55	120	45
55	84	48
55	105	33
55	151	99
55	174	40
55	89	8
55	130	11
55	126	81
55	170	74
55	63	14
55	61	93
55	164	91
55	57	54
55	78	84
55	154	78
56	144	25
56	119	67
56	154	20
56	135	68
56	178	99
56	58	62
56	125	8
56	149	40
56	106	97
56	96	69
56	145	97
56	142	63
56	94	35
56	126	55
56	157	99
56	141	81
56	130	54
56	170	78
56	105	6
56	120	64
56	139	45
56	159	58
56	163	88
56	66	42
56	103	8
56	97	17
56	84	87
56	92	35
56	87	30
56	90	86
56	89	70
56	81	86
56	121	27
56	78	51
56	112	5
57	157	37
57	127	72
57	98	52
57	87	68
57	153	90
57	165	7
57	136	91
57	150	84
57	131	14
57	88	69
57	151	95
57	147	39
57	60	15
57	140	63
57	82	73
57	116	78
57	111	67
57	95	57
57	126	10
57	152	67
57	173	71
57	85	62
57	101	24
57	109	53
57	66	81
57	137	8
57	117	83
57	110	75
57	135	43
57	63	35
57	61	31
57	73	36
58	143	52
58	131	51
58	83	47
58	109	85
58	119	12
58	158	37
58	142	34
58	141	82
58	132	87
58	172	87
58	61	97
58	173	58
58	144	37
58	176	19
58	104	23
58	68	40
58	95	34
58	103	52
58	151	37
58	140	33
58	69	53
58	117	30
58	175	15
58	156	60
58	124	44
58	62	51
58	129	40
58	84	18
58	179	79
58	134	20
58	74	61
58	168	98
58	163	30
59	118	94
59	133	80
59	121	80
59	162	83
59	135	37
59	89	10
59	97	62
59	95	97
59	156	9
59	129	67
59	152	26
59	176	7
59	141	81
59	168	44
59	179	33
59	139	98
59	67	32
59	127	95
59	101	56
59	68	27
59	114	14
59	61	14
59	169	45
59	174	82
59	116	83
59	70	79
59	90	85
59	171	61
59	76	25
59	166	85
60	126	49
60	103	87
60	111	66
60	92	42
60	63	22
60	86	60
60	164	8
60	114	86
60	139	52
60	61	99
60	169	27
60	173	88
60	112	55
60	160	88
60	100	14
60	159	70
60	177	66
60	96	46
60	109	83
60	107	61
60	152	74
60	122	59
60	117	30
60	129	7
60	68	71
60	165	92
60	120	37
60	156	73
60	67	61
60	155	6
60	105	85
60	79	45
60	124	62
60	88	43
60	118	14
60	83	64
61	139	81
61	177	39
61	171	31
61	63	16
61	114	26
61	109	24
61	113	54
61	144	16
61	108	24
61	133	94
61	146	31
61	154	73
61	92	28
61	175	50
61	105	13
61	153	68
61	70	77
61	93	76
61	124	88
61	176	58
61	103	12
61	161	8
61	122	48
61	106	82
61	65	21
61	126	66
61	89	74
61	119	24
61	97	13
61	160	61
61	87	97
61	78	36
61	98	23
61	130	59
61	150	72
61	68	58
61	158	79
62	173	27
62	152	50
62	154	53
62	161	57
62	140	63
62	146	19
62	132	16
62	129	71
62	175	84
62	162	48
62	68	34
62	121	39
62	109	64
62	128	33
62	147	86
62	65	23
62	174	99
62	171	91
62	116	66
62	139	20
62	159	96
62	101	49
62	169	58
62	79	96
62	164	50
62	106	25
62	77	49
62	80	11
62	103	51
62	172	10
62	148	31
62	156	99
62	165	73
62	91	99
63	149	56
63	104	69
63	158	84
63	121	86
63	93	75
63	179	9
63	110	50
63	113	88
63	123	93
63	94	49
63	103	48
63	175	100
63	107	6
63	159	15
63	106	15
63	140	52
63	72	11
63	73	51
63	108	9
63	74	91
63	152	24
63	176	63
63	151	59
63	135	77
63	138	16
63	139	75
64	106	32
64	157	73
64	158	33
64	144	11
64	133	26
64	177	34
64	146	91
64	67	28
64	123	81
64	126	50
64	143	96
64	94	41
64	163	51
64	136	39
64	105	8
64	175	11
64	101	63
64	128	25
64	174	18
64	76	91
64	134	94
64	95	67
64	66	81
64	97	67
64	111	40
64	162	46
64	115	6
64	102	49
65	168	37
65	94	52
65	117	66
65	119	56
65	95	55
65	100	76
65	121	83
65	130	85
65	143	86
65	160	24
65	177	50
65	118	28
65	71	21
65	74	27
65	114	23
65	131	86
65	157	89
65	148	31
65	166	44
65	178	89
65	97	43
65	68	34
65	132	35
65	141	96
65	147	90
65	66	67
65	112	18
65	153	69
65	127	79
65	158	6
66	129	68
66	130	40
66	170	49
66	134	34
66	135	44
66	70	74
66	133	77
66	178	58
66	115	75
66	136	92
66	138	35
66	106	81
66	137	26
66	100	77
66	146	93
66	92	41
66	160	37
66	164	40
66	159	17
66	81	57
66	93	12
66	126	49
66	125	99
66	105	9
66	103	62
66	165	38
66	179	46
66	108	81
67	142	18
67	155	17
67	101	33
67	105	74
67	96	53
67	149	61
67	99	30
67	117	69
67	147	17
67	145	37
67	95	29
67	172	53
67	151	7
67	102	61
67	127	57
67	161	99
67	169	41
67	175	35
67	103	70
67	108	67
67	160	30
67	73	46
67	128	63
67	126	35
67	150	82
67	165	12
67	112	20
67	132	70
67	176	26
67	174	55
68	169	74
68	173	68
68	69	26
68	109	89
68	155	47
68	115	78
68	172	64
68	162	67
68	150	41
68	174	20
68	114	52
68	164	32
68	95	71
68	98	70
68	79	59
68	142	26
68	119	86
68	106	97
68	136	39
68	112	77
68	107	92
68	139	47
68	102	67
68	168	39
68	156	62
68	131	23
68	130	93
68	158	36
68	103	10
68	177	35
69	106	26
69	130	94
69	127	59
69	104	45
69	177	20
69	147	66
69	132	42
69	133	40
69	160	60
69	143	92
69	111	29
69	152	66
69	71	78
69	131	49
69	75	14
69	72	37
69	178	53
69	151	33
69	110	97
69	171	31
69	76	39
69	123	25
69	174	80
69	137	31
69	108	63
69	173	27
70	135	81
70	107	66
70	151	51
70	165	72
70	160	75
70	98	36
70	145	91
70	174	30
70	123	33
70	142	36
70	116	61
70	156	91
70	176	76
70	178	93
70	140	74
70	163	86
70	73	95
70	82	28
70	167	77
70	168	64
70	97	69
70	104	75
70	124	43
70	157	11
70	84	83
70	153	98
70	118	39
70	131	81
70	105	32
70	172	31
70	138	23
70	87	66
70	83	24
70	175	81
70	155	32
70	128	87
71	145	69
71	122	28
71	128	81
71	156	67
71	164	88
71	131	71
71	120	35
71	130	94
71	174	32
71	119	97
71	72	13
71	140	14
71	152	98
71	160	62
71	96	86
71	101	65
71	144	82
71	173	53
71	155	66
71	102	73
71	111	78
71	82	93
71	84	14
71	114	82
71	86	80
71	170	45
71	178	69
71	132	53
71	147	8
71	162	75
71	74	35
71	110	21
71	100	43
71	161	81
72	169	81
72	102	89
72	115	74
72	111	34
72	98	28
72	158	73
72	74	11
72	100	44
72	127	28
72	170	91
72	137	84
72	103	56
72	116	92
72	136	74
72	84	25
72	109	89
72	138	13
72	122	16
72	161	9
72	152	24
72	145	90
72	79	43
72	148	54
72	97	65
72	120	98
72	106	27
72	167	24
72	174	67
72	162	93
73	179	42
73	131	49
73	174	80
73	122	41
73	137	51
73	77	66
73	119	53
73	162	5
73	132	87
73	130	59
73	178	81
73	170	32
73	116	52
73	177	70
73	133	29
73	98	57
73	125	43
73	128	92
73	176	95
73	75	51
73	81	25
73	140	82
73	74	37
73	155	69
73	168	35
73	143	81
73	171	74
73	99	37
73	126	77
73	102	31
73	109	99
73	103	90
73	111	82
74	147	65
74	148	18
74	155	63
74	140	81
74	128	34
74	121	25
74	150	99
74	118	37
74	145	63
74	75	50
74	111	38
74	137	95
74	156	38
74	179	10
74	122	83
74	161	65
74	152	29
74	124	52
74	115	63
74	141	25
74	80	10
74	102	16
74	174	87
74	87	56
74	123	20
74	149	24
74	125	49
74	146	97
74	167	39
74	168	83
74	177	37
74	92	50
74	127	55
74	143	50
75	143	67
75	154	68
75	150	83
75	157	84
75	76	65
75	158	99
75	177	97
75	168	61
75	167	56
75	121	5
75	139	40
75	170	74
75	80	60
75	111	47
75	123	46
75	126	68
75	178	6
75	125	25
75	131	69
75	165	96
75	162	81
75	115	94
75	133	67
75	81	11
75	163	75
75	149	17
75	140	6
75	137	83
75	94	57
75	101	54
75	159	40
75	116	41
76	169	39
76	179	37
76	175	86
76	178	43
76	114	68
76	152	27
76	127	58
76	128	22
76	162	67
76	132	62
76	79	18
76	81	15
76	115	98
76	156	72
76	155	15
76	110	11
76	86	54
76	117	35
76	148	24
76	147	69
76	104	7
76	165	36
76	163	52
76	80	19
76	146	55
76	85	31
76	144	24
76	166	46
76	92	82
76	129	23
76	176	89
76	106	90
77	140	23
77	147	40
77	154	29
77	153	69
77	78	72
77	116	77
77	164	12
77	126	23
77	165	78
77	141	19
77	131	85
77	112	9
77	143	8
77	124	5
77	90	68
77	118	38
77	128	18
77	86	13
77	104	81
77	139	56
77	158	98
77	102	51
77	79	80
77	163	60
77	94	75
77	105	89
77	160	44
77	161	61
77	93	94
77	144	31
78	178	74
78	167	23
78	148	92
78	106	93
78	158	79
78	159	38
78	138	45
78	119	18
78	142	40
78	169	41
78	135	29
78	104	88
78	118	21
78	176	61
78	139	45
78	147	35
78	88	10
78	149	80
78	129	93
78	136	87
78	155	34
78	174	95
78	82	57
78	170	64
78	123	73
78	97	19
78	122	26
79	154	72
79	176	18
79	105	90
79	162	79
79	114	99
79	156	73
79	143	78
79	125	20
79	140	25
79	157	89
79	145	63
79	136	84
79	91	95
79	146	6
79	106	17
79	177	75
79	115	10
79	121	32
79	111	61
79	83	98
79	119	87
79	81	89
79	87	56
79	148	76
79	171	81
79	179	89
79	130	76
79	152	26
80	115	23
80	109	7
80	134	97
80	136	64
80	125	54
80	141	92
80	131	59
80	144	36
80	142	45
80	81	90
80	130	83
80	173	24
80	93	57
80	177	10
80	147	51
80	145	54
80	157	15
80	129	67
80	176	25
80	154	7
80	86	12
80	121	62
80	102	67
80	143	56
81	170	69
81	159	47
81	139	53
81	175	7
81	115	5
81	166	43
81	109	84
81	112	53
81	178	22
81	144	99
81	137	80
81	173	67
81	129	74
81	150	99
81	118	52
81	91	33
81	96	67
81	165	62
81	85	78
81	121	96
81	110	16
81	133	59
81	90	86
81	101	40
81	107	56
81	119	17
82	156	73
82	166	73
82	133	59
82	165	24
82	121	54
82	142	85
82	128	52
82	116	15
82	136	8
82	144	59
82	177	63
82	151	96
82	160	19
82	148	10
82	120	63
82	162	6
82	175	69
82	137	52
82	85	16
82	118	95
82	119	98
82	170	63
82	127	21
82	129	71
82	86	78
82	109	18
82	147	50
82	100	16
82	95	48
83	124	52
83	172	65
83	117	78
83	143	38
83	119	71
83	159	82
83	158	97
83	139	75
83	173	9
83	121	41
83	108	87
83	145	91
83	166	17
83	170	36
83	115	80
83	133	85
83	127	89
83	111	84
83	136	23
83	123	38
83	175	53
83	176	82
83	153	82
83	130	30
83	92	54
83	152	30
83	98	65
83	94	30
83	135	62
83	112	73
83	151	73
83	97	16
83	96	62
83	162	91
83	93	47
84	132	39
84	146	82
84	164	8
84	135	73
84	155	50
84	91	58
84	166	64
84	142	23
84	174	83
84	128	57
84	148	89
84	92	97
84	119	74
84	171	12
84	88	46
84	145	49
84	153	92
84	112	97
84	120	8
84	168	39
85	137	42
85	175	80
85	151	23
85	163	67
85	88	59
85	146	59
85	112	95
85	165	86
85	145	50
85	178	62
85	110	21
85	139	40
85	87	68
85	132	55
85	142	12
85	89	64
85	92	67
85	128	39
85	131	12
85	164	30
85	172	22
85	96	26
85	122	26
85	144	56
85	169	36
86	154	66
86	134	84
86	159	49
86	142	76
86	148	8
86	111	56
86	117	88
86	130	57
86	166	98
86	97	41
86	156	5
86	161	45
86	118	7
86	96	44
86	146	97
86	150	37
86	153	38
86	93	81
86	87	38
87	171	20
87	88	54
87	126	99
87	159	60
87	142	63
87	169	20
87	150	59
87	114	76
87	141	64
87	157	82
87	176	53
87	130	21
87	125	50
87	154	46
87	167	66
87	97	19
87	160	44
87	170	58
87	117	89
87	96	70
87	143	92
87	145	53
87	153	6
87	106	10
87	104	30
87	122	72
87	92	59
87	128	89
88	132	94
88	138	69
88	141	31
88	137	26
88	170	33
88	179	21
88	144	99
88	154	58
88	93	56
88	92	92
88	147	23
88	113	79
88	145	77
88	121	80
88	155	49
88	164	92
88	157	20
88	171	68
88	135	15
88	176	80
88	127	65
88	90	82
88	174	86
88	125	22
88	148	99
88	95	68
89	155	60
89	131	99
89	162	31
89	117	35
89	164	68
89	126	55
89	95	55
89	151	84
89	159	99
89	102	42
89	161	37
89	115	81
89	178	62
89	146	88
89	134	65
89	145	22
89	158	50
90	178	68
90	137	32
90	154	99
90	165	6
90	130	22
90	95	29
90	132	40
90	169	75
90	125	42
90	91	68
90	135	51
90	173	37
90	145	27
90	96	25
90	138	92
90	107	8
90	99	22
90	161	15
90	162	50
90	156	35
90	121	26
91	171	9
91	118	42
91	135	63
91	175	58
91	127	62
91	163	88
91	168	88
91	101	20
91	125	71
91	143	9
91	179	44
91	133	78
91	105	44
91	150	16
91	153	22
91	124	84
91	108	44
91	92	71
91	142	35
91	164	41
91	122	31
91	129	48
91	152	82
91	169	73
91	121	13
91	132	39
92	140	31
92	136	100
92	121	38
92	168	78
92	177	36
92	94	36
92	148	99
92	98	76
92	170	28
92	117	15
92	152	73
92	156	66
92	141	62
92	120	97
92	104	77
92	176	16
92	134	97
92	166	42
92	145	5
92	138	84
92	100	79
93	176	14
93	128	94
93	147	67
93	164	67
93	161	82
93	149	34
93	179	39
93	154	92
93	120	40
93	162	51
93	130	41
93	123	55
93	99	75
93	165	91
93	145	70
93	127	47
93	101	35
93	150	31
93	125	13
93	126	37
93	158	60
93	134	14
93	142	78
93	141	50
93	119	73
94	125	81
94	119	64
94	128	45
94	133	69
94	123	37
94	137	51
94	152	91
94	136	42
94	179	25
94	160	30
94	176	32
94	178	10
94	172	48
94	161	87
94	126	73
94	164	57
94	162	32
94	102	91
94	167	47
94	144	22
94	101	68
94	98	80
94	168	85
94	150	65
95	138	8
95	96	59
95	130	95
95	142	28
95	122	46
95	178	29
95	162	37
95	158	39
95	173	74
95	146	100
95	164	74
95	171	20
95	127	73
95	148	42
95	145	66
95	103	92
95	132	63
95	101	54
95	107	16
95	166	56
95	137	46
95	131	61
96	157	5
96	135	70
96	178	66
96	139	87
96	101	7
96	134	44
96	169	59
96	127	34
96	177	22
96	147	42
96	130	97
96	143	61
96	100	65
96	103	27
96	149	75
96	99	44
96	137	67
96	97	32
96	163	91
96	173	80
96	152	72
97	122	18
97	124	18
97	155	79
97	136	40
97	138	32
97	146	55
97	148	80
97	129	43
97	174	91
97	162	72
97	99	45
97	164	82
97	158	11
97	165	55
97	107	48
97	139	99
97	102	25
97	101	89
97	177	99
97	151	55
97	178	46
98	99	55
98	129	68
98	177	29
98	146	34
98	166	82
98	130	70
98	151	40
98	150	61
98	132	71
98	103	22
98	136	27
98	153	88
98	163	64
98	144	65
98	101	12
98	178	55
98	169	84
98	140	89
98	165	53
98	112	100
98	139	82
98	111	17
98	142	89
98	161	82
98	157	92
99	158	14
99	177	69
99	169	9
99	125	43
99	104	32
99	144	65
99	172	37
99	148	81
99	110	49
99	157	43
99	178	27
99	109	70
99	174	44
99	164	93
99	132	63
99	161	30
99	145	39
99	128	94
99	156	69
99	159	11
99	136	49
99	175	40
99	100	54
99	133	70
100	163	87
100	144	35
100	147	37
100	178	96
100	157	45
100	148	22
100	149	82
100	151	15
100	171	10
100	109	32
100	110	59
100	162	19
100	130	14
100	176	66
100	134	86
100	142	60
100	170	42
100	131	26
100	156	32
100	161	47
100	101	27
101	160	95
101	144	96
101	150	20
101	158	70
101	135	78
101	116	66
101	118	53
101	117	61
101	126	55
101	177	37
101	157	57
101	127	87
101	174	36
101	111	18
102	158	92
102	128	63
102	137	6
102	103	8
102	141	70
102	174	83
102	172	12
102	144	40
102	107	86
102	104	67
102	149	28
102	167	70
102	153	90
102	110	6
102	156	47
102	113	93
102	138	20
102	118	81
102	121	37
102	106	41
102	164	30
103	160	26
103	145	60
103	154	41
103	164	35
103	176	23
103	162	30
103	111	86
103	158	24
103	177	55
103	170	23
103	147	23
103	148	32
103	132	51
103	152	33
103	168	49
103	128	15
103	104	97
104	149	78
104	169	63
104	146	70
104	155	37
104	163	90
104	172	55
104	134	28
104	177	57
104	141	11
104	116	70
104	133	65
104	107	18
104	110	64
104	159	43
104	160	18
104	162	43
104	167	44
104	121	11
104	114	93
104	154	25
104	113	12
104	142	31
104	151	89
104	153	63
105	176	48
105	150	43
105	161	36
105	170	45
105	179	79
105	171	52
105	160	76
105	168	75
105	144	84
105	151	75
105	169	57
105	117	26
105	138	73
105	152	42
105	148	92
105	106	89
105	156	68
105	165	79
106	175	58
106	148	39
106	140	66
106	149	53
106	138	39
106	172	37
106	144	30
106	161	10
106	131	51
106	166	72
106	146	59
106	154	23
106	164	56
106	133	49
106	143	15
106	153	34
106	111	24
106	142	63
106	127	70
106	151	10
107	177	8
107	168	26
107	149	54
107	136	28
107	167	88
107	171	89
107	137	56
107	132	42
107	110	91
107	155	36
107	134	93
107	113	53
107	109	11
107	135	55
107	147	49
107	112	40
108	177	13
108	143	95
108	155	39
108	140	95
108	111	24
108	154	68
108	152	23
108	112	69
108	137	18
108	159	25
108	166	57
108	114	74
108	170	90
108	172	20
109	177	29
109	174	84
109	157	67
109	158	41
109	172	62
109	151	51
109	145	15
109	170	83
109	150	96
109	110	53
109	154	32
109	165	19
109	153	66
109	168	84
109	112	29
109	161	100
109	121	80
110	167	55
110	166	55
110	172	18
110	179	97
110	156	10
110	169	98
110	165	22
110	152	30
110	161	36
110	135	47
110	173	60
110	142	62
110	124	35
110	176	74
110	151	87
110	175	39
110	149	65
110	128	90
110	123	12
111	112	51
111	142	51
111	155	31
111	178	62
111	170	90
111	120	83
111	139	79
111	115	20
111	152	58
111	158	77
111	138	61
111	177	53
111	126	42
111	113	57
111	128	15
111	150	91
111	114	35
111	118	89
112	152	36
112	177	25
112	145	79
112	151	41
112	116	34
112	115	39
112	161	86
112	138	62
112	126	82
112	167	64
112	147	53
112	175	66
112	170	15
112	134	96
113	139	82
113	151	52
113	159	50
113	140	37
113	158	38
113	178	23
113	175	18
113	179	75
113	155	36
113	124	87
113	138	81
113	152	85
113	177	85
113	148	39
113	147	40
114	145	56
114	155	32
114	143	52
114	157	61
114	165	32
114	166	29
114	163	39
114	162	43
114	158	26
114	169	92
114	171	35
114	119	24
114	142	73
114	177	78
114	168	35
114	117	43
114	122	48
114	152	6
114	128	53
114	121	28
114	132	6
114	136	35
114	160	85
115	117	17
115	171	86
115	176	27
115	179	98
115	162	87
115	163	7
115	165	10
115	146	84
115	140	21
115	130	21
115	127	36
115	159	49
115	169	80
115	149	39
116	164	65
116	150	97
116	174	52
116	177	44
116	167	86
116	175	97
116	117	34
116	144	98
116	172	14
116	146	52
116	154	94
116	166	56
116	128	71
116	159	23
116	169	68
116	151	93
116	126	58
116	121	87
116	136	70
116	124	38
116	170	24
117	178	50
117	163	68
117	155	91
117	171	24
117	145	64
117	167	23
117	158	29
117	118	59
117	162	71
117	151	21
117	133	38
117	148	83
117	124	73
117	128	16
117	168	55
117	164	20
117	147	85
117	143	51
117	166	9
118	155	52
118	151	29
118	166	89
118	172	31
118	176	30
118	146	84
118	124	13
118	163	88
118	121	12
118	130	24
118	133	55
118	131	49
119	169	76
119	146	51
119	149	38
119	121	31
119	175	9
119	161	84
119	153	41
119	173	33
119	164	76
119	171	55
119	120	43
119	138	18
119	178	28
119	125	9
119	176	23
120	174	38
120	147	36
120	171	71
120	178	53
120	125	51
120	150	36
120	175	63
120	132	12
120	121	73
120	158	42
120	167	69
120	166	41
120	135	60
120	128	76
120	179	62
120	148	15
121	171	88
121	178	100
121	156	80
121	179	24
121	175	93
121	149	33
121	129	44
121	154	70
121	148	26
121	150	43
121	155	16
121	160	74
122	152	58
122	160	43
122	172	97
122	173	76
122	177	68
122	151	31
122	150	36
122	133	30
122	171	90
122	147	61
122	161	86
122	148	45
122	179	41
123	173	54
123	176	40
123	167	55
123	149	81
123	175	92
123	179	63
123	171	61
123	131	19
123	133	7
123	132	72
123	172	22
124	161	12
124	174	78
124	126	41
124	175	13
124	125	48
124	151	98
124	127	93
124	171	39
124	129	10
124	132	73
124	163	95
124	130	13
125	178	26
125	167	72
125	177	23
125	150	95
125	157	89
125	128	28
125	126	57
125	161	75
125	166	39
125	165	95
125	163	72
125	137	73
125	173	55
125	162	99
125	127	22
125	179	45
125	138	42
125	156	35
125	136	30
125	168	40
125	132	52
126	167	16
126	159	5
126	127	95
126	158	64
126	131	78
126	138	62
126	173	35
126	155	90
126	164	92
127	162	89
127	176	20
127	171	93
127	152	96
127	142	95
127	156	23
127	169	20
127	139	40
127	161	31
127	175	90
128	165	10
128	160	89
128	176	88
128	159	74
128	157	45
128	137	52
128	166	56
128	168	44
128	172	79
128	154	20
128	135	70
128	173	13
128	171	24
128	174	59
129	167	19
129	135	29
129	163	35
129	138	75
129	157	83
129	144	97
129	131	22
129	146	99
129	160	16
129	162	13
130	131	11
130	134	25
130	176	6
130	160	64
130	141	35
130	144	10
130	135	68
130	137	48
130	159	57
130	147	13
131	160	98
131	173	69
131	177	21
131	161	85
131	134	82
131	164	94
131	176	29
131	166	61
131	170	32
131	141	87
131	158	20
131	159	97
131	178	27
131	144	65
132	177	84
132	136	15
132	162	55
132	179	89
132	143	17
132	144	28
132	141	96
132	158	72
132	171	29
132	159	31
132	173	76
132	156	49
133	159	82
133	137	55
133	140	51
133	138	26
133	163	42
133	170	95
133	175	86
133	158	81
133	135	78
134	164	69
134	137	26
134	136	94
134	166	9
134	178	48
134	163	68
134	165	75
134	140	85
134	159	100
134	135	69
134	144	15
134	179	15
135	142	61
135	171	19
135	166	32
135	150	64
135	178	33
135	146	86
135	168	65
135	173	55
136	161	77
136	177	94
136	141	43
136	149	69
136	162	13
136	142	59
136	153	32
136	138	19
136	157	41
136	171	24
136	172	48
136	165	35
137	175	80
137	172	20
137	168	65
137	163	76
137	169	73
137	144	67
137	162	67
137	174	69
137	156	59
137	165	80
137	159	69
138	178	21
138	144	44
138	143	34
138	141	83
138	172	74
138	156	48
139	166	42
139	169	76
139	172	23
139	156	37
139	147	6
140	167	62
140	147	57
140	171	73
140	165	16
140	150	73
140	168	87
140	142	33
140	175	98
140	143	97
140	155	81
140	159	70
141	173	64
141	174	22
141	172	54
141	168	77
141	148	85
141	150	29
141	145	44
141	144	68
141	155	77
141	152	63
141	154	83
141	158	96
141	164	36
142	179	33
142	148	48
142	169	42
142	171	77
142	172	12
142	174	85
142	153	81
142	147	72
142	144	91
142	157	55
142	149	13
143	168	18
143	169	89
143	145	68
143	155	87
143	173	90
143	157	64
144	169	9
144	148	99
144	151	83
145	150	46
145	154	44
145	153	65
145	172	78
145	164	92
145	174	48
146	172	47
146	173	51
146	153	33
146	155	84
146	154	39
146	160	91
146	177	30
146	148	91
146	168	92
147	173	33
147	153	49
147	172	46
147	177	6
147	179	92
147	155	44
147	158	25
147	174	96
147	157	98
148	176	27
148	160	76
148	149	61
148	173	29
148	162	78
149	178	98
149	153	28
149	158	33
149	151	98
149	154	23
150	175	61
150	153	46
151	179	18
151	160	61
151	158	31
152	177	86
152	161	11
152	159	100
152	163	78
153	155	84
153	158	58
153	170	81
153	160	68
154	171	16
154	166	18
154	163	78
155	157	37
156	165	34
156	169	23
157	171	50
157	160	55
157	169	88
157	177	38
157	176	87
158	159	10
158	167	68
158	163	29
158	164	29
159	170	60
160	176	96
160	168	52
161	162	19
161	164	92
161	169	37
161	172	36
161	174	60
161	179	32
161	167	41
162	169	95
163	168	18
163	166	45
163	171	88
163	179	92
163	178	79
163	167	81
164	168	88
164	166	80
165	171	88
166	175	79
166	169	66
166	179	70
166	174	19
167	168	99
167	176	87
167	177	76
167	172	79
168	172	39
169	170	35
169	179	83
169	178	9
169	171	31
169	173	85
170	174	78
171	179	83
171	177	72
171	172	54
172	176	34
172	178	84
173	174	68
173	177	73
174	178	63
175	177	20
177	179	15
