NAME: W_SPARSE_200_100
n: 200
m: 10000
0	100	54
0	53	34
0	137	65
0	140	69
0	71	95
0	141	83
0	1	11
0	66	32
0	144	38
0	58	83
0	123	48
0	2	60
0	142	6
0	99	89
0	57	83
0	138	81
0	132	6
0	148	36
0	134	7
0	195	48
0	129	33
0	68	95
0	126	92
0	110	9
0	117	73
0	88	93
0	122	79
0	70	51
0	92	29
0	116	78
0	143	35
0	114	57
0	97	96
0	7	33
0	64	77
0	120	72
0	189	66
0	9	60
0	93	20
0	83	10
0	8	43
0	111	21
0	59	57
0	55	92
0	95	7
0	131	23
0	119	42
0	78	45
0	139	9
0	135	61
0	73	41
0	56	83
0	18	39
0	62	7
0	98	48
0	192	40
0	106	60
0	179	90
0	96	12
0	180	60
0	22	50
0	170	67
0	69	14
0	6	61
0	84	68
0	27	7
0	21	19
0	61	97
0	199	11
0	185	28
0	5	84
0	17	92
0	101	84
0	196	83
0	38	71
0	175	92
0	183	92
0	121	43
0	130	63
0	198	49
0	105	84
0	86	69
0	190	34
0	75	31
0	160	65
0	16	61
0	124	84
0	65	84
0	35	48
0	157	58
0	34	94
0	46	16
0	63	81
0	155	79
0	154	56
0	174	96
0	184	42
0	43	44
0	42	77
1	107	25
1	106	91
1	113	68
1	110	64
1	65	16
1	84	56
1	63	89
1	120	50
1	140	13
1	66	40
1	56	40
1	131	74
1	124	66
1	70	91
1	83	71
1	60	8
1	53	64
1	116	66
1	64	90
1	146	99
1	93	42
1	54	10
1	102	15
1	7	16
1	198	40
1	86	31
1	97	58
1	109	12
1	111	98
1	141	36
1	59	10
1	78	56
1	88	36
1	77	96
1	105	96
1	17	46
1	123	35
1	183	8
1	195	8
1	189	67
1	3	80
1	136	63
1	55	50
1	149	10
1	101	22
1	112	54
1	127	43
1	90	81
1	128	47
1	10	12
1	125	88
1	20	54
1	103	64
1	52	28
1	173	68
1	193	82
1	98	48
1	24	97
1	122	83
1	177	24
1	172	88
1	82	55
1	145	8
1	150	13
1	5	59
1	26	18
1	180	29
1	133	38
1	96	29
1	130	31
1	8	85
1	34	86
1	100	57
1	167	39
1	29	38
1	171	22
1	199	98
1	192	67
1	95	31
1	61	6
1	74	78
1	31	69
1	89	96
1	197	88
1	33	35
1	190	15
1	75	26
1	147	82
1	194	44
1	40	61
1	164	19
1	38	89
1	138	12
1	165	45
2	108	40
2	107	59
2	136	39
2	148	13
2	59	99
2	103	99
2	199	22
2	98	77
2	197	94
2	111	96
2	106	84
2	8	22
2	64	48
2	122	82
2	92	51
2	144	6
2	195	17
2	99	91
2	6	38
2	128	48
2	192	26
2	86	66
2	89	17
2	81	40
2	11	100
2	71	7
2	129	78
2	149	43
2	151	48
2	96	74
2	112	82
2	67	34
2	77	57
2	74	66
2	194	86
2	5	92
2	90	90
2	189	43
2	53	28
2	57	78
2	88	48
2	124	28
2	193	34
2	139	19
2	93	74
2	130	86
2	186	62
2	117	89
2	184	16
2	181	43
2	198	33
2	65	37
2	125	71
2	62	20
2	145	63
2	55	68
2	91	14
2	127	45
2	135	37
2	178	37
2	185	15
2	23	33
2	27	63
2	101	34
2	105	15
2	123	38
2	174	91
2	173	76
2	133	17
2	36	7
2	146	61
2	4	5
2	80	75
2	104	13
2	13	50
2	147	7
2	140	17
2	9	81
2	179	48
2	3	25
2	34	70
2	180	56
2	78	42
2	165	84
2	58	15
2	17	93
2	29	59
2	182	65
2	191	71
2	134	79
2	46	72
2	109	71
2	150	61
2	158	54
2	157	69
2	28	65
2	121	63
2	131	17
2	164	55
2	167	95
2	30	37
3	82	43
3	92	63
3	119	53
3	84	30
3	117	44
3	125	26
3	83	91
3	87	73
3	126	11
3	136	27
3	96	56
3	104	91
3	115	60
3	130	57
3	10	69
3	99	23
3	73	12
3	103	48
3	123	100
3	95	61
3	112	14
3	100	15
3	86	88
3	81	39
3	142	22
3	151	76
3	140	41
3	14	35
3	195	9
3	89	34
3	17	83
3	146	35
3	85	9
3	129	21
3	54	100
3	111	64
3	110	34
3	60	72
3	194	84
3	71	28
3	138	41
3	70	87
3	183	31
3	80	78
3	58	94
3	9	19
3	18	47
3	144	82
3	190	34
3	5	81
3	30	82
3	67	11
3	4	81
3	69	91
3	65	60
3	109	6
3	28	64
3	23	64
3	79	49
3	149	14
3	187	35
3	174	98
3	6	36
3	63	36
3	76	60
3	120	46
3	78	55
3	171	68
3	19	79
3	180	85
3	145	70
3	108	25
3	21	77
3	62	46
3	139	38
3	133	10
3	116	93
3	132	92
3	42	81
3	186	46
3	161	52
3	44	92
3	98	30
3	193	76
3	8	46
3	182	52
3	47	61
3	75	53
3	121	75
3	7	54
3	177	55
3	33	8
3	148	93
3	163	64
3	13	43
3	196	84
3	59	69
4	73	20
4	57	65
4	107	70
4	139	46
4	146	42
4	104	38
4	71	20
4	138	85
4	137	79
4	109	43
4	123	16
4	142	73
4	88	13
4	135	6
4	12	96
4	5	59
4	111	88
4	94	49
4	91	93
4	195	95
4	68	21
4	143	93
4	14	68
4	70	76
4	153	11
4	13	9
4	101	81
4	110	38
4	148	65
4	59	56
4	152	8
4	18	19
4	90	55
4	124	24
4	129	7
4	77	30
4	127	27
4	190	33
4	131	42
4	23	24
4	179	33
4	192	93
4	106	43
4	128	34
4	184	88
4	189	35
4	144	85
4	140	70
4	7	70
4	10	32
4	174	35
4	197	20
4	28	48
4	72	83
4	120	23
4	176	8
4	198	31
4	145	29
4	64	79
4	196	63
4	25	26
4	87	28
4	55	20
4	78	95
4	113	91
4	182	53
4	130	34
4	31	61
4	100	83
4	114	17
4	16	30
4	65	27
4	76	19
4	141	6
4	178	13
4	133	34
4	79	36
4	56	87
4	169	46
4	32	46
4	35	37
4	22	74
4	58	5
4	82	57
4	163	85
4	162	11
4	125	49
4	164	95
4	102	26
4	171	23
4	20	64
4	187	65
4	8	64
4	45	68
4	86	23
4	30	83
4	99	77
4	17	24
4	160	74
4	103	52
4	165	48
4	69	81
4	105	81
5	138	64
5	99	18
5	149	87
5	75	73
5	82	100
5	105	61
5	97	37
5	69	51
5	76	69
5	128	63
5	72	87
5	131	74
5	71	38
5	145	16
5	101	100
5	110	99
5	70	34
5	112	43
5	63	81
5	133	28
5	150	38
5	120	31
5	57	21
5	77	6
5	194	74
5	134	78
5	126	43
5	91	65
5	192	31
5	12	51
5	141	82
5	10	73
5	58	88
5	119	40
5	8	29
5	125	31
5	14	39
5	80	22
5	135	27
5	89	84
5	64	8
5	193	98
5	6	60
5	65	84
5	191	98
5	132	80
5	137	72
5	94	7
5	100	81
5	22	43
5	81	40
5	31	53
5	118	75
5	13	55
5	32	94
5	73	77
5	111	62
5	106	21
5	79	88
5	16	90
5	59	72
5	20	43
5	36	15
5	109	70
5	115	67
5	178	93
5	38	8
5	78	28
5	102	29
5	184	17
5	188	19
5	40	61
5	42	63
5	67	36
5	123	92
5	197	43
5	139	62
5	24	97
5	143	9
5	84	60
5	169	29
5	175	87
5	43	66
5	37	90
5	177	38
5	39	65
5	83	87
5	185	15
5	163	68
5	90	33
5	122	70
5	21	54
5	153	100
5	33	88
5	144	58
5	166	83
5	26	92
5	158	95
5	93	86
6	120	55
6	75	37
6	7	53
6	98	68
6	62	59
6	81	63
6	84	29
6	128	79
6	124	63
6	82	59
6	133	50
6	147	75
6	123	20
6	79	13
6	86	90
6	152	21
6	199	91
6	63	47
6	149	89
6	113	97
6	135	53
6	196	14
6	136	67
6	17	64
6	76	30
6	126	66
6	100	83
6	19	81
6	14	43
6	192	82
6	125	65
6	115	95
6	72	51
6	58	56
6	87	63
6	94	93
6	193	28
6	13	39
6	186	33
6	69	39
6	137	34
6	109	18
6	8	8
6	127	63
6	141	99
6	117	77
6	73	73
6	71	74
6	26	15
6	118	77
6	10	58
6	95	52
6	180	96
6	151	51
6	132	90
6	102	13
6	11	82
6	36	68
6	60	48
6	61	69
6	104	98
6	105	93
6	33	79
6	9	15
6	74	91
6	130	86
6	131	32
6	184	65
6	37	86
6	189	23
6	21	28
6	101	10
6	89	72
6	65	30
6	178	91
6	38	9
6	154	48
6	22	76
6	27	53
6	170	81
6	187	56
6	181	13
6	15	79
6	129	35
6	93	85
6	112	88
6	175	43
6	44	70
6	146	21
6	179	85
6	30	88
6	111	59
6	42	56
6	88	17
6	77	60
6	119	75
6	142	39
6	182	12
7	115	97
7	120	26
7	108	40
7	93	87
7	114	62
7	99	13
7	69	19
7	96	18
7	82	12
7	112	6
7	103	84
7	118	38
7	156	61
7	132	72
7	150	70
7	75	62
7	72	25
7	97	56
7	98	93
7	145	96
7	67	26
7	71	59
7	151	77
7	61	43
7	148	55
7	13	83
7	110	58
7	84	85
7	80	94
7	85	97
7	106	33
7	149	43
7	137	29
7	107	17
7	26	28
7	141	57
7	142	100
7	193	6
7	20	63
7	196	70
7	21	87
7	126	41
7	197	25
7	199	28
7	192	58
7	122	24
7	119	57
7	143	44
7	94	29
7	144	33
7	180	33
7	32	76
7	19	49
7	29	40
7	101	41
7	131	81
7	95	21
7	190	35
7	78	16
7	185	66
7	36	49
7	37	64
7	39	99
7	91	11
7	8	72
7	124	52
7	11	21
7	77	83
7	109	12
7	28	45
7	178	6
7	63	22
7	186	50
7	113	31
7	198	99
7	17	69
7	60	19
7	181	21
7	76	96
7	102	32
7	179	17
7	129	85
7	35	71
7	43	75
7	42	95
7	133	48
7	134	73
7	16	31
7	176	72
7	153	49
7	169	22
7	189	97
7	31	96
8	87	69
8	148	82
8	86	6
8	68	8
8	132	27
8	99	9
8	88	36
8	71	84
8	76	99
8	121	25
8	12	9
8	133	88
8	83	64
8	136	71
8	62	80
8	14	33
8	69	75
8	95	82
8	134	65
8	91	46
8	64	21
8	135	26
8	149	6
8	124	79
8	82	92
8	155	57
8	16	68
8	10	20
8	146	28
8	194	54
8	112	53
8	94	82
8	9	55
8	72	31
8	20	86
8	74	23
8	120	76
8	188	59
8	150	89
8	123	97
8	157	21
8	11	91
8	103	68
8	100	15
8	128	86
8	92	84
8	198	51
8	33	96
8	107	50
8	110	69
8	36	14
8	152	22
8	185	7
8	182	58
8	180	84
8	35	41
8	141	79
8	142	20
8	18	72
8	32	76
8	129	70
8	119	91
8	40	23
8	38	18
8	191	98
8	143	9
8	126	23
8	138	70
8	26	36
8	30	7
8	13	74
8	102	36
8	113	42
8	111	16
8	96	86
8	23	37
8	117	98
8	39	87
8	59	47
8	116	26
8	167	10
8	189	25
8	84	45
8	168	13
8	70	66
8	29	71
8	174	21
8	104	63
8	24	99
8	190	87
8	90	13
8	130	61
8	153	62
8	106	56
8	81	63
8	137	33
8	160	60
9	138	72
9	137	33
9	139	31
9	98	98
9	110	91
9	67	13
9	64	74
9	100	38
9	158	43
9	70	97
9	156	37
9	75	44
9	78	35
9	116	11
9	145	47
9	131	28
9	136	12
9	147	6
9	105	52
9	106	95
9	140	36
9	118	86
9	130	87
9	104	59
9	62	78
9	121	56
9	143	9
9	79	76
9	68	69
9	141	26
9	103	33
9	84	65
9	83	34
9	93	68
9	124	46
9	127	77
9	82	59
9	11	44
9	155	51
9	148	51
9	23	22
9	122	92
9	157	56
9	192	82
9	102	87
9	18	74
9	26	34
9	186	14
9	151	19
9	199	25
9	196	69
9	66	62
9	101	69
9	153	7
9	92	23
9	22	87
9	21	39
9	74	44
9	86	13
9	91	18
9	111	44
9	14	35
9	36	6
9	29	30
9	19	75
9	108	70
9	10	55
9	109	61
9	177	64
9	154	66
9	24	70
9	96	49
9	150	52
9	132	12
9	128	45
9	88	89
9	72	23
9	113	20
9	193	62
9	190	69
9	45	11
9	125	36
9	166	43
9	175	33
9	120	81
9	49	81
9	12	42
9	32	30
9	167	87
9	174	99
9	197	83
9	117	32
9	129	78
9	191	30
9	176	71
9	73	66
9	85	65
10	90	62
10	77	44
10	130	66
10	147	9
10	98	85
10	112	26
10	139	98
10	150	100
10	140	29
10	153	100
10	85	8
10	69	58
10	72	11
10	81	39
10	119	96
10	120	90
10	70	91
10	117	81
10	62	13
10	80	81
10	106	43
10	136	22
10	111	70
10	148	47
10	122	5
10	20	8
10	83	7
10	104	26
10	114	98
10	115	65
10	116	68
10	24	92
10	78	65
10	84	45
10	25	25
10	75	86
10	64	21
10	102	25
10	138	42
10	156	35
10	96	57
10	141	74
10	192	84
10	197	11
10	131	22
10	121	70
10	135	30
10	145	97
10	29	64
10	194	62
10	74	75
10	99	67
10	155	72
10	27	7
10	32	14
10	23	70
10	89	28
10	184	50
10	137	86
10	38	51
10	92	32
10	144	62
10	179	56
10	35	50
10	66	84
10	183	61
10	126	97
10	63	55
10	87	40
10	177	6
10	41	30
10	36	63
10	73	21
10	188	14
10	113	90
10	21	52
10	187	48
10	16	26
10	88	75
10	15	32
10	45	8
10	143	29
10	49	23
10	86	22
10	129	96
10	48	83
10	101	18
10	118	60
10	28	8
10	185	21
10	17	17
10	53	86
10	110	85
10	42	81
10	65	41
10	170	8
11	77	19
11	90	52
11	153	87
11	134	62
11	137	58
11	84	75
11	115	79
11	109	50
11	125	42
11	141	74
11	124	64
11	114	23
11	135	75
11	143	71
11	140	46
11	13	20
11	144	90
11	142	54
11	104	42
11	126	59
11	20	36
11	154	12
11	88	70
11	151	68
11	24	39
11	94	48
11	130	91
11	25	50
11	68	97
11	98	39
11	195	68
11	62	49
11	128	31
11	81	46
11	97	68
11	150	72
11	110	20
11	146	71
11	118	15
11	17	17
11	113	31
11	74	72
11	33	75
11	190	100
11	188	34
11	64	98
11	119	41
11	69	37
11	86	35
11	145	38
11	112	71
11	123	10
11	93	80
11	71	17
11	189	96
11	157	68
11	138	61
11	160	68
11	22	9
11	43	87
11	27	26
11	106	70
11	181	53
11	30	44
11	192	42
11	156	67
11	85	92
11	117	68
11	120	69
11	148	76
11	194	47
11	82	97
11	155	67
11	121	80
11	50	63
11	67	42
11	111	94
11	80	98
11	49	81
11	78	36
11	107	27
11	89	26
11	191	8
11	198	61
11	19	12
11	152	96
11	187	64
11	55	10
11	75	81
11	65	12
11	79	7
11	175	11
12	102	28
12	143	15
12	99	70
12	86	53
12	88	24
12	128	21
12	129	12
12	132	58
12	97	67
12	114	78
12	130	29
12	145	20
12	91	75
12	120	60
12	126	65
12	127	5
12	125	57
12	119	87
12	137	23
12	93	98
12	15	94
12	78	54
12	106	56
12	74	45
12	77	88
12	136	14
12	122	100
12	94	50
12	150	10
12	17	50
12	98	39
12	112	74
12	16	82
12	18	60
12	144	84
12	68	47
12	148	68
12	71	89
12	87	29
12	109	24
12	79	93
12	159	81
12	95	81
12	113	46
12	92	84
12	28	18
12	104	29
12	121	26
12	103	34
12	72	51
12	138	92
12	123	72
12	75	64
12	156	68
12	190	8
12	116	70
12	107	31
12	83	30
12	193	94
12	31	15
12	64	35
12	152	88
12	196	82
12	186	71
12	149	84
12	154	15
12	199	13
12	80	25
12	117	69
12	157	29
12	44	66
12	100	67
12	36	14
12	26	20
12	151	71
12	153	43
12	110	90
12	179	62
12	142	82
12	76	9
12	65	51
12	30	98
12	52	81
12	38	43
12	147	24
12	118	14
12	48	40
12	188	18
12	40	94
12	51	93
12	176	8
12	37	66
12	85	48
12	19	93
12	43	98
12	165	96
12	180	37
12	155	21
12	169	30
13	111	82
13	110	22
13	146	56
13	93	67
13	114	31
13	107	9
13	68	48
13	99	89
13	129	94
13	121	38
13	128	9
13	122	51
13	20	77
13	82	73
13	139	80
13	14	22
13	84	76
13	83	71
13	119	95
13	22	30
13	91	13
13	103	29
13	102	86
13	138	40
13	154	27
13	117	23
13	126	17
13	153	30
13	65	96
13	98	66
13	26	93
13	32	9
13	16	37
13	193	94
13	104	85
13	152	96
13	112	62
13	150	29
13	141	80
13	130	21
13	37	27
13	70	77
13	199	29
13	132	34
13	188	24
13	192	11
13	162	100
13	158	32
13	106	19
13	42	70
13	75	40
13	115	55
13	134	93
13	92	76
13	145	94
13	137	78
13	24	68
13	125	18
13	44	99
13	79	67
13	36	75
13	120	45
13	88	45
13	109	54
13	48	18
13	74	56
13	176	19
13	108	52
13	190	75
13	39	22
13	89	97
13	101	47
13	179	83
13	186	47
13	85	44
13	41	41
13	157	40
13	46	44
13	77	9
13	148	38
13	183	80
13	185	32
13	69	46
13	169	80
13	136	63
13	100	11
13	175	93
13	191	16
13	19	60
13	18	65
13	187	72
13	166	85
14	72	30
14	112	67
14	106	40
14	163	70
14	70	52
14	160	87
14	116	42
14	91	70
14	132	25
14	135	66
14	84	76
14	115	13
14	74	87
14	147	17
14	81	65
14	19	47
14	122	60
14	124	63
14	128	18
14	137	34
14	17	95
14	75	61
14	161	16
14	146	17
14	155	43
14	120	66
14	131	63
14	23	44
14	133	41
14	159	84
14	90	75
14	69	89
14	127	72
14	21	96
14	108	98
14	136	80
14	66	42
14	28	40
14	96	57
14	86	43
14	144	7
14	113	89
14	156	79
14	197	37
14	65	100
14	25	56
14	152	26
14	35	39
14	71	85
14	93	20
14	95	96
14	191	53
14	36	18
14	16	85
14	89	58
14	192	88
14	154	94
14	79	48
14	20	61
14	87	33
14	45	15
14	129	17
14	82	90
14	183	35
14	29	16
14	18	25
14	47	48
14	148	28
14	40	67
14	104	54
14	139	98
14	142	80
14	150	91
14	41	58
14	53	27
14	110	87
14	114	32
14	153	20
14	190	67
14	42	91
14	194	53
14	176	6
14	30	72
14	34	79
14	67	79
14	149	69
14	99	26
14	55	74
14	170	91
14	145	95
14	171	47
14	143	93
14	51	96
15	143	92
15	67	45
15	110	51
15	157	82
15	98	18
15	72	55
15	91	91
15	113	40
15	71	68
15	163	30
15	121	56
15	129	30
15	88	76
15	77	30
15	87	25
15	68	86
15	150	82
15	74	8
15	78	36
15	80	81
15	95	95
15	149	88
15	92	80
15	107	29
15	94	55
15	90	33
15	16	59
15	117	45
15	158	82
15	160	92
15	128	69
15	146	89
15	83	6
15	198	45
15	116	70
15	25	87
15	89	54
15	134	90
15	109	23
15	154	25
15	161	98
15	19	62
15	135	58
15	31	16
15	140	45
15	70	64
15	147	67
15	75	91
15	99	47
15	151	74
15	34	23
15	44	89
15	18	19
15	148	12
15	106	21
15	23	14
15	28	72
15	24	64
15	84	61
15	105	52
15	141	54
15	194	68
15	69	93
15	49	27
15	118	47
15	192	66
15	47	31
15	79	8
15	36	37
15	183	16
15	38	32
15	66	49
15	189	84
15	43	96
15	26	69
15	119	79
15	108	64
15	159	44
15	33	15
15	195	95
15	180	22
15	73	30
15	155	80
15	178	71
15	20	30
15	55	46
15	152	35
15	120	51
15	125	51
15	137	79
16	123	25
16	85	69
16	95	49
16	120	91
16	160	82
16	111	33
16	81	8
16	102	51
16	145	48
16	139	81
16	21	79
16	20	99
16	125	55
16	138	87
16	149	31
16	70	32
16	158	60
16	164	91
16	68	77
16	141	73
16	146	38
16	161	47
16	154	67
16	157	12
16	86	35
16	112	44
16	75	58
16	140	34
16	89	98
16	18	40
16	79	75
16	104	27
16	28	66
16	126	77
16	121	99
16	143	54
16	80	67
16	82	20
16	106	10
16	96	9
16	135	7
16	133	59
16	73	90
16	197	73
16	26	65
16	105	89
16	163	58
16	24	36
16	99	43
16	114	40
16	196	19
16	127	74
16	199	94
16	90	7
16	69	68
16	31	20
16	132	57
16	130	73
16	192	14
16	91	41
16	97	35
16	189	45
16	78	93
16	187	64
16	100	95
16	50	90
16	87	92
16	144	87
16	124	44
16	188	47
16	45	86
16	53	49
16	25	65
16	153	39
16	101	5
16	51	12
16	54	97
16	93	98
16	113	24
16	165	52
16	184	33
16	103	96
16	88	83
16	186	48
16	40	28
16	150	69
16	74	34
16	67	49
16	171	78
16	129	7
17	93	95
17	82	91
17	126	37
17	130	34
17	90	14
17	111	62
17	20	9
17	159	41
17	109	27
17	115	75
17	150	47
17	75	36
17	89	37
17	143	99
17	148	16
17	160	75
17	119	22
17	88	20
17	106	63
17	23	18
17	116	57
17	132	58
17	85	66
17	144	52
17	98	44
17	125	91
17	26	26
17	141	60
17	152	50
17	158	75
17	121	27
17	77	37
17	70	93
17	100	71
17	107	30
17	103	83
17	124	67
17	35	58
17	131	74
17	153	38
17	83	85
17	194	7
17	79	39
17	198	40
17	76	21
17	163	68
17	104	12
17	43	24
17	32	65
17	114	56
17	99	99
17	193	67
17	47	65
17	95	72
17	147	20
17	135	46
17	166	69
17	192	27
17	117	11
17	46	70
17	161	83
17	48	75
17	50	13
17	92	10
17	145	82
17	122	66
17	45	63
17	96	18
17	133	21
17	177	91
17	69	57
17	36	16
17	22	99
17	136	28
17	39	90
17	199	26
17	78	75
17	58	12
17	110	16
17	62	88
17	52	86
17	182	70
17	190	21
17	175	10
17	34	25
18	90	37
18	135	93
18	71	89
18	161	62
18	162	9
18	163	59
18	153	24
18	74	68
18	160	67
18	105	45
18	139	79
18	77	81
18	122	54
18	91	87
18	166	26
18	73	74
18	129	39
18	154	35
18	70	36
18	158	41
18	131	72
18	69	93
18	82	81
18	93	54
18	75	86
18	127	90
18	141	58
18	109	51
18	149	48
18	89	32
18	112	21
18	151	91
18	94	48
18	87	97
18	146	28
18	20	21
18	140	29
18	33	89
18	84	36
18	120	69
18	27	64
18	167	83
18	36	64
18	192	85
18	30	35
18	165	25
18	125	45
18	76	46
18	46	6
18	38	23
18	34	65
18	191	12
18	83	9
18	187	69
18	138	48
18	23	98
18	145	48
18	44	80
18	78	46
18	189	98
18	184	84
18	97	59
18	121	41
18	88	30
18	40	79
18	24	22
18	39	28
18	48	30
18	195	78
18	152	83
18	157	68
18	173	82
18	156	12
18	110	67
18	81	83
18	43	90
18	175	55
18	67	14
18	170	26
18	64	98
19	130	40
19	138	41
19	72	57
19	91	89
19	108	64
19	120	89
19	81	19
19	73	45
19	88	56
19	152	98
19	25	62
19	83	32
19	112	13
19	119	88
19	142	98
19	129	39
19	140	75
19	141	98
19	20	18
19	110	50
19	121	30
19	164	37
19	82	66
19	113	46
19	154	32
19	157	72
19	145	78
19	163	32
19	150	71
19	104	71
19	22	19
19	38	55
19	111	34
19	109	98
19	97	86
19	198	21
19	23	71
19	71	83
19	122	67
19	197	35
19	147	50
19	31	78
19	133	19
19	86	54
19	30	65
19	94	54
19	96	67
19	40	65
19	191	41
19	162	89
19	195	75
19	44	93
19	80	70
19	93	91
19	160	57
19	105	77
19	124	87
19	70	13
19	159	53
19	155	57
19	118	72
19	186	16
19	156	84
19	165	99
19	100	93
19	24	49
19	74	37
19	125	33
19	90	23
19	27	39
19	127	42
19	146	95
19	168	65
19	115	16
19	21	88
19	28	89
19	41	39
19	98	23
19	177	52
19	49	96
20	148	60
20	100	90
20	119	99
20	78	38
20	162	82
20	126	81
20	25	77
20	101	51
20	102	37
20	116	27
20	109	38
20	88	19
20	127	22
20	144	83
20	151	68
20	31	93
20	81	50
20	110	60
20	111	57
20	23	82
20	73	23
20	76	70
20	142	46
20	163	81
20	146	58
20	36	46
20	128	43
20	135	95
20	143	99
20	75	28
20	115	31
20	137	19
20	77	10
20	41	25
20	117	33
20	118	21
20	131	42
20	158	97
20	83	24
20	132	59
20	149	66
20	166	23
20	82	22
20	98	75
20	79	49
20	94	33
20	99	33
20	104	52
20	114	11
20	38	52
20	124	42
20	194	46
20	45	22
20	197	60
20	97	39
20	26	60
20	121	17
20	136	49
20	35	67
20	48	77
20	154	47
20	141	84
20	105	82
20	22	97
20	86	19
20	133	33
20	103	91
20	55	35
20	59	32
20	40	85
20	51	82
20	199	80
20	33	56
20	153	8
20	92	50
20	96	29
20	178	98
20	113	35
20	53	31
20	123	13
20	125	45
20	140	35
20	37	26
20	112	38
20	130	80
21	99	82
21	131	71
21	136	42
21	123	68
21	120	100
21	103	75
21	122	45
21	151	52
21	150	18
21	168	50
21	164	55
21	138	86
21	105	15
21	22	22
21	127	87
21	149	12
21	140	15
21	96	7
21	141	86
21	113	22
21	97	67
21	90	75
21	94	7
21	35	21
21	117	65
21	31	78
21	34	20
21	86	36
21	79	75
21	82	59
21	134	53
21	93	6
21	111	45
21	144	43
21	124	94
21	30	57
21	74	40
21	95	41
21	107	77
21	27	60
21	166	92
21	44	27
21	197	77
21	114	16
21	38	41
21	104	23
21	142	15
21	159	74
21	23	71
21	78	49
21	100	7
21	118	88
21	25	71
21	41	10
21	36	54
21	40	99
21	163	60
21	89	17
21	76	74
21	83	79
21	85	41
21	119	44
21	116	84
21	139	49
21	43	38
21	84	5
21	183	26
21	155	99
21	191	76
21	73	7
21	110	12
21	48	13
21	47	97
21	157	74
21	77	43
21	108	26
21	132	92
21	112	76
21	177	87
21	115	93
21	194	36
21	61	84
21	39	15
21	56	89
21	152	96
22	117	81
22	149	18
22	99	77
22	146	63
22	115	28
22	26	62
22	163	99
22	75	70
22	24	16
22	77	70
22	87	23
22	168	74
22	92	75
22	93	13
22	112	32
22	110	90
22	84	80
22	91	38
22	139	81
22	130	90
22	96	77
22	134	50
22	126	54
22	82	65
22	164	17
22	122	81
22	135	13
22	131	50
22	106	71
22	94	23
22	137	76
22	111	36
22	132	93
22	121	50
22	103	11
22	29	37
22	101	43
22	79	31
22	142	94
22	120	19
22	89	80
22	80	10
22	78	19
22	46	18
22	171	38
22	151	11
22	31	16
22	150	19
22	40	26
22	128	67
22	170	49
22	192	91
22	152	69
22	140	76
22	28	13
22	74	45
22	141	42
22	161	49
22	187	83
22	194	62
22	157	30
22	127	41
22	73	53
22	186	38
22	36	92
22	85	25
22	123	70
22	97	75
22	118	26
22	160	30
22	125	25
22	48	89
22	166	42
22	179	42
22	193	86
22	136	91
22	189	39
22	199	23
22	133	8
22	44	91
22	39	45
22	129	64
23	127	84
23	119	21
23	92	95
23	101	80
23	24	67
23	82	72
23	172	13
23	144	76
23	27	42
23	28	18
23	76	56
23	85	66
23	160	75
23	121	37
23	100	40
23	163	35
23	167	24
23	108	85
23	94	70
23	123	31
23	150	21
23	157	29
23	122	39
23	115	90
23	166	20
23	25	14
23	120	84
23	152	29
23	107	94
23	171	18
23	29	5
23	159	37
23	149	69
23	88	9
23	91	14
23	106	95
23	146	53
23	129	41
23	99	37
23	134	31
23	37	19
23	139	65
23	95	37
23	158	53
23	46	16
23	81	97
23	98	98
23	79	73
23	147	93
23	104	39
23	54	98
23	168	53
23	118	80
23	193	82
23	38	24
23	197	81
23	113	83
23	140	57
23	169	7
23	116	28
23	194	61
23	93	25
23	42	13
23	34	90
23	87	40
23	44	39
23	145	86
23	35	64
23	111	91
23	105	46
23	43	66
23	26	15
23	55	40
23	153	24
23	40	27
23	117	54
23	90	17
23	190	85
23	110	59
23	68	8
23	78	13
23	165	87
23	75	77
23	191	46
24	97	92
24	129	9
24	139	25
24	83	77
24	103	74
24	123	74
24	89	71
24	101	31
24	147	44
24	134	91
24	110	8
24	90	58
24	115	26
24	84	96
24	25	54
24	77	78
24	156	41
24	143	40
24	86	17
24	138	69
24	92	61
24	141	49
24	111	16
24	108	21
24	105	19
24	121	70
24	168	95
24	173	66
24	126	76
24	109	82
24	163	27
24	93	13
24	151	59
24	107	27
24	91	37
24	127	92
24	42	34
24	95	42
24	152	48
24	76	6
24	31	97
24	39	92
24	75	84
24	148	90
24	32	65
24	102	33
24	28	21
24	41	36
24	133	81
24	120	83
24	47	19
24	135	50
24	136	74
24	146	62
24	26	90
24	122	18
24	114	20
24	30	89
24	81	33
24	132	12
24	34	7
24	44	43
24	119	59
24	87	79
24	191	51
24	161	49
24	29	27
24	149	25
24	55	49
24	53	14
24	184	87
24	48	17
24	124	14
24	187	13
24	43	36
24	165	60
24	144	53
24	158	66
24	80	25
24	57	84
24	171	89
24	106	25
24	145	10
24	167	66
24	176	90
24	99	18
24	166	22
24	137	76
24	155	34
25	119	9
25	150	58
25	107	68
25	144	70
25	169	26
25	112	18
25	159	65
25	143	94
25	96	38
25	91	91
25	157	99
25	153	77
25	134	19
25	97	11
25	165	91
25	103	26
25	31	78
25	120	83
25	161	51
25	146	34
25	140	82
25	106	83
25	94	60
25	173	55
25	83	88
25	121	33
25	93	21
25	133	29
25	27	41
25	113	42
25	86	42
25	44	52
25	99	11
25	39	71
25	37	34
25	47	26
25	92	7
25	82	64
25	152	17
25	43	80
25	171	85
25	129	6
25	80	84
25	114	74
25	160	90
25	42	99
25	126	57
25	105	13
25	51	34
25	116	83
25	45	41
25	127	77
25	164	28
25	48	28
25	162	86
25	56	28
25	88	22
25	60	35
25	104	9
25	62	94
25	199	50
25	89	83
25	36	98
25	55	89
25	34	75
25	128	98
25	115	56
25	87	87
25	188	89
25	184	37
25	85	70
25	139	95
25	108	73
25	59	51
25	71	46
25	57	18
25	50	31
25	49	61
25	35	73
25	40	21
25	70	94
25	192	37
25	100	76
26	166	80
26	121	11
26	124	100
26	149	5
26	127	47
26	132	48
26	164	19
26	88	20
26	118	25
26	168	53
26	167	73
26	125	46
26	103	85
26	101	86
26	144	81
26	139	94
26	126	73
26	108	10
26	90	19
26	96	35
26	170	20
26	131	24
26	116	61
26	89	71
26	142	65
26	129	57
26	80	57
26	92	12
26	133	65
26	38	37
26	85	63
26	94	49
26	91	23
26	117	22
26	95	24
26	110	44
26	175	28
26	28	35
26	141	75
26	111	64
26	106	27
26	93	81
26	120	56
26	115	15
26	136	96
26	158	72
26	174	45
26	147	71
26	43	8
26	137	83
26	112	59
26	87	43
26	46	93
26	81	39
26	86	57
26	130	9
26	162	14
26	196	82
26	145	95
26	195	82
26	58	31
26	98	30
26	153	51
26	45	64
26	41	27
26	52	59
26	119	99
26	61	39
26	67	42
26	160	55
26	54	75
26	69	88
26	183	72
26	62	40
26	47	33
26	70	89
26	192	36
26	159	14
26	143	77
26	53	80
26	197	6
26	36	24
26	146	37
27	118	79
27	89	13
27	102	27
27	144	74
27	122	84
27	134	50
27	160	76
27	113	19
27	146	88
27	148	65
27	127	100
27	158	74
27	128	93
27	86	27
27	141	60
27	149	82
27	36	38
27	101	36
27	95	91
27	97	42
27	39	7
27	90	58
27	106	51
27	111	25
27	114	8
27	130	52
27	112	77
27	99	10
27	168	25
27	132	41
27	79	88
27	151	89
27	33	99
27	91	38
27	105	93
27	155	22
27	129	35
27	170	39
27	28	7
27	38	30
27	30	69
27	152	61
27	88	57
27	171	64
27	87	94
27	164	89
27	29	7
27	116	96
27	110	32
27	54	32
27	142	86
27	172	43
27	50	74
27	137	89
27	145	53
27	98	97
27	139	14
27	48	24
27	167	19
27	176	66
27	125	34
27	199	23
27	119	93
27	136	81
27	121	28
27	93	83
27	40	23
27	96	29
27	108	36
27	163	10
27	143	13
27	117	21
27	197	7
27	135	62
27	162	82
27	65	66
27	51	75
27	43	91
27	109	84
27	62	40
27	159	73
27	147	12
27	182	42
27	165	80
27	124	54
27	58	10
27	60	31
27	81	89
27	181	44
27	94	20
27	198	59
28	96	36
28	104	34
28	100	90
28	124	79
28	141	74
28	109	65
28	86	19
28	114	15
28	148	58
28	170	86
28	142	48
28	29	62
28	175	55
28	33	85
28	165	75
28	115	9
28	135	49
28	129	10
28	145	81
28	121	20
28	36	76
28	127	99
28	99	75
28	163	17
28	139	25
28	161	98
28	106	14
28	37	80
28	133	100
28	111	28
28	38	58
28	43	96
28	131	79
28	140	98
28	171	16
28	90	12
28	97	97
28	132	19
28	168	35
28	112	14
28	126	41
28	40	34
28	128	61
28	155	67
28	46	35
28	169	94
28	50	76
28	119	88
28	149	83
28	52	31
28	153	26
28	101	47
28	49	79
28	80	75
28	177	53
28	107	98
28	95	95
28	144	75
28	89	55
28	57	23
28	54	92
28	102	87
28	91	28
28	94	17
28	150	83
28	166	82
28	110	96
28	51	89
28	81	97
28	157	8
28	196	27
28	192	67
28	61	6
28	35	79
28	65	42
28	160	94
28	198	72
28	154	82
28	44	73
28	66	91
28	64	81
28	74	11
28	83	53
28	193	62
28	185	32
29	164	58
29	172	62
29	108	70
29	174	60
29	123	44
29	118	77
29	98	97
29	166	41
29	105	50
29	126	70
29	35	97
29	137	12
29	129	14
29	89	39
29	100	8
29	143	68
29	31	99
29	36	71
29	95	59
29	138	18
29	161	36
29	151	90
29	147	95
29	38	61
29	103	5
29	114	36
29	127	65
29	169	25
29	150	62
29	159	84
29	112	51
29	124	55
29	120	67
29	43	95
29	87	32
29	144	5
29	122	69
29	145	21
29	177	37
29	146	75
29	132	34
29	158	43
29	142	58
29	81	82
29	109	70
29	84	81
29	41	61
29	115	48
29	154	18
29	45	59
29	34	8
29	39	40
29	99	89
29	51	78
29	155	60
29	168	87
29	153	67
29	194	29
29	165	22
29	53	39
29	170	89
29	173	62
29	37	72
29	149	59
29	47	67
29	93	83
29	157	35
29	121	83
29	59	40
29	69	66
29	171	39
29	119	23
29	91	48
29	104	20
29	63	24
29	102	50
29	94	22
29	192	38
30	94	48
30	98	85
30	107	24
30	140	28
30	175	79
30	130	92
30	160	61
30	93	80
30	141	11
30	101	58
30	116	36
30	154	80
30	166	76
30	138	73
30	136	62
30	162	95
30	142	96
30	117	98
30	127	100
30	81	51
30	161	20
30	177	98
30	129	16
30	38	96
30	108	6
30	104	43
30	105	88
30	87	25
30	83	5
30	44	35
30	35	93
30	112	78
30	123	91
30	147	86
30	42	99
30	125	62
30	91	71
30	122	81
30	134	57
30	146	16
30	164	42
30	173	75
30	95	20
30	131	21
30	135	53
30	96	14
30	179	74
30	86	29
30	90	50
30	102	84
30	111	42
30	158	40
30	92	71
30	53	24
30	49	36
30	178	95
30	176	71
30	144	55
30	31	41
30	174	66
30	151	60
30	109	30
30	57	57
30	198	33
30	82	87
30	199	55
30	106	76
30	137	14
30	33	51
30	59	67
30	155	26
30	165	31
30	51	91
30	167	76
30	152	57
30	159	34
30	143	32
30	85	9
30	120	6
30	60	67
30	63	9
30	72	56
30	128	71
30	34	69
30	52	49
30	67	33
31	171	63
31	142	55
31	108	32
31	109	62
31	124	33
31	103	87
31	32	21
31	178	85
31	111	74
31	131	62
31	156	68
31	160	30
31	37	32
31	90	77
31	136	32
31	172	20
31	35	54
31	129	28
31	133	76
31	92	57
31	104	33
31	122	34
31	169	24
31	83	17
31	87	57
31	95	31
31	97	45
31	138	57
31	158	14
31	147	5
31	39	31
31	46	79
31	145	20
31	38	35
31	135	59
31	173	78
31	180	69
31	91	54
31	140	70
31	152	70
31	123	26
31	165	87
31	134	8
31	154	28
31	153	35
31	43	26
31	159	12
31	167	9
31	116	54
31	137	40
31	107	56
31	126	80
31	100	97
31	141	20
31	143	42
31	151	86
31	148	44
31	146	31
31	82	32
31	175	43
31	63	78
31	41	97
31	45	49
31	52	59
31	177	15
31	179	91
31	58	51
31	85	80
31	197	50
31	62	83
31	50	9
31	49	95
31	67	86
31	195	69
31	54	80
31	99	27
31	55	30
31	112	25
31	168	74
31	65	23
31	66	44
31	53	84
31	155	42
31	121	35
31	47	5
31	157	94
31	166	59
31	73	73
31	36	35
31	57	47
31	199	21
31	120	73
31	161	86
31	70	28
32	130	33
32	161	33
32	171	92
32	126	92
32	115	59
32	140	69
32	104	6
32	124	86
32	99	31
32	93	59
32	127	52
32	170	33
32	114	66
32	138	27
32	178	26
32	118	90
32	167	53
32	136	69
32	132	37
32	166	58
32	109	83
32	181	88
32	96	62
32	47	28
32	48	52
32	85	48
32	86	41
32	84	91
32	153	22
32	149	63
32	94	23
32	120	87
32	156	98
32	179	74
32	173	42
32	88	73
32	103	32
32	110	37
32	41	14
32	52	11
32	44	6
32	87	94
32	34	45
32	92	64
32	169	48
32	102	62
32	150	35
32	128	52
32	144	97
32	159	16
32	50	75
32	53	59
32	139	20
32	90	89
32	145	82
32	129	63
32	116	26
32	100	93
32	91	59
32	119	92
32	65	9
32	38	47
32	83	71
32	154	35
32	37	89
32	69	12
32	113	33
32	151	40
32	158	60
32	163	58
32	196	75
32	60	41
32	43	27
32	142	73
32	33	27
32	141	79
32	162	93
32	155	42
32	186	54
32	75	40
32	98	34
33	109	77
33	132	96
33	150	66
33	123	27
33	100	12
33	142	39
33	124	42
33	164	52
33	170	95
33	149	30
33	173	28
33	146	38
33	156	49
33	89	32
33	152	67
33	110	41
33	163	95
33	103	17
33	36	14
33	96	53
33	115	52
33	180	43
33	135	23
33	102	61
33	43	70
33	144	46
33	39	66
33	177	14
33	159	31
33	151	18
33	94	24
33	40	12
33	88	87
33	84	64
33	179	68
33	95	54
33	117	13
33	140	7
33	119	25
33	178	83
33	155	49
33	52	52
33	53	15
33	57	97
33	125	35
33	112	14
33	128	33
33	47	37
33	168	35
33	58	8
33	93	38
33	106	67
33	113	52
33	133	71
33	137	87
33	147	61
33	49	24
33	121	17
33	60	57
33	97	83
33	158	88
33	55	77
33	61	76
33	92	91
33	35	74
33	98	32
33	54	18
33	198	91
33	141	54
33	62	82
33	175	66
33	199	18
33	138	23
33	191	52
33	118	16
33	73	31
33	174	26
33	50	91
33	153	31
33	176	84
33	197	39
33	69	40
33	162	61
33	71	60
33	161	80
33	34	12
33	122	66
33	185	12
33	190	11
33	83	10
33	166	25
34	166	99
34	143	83
34	105	64
34	182	93
34	154	43
34	94	32
34	126	78
34	177	40
34	156	68
34	128	20
34	142	27
34	131	33
34	146	61
34	123	14
34	183	12
34	116	34
34	118	44
34	124	6
34	109	62
34	102	23
34	92	19
34	149	34
34	179	73
34	157	5
34	145	49
34	180	79
34	35	9
34	113	10
34	48	39
34	95	44
34	114	53
34	144	45
34	132	20
34	139	44
34	91	90
34	108	7
34	141	22
34	127	61
34	39	18
34	175	22
34	136	60
34	112	28
34	160	39
34	110	26
34	163	19
34	49	64
34	97	59
34	40	28
34	178	84
34	51	35
34	93	55
34	133	21
34	43	64
34	63	82
34	150	92
34	122	7
34	59	36
34	174	65
34	41	99
34	62	16
34	134	81
34	138	71
34	88	9
34	153	37
34	140	12
34	169	55
34	107	26
34	165	96
34	67	26
34	148	80
34	151	64
34	111	23
34	70	12
34	52	53
34	75	42
34	99	32
34	44	49
34	90	79
34	72	86
34	76	70
34	89	9
34	196	53
35	101	34
35	110	68
35	136	99
35	96	28
35	125	28
35	157	70
35	146	73
35	155	81
35	104	51
35	159	59
35	133	31
35	168	88
35	130	63
35	148	14
35	132	21
35	138	81
35	127	86
35	126	96
35	183	81
35	119	18
35	95	76
35	149	53
35	140	47
35	177	43
35	120	45
35	150	10
35	128	36
35	39	37
35	181	40
35	90	67
35	143	9
35	167	64
35	137	97
35	40	38
35	89	15
35	144	51
35	172	78
35	43	17
35	49	58
35	124	11
35	88	45
35	154	58
35	156	7
35	118	51
35	52	58
35	123	48
35	113	88
35	108	35
35	115	93
35	184	31
35	91	27
35	42	32
35	37	36
35	178	9
35	151	7
35	103	25
35	60	13
35	46	97
35	97	90
35	106	32
35	63	20
35	102	87
35	59	43
35	142	23
35	161	15
35	162	33
35	41	47
35	58	72
35	76	66
35	75	93
35	74	51
35	93	6
35	71	17
35	182	95
35	165	46
35	53	8
35	38	89
35	73	48
35	193	89
36	129	12
36	116	69
36	181	38
36	118	36
36	114	68
36	38	49
36	171	27
36	122	11
36	92	42
36	100	31
36	179	66
36	133	23
36	94	33
36	156	26
36	142	83
36	162	11
36	113	51
36	87	99
36	161	24
36	134	95
36	173	73
36	42	54
36	45	93
36	109	6
36	159	72
36	168	77
36	96	36
36	128	48
36	93	61
36	130	34
36	167	33
36	157	91
36	164	37
36	44	19
36	132	85
36	111	80
36	184	72
36	178	84
36	37	12
36	121	70
36	106	53
36	54	83
36	182	8
36	47	42
36	143	23
36	150	54
36	120	92
36	88	21
36	149	76
36	145	27
36	56	45
36	40	24
36	57	76
36	153	8
36	98	96
36	138	43
36	103	82
36	50	51
36	107	60
36	66	7
36	175	53
36	169	30
36	46	13
36	163	59
36	185	15
36	119	89
36	172	17
36	124	68
36	105	26
36	62	13
36	60	63
36	154	25
36	176	34
36	95	76
36	68	88
36	99	26
36	152	50
36	39	81
36	48	84
36	166	16
36	197	50
36	67	71
36	148	12
36	101	59
36	53	31
36	135	41
36	74	66
36	80	36
36	102	39
36	192	69
36	110	5
36	144	16
37	136	35
37	180	57
37	151	96
37	141	96
37	183	50
37	123	48
37	105	70
37	174	23
37	186	45
37	98	19
37	166	46
37	178	19
37	108	91
37	101	60
37	110	83
37	41	40
37	145	68
37	102	7
37	100	6
37	164	23
37	137	99
37	129	34
37	139	79
37	47	92
37	124	54
37	172	28
37	120	79
37	176	78
37	181	57
37	89	40
37	39	27
37	46	62
37	48	54
37	114	87
37	142	98
37	148	20
37	90	42
37	163	63
37	143	32
37	156	100
37	146	71
37	128	45
37	170	15
37	59	75
37	165	63
37	104	96
37	45	57
37	61	19
37	184	12
37	58	68
37	97	98
37	52	29
37	140	57
37	92	79
37	55	61
37	49	26
37	62	53
37	179	57
37	171	84
37	135	72
37	167	96
37	127	89
37	96	94
37	111	52
37	158	71
37	133	91
37	160	45
37	53	77
37	50	60
37	122	44
37	60	6
37	130	84
37	162	85
37	115	13
37	71	83
37	134	78
37	138	89
37	185	95
37	66	31
37	175	21
37	119	82
37	40	38
37	64	13
37	83	88
37	152	78
37	192	24
37	125	70
37	195	29
37	44	84
37	121	35
37	177	91
38	135	80
38	99	40
38	100	39
38	177	58
38	133	17
38	115	23
38	117	41
38	155	55
38	183	95
38	179	36
38	136	29
38	138	61
38	114	82
38	127	53
38	142	52
38	98	99
38	150	27
38	90	6
38	97	15
38	103	70
38	131	71
38	112	83
38	43	19
38	125	8
38	92	66
38	156	30
38	185	81
38	111	18
38	167	75
38	145	95
38	161	49
38	52	35
38	54	31
38	122	16
38	151	93
38	163	15
38	110	75
38	130	56
38	104	24
38	121	43
38	152	90
38	124	39
38	139	85
38	50	9
38	146	42
38	118	64
38	42	86
38	44	34
38	134	92
38	120	55
38	51	26
38	113	82
38	174	44
38	61	46
38	180	77
38	102	85
38	171	87
38	160	66
38	68	32
38	108	41
38	89	86
38	96	37
38	178	23
38	169	82
38	74	84
38	168	52
38	132	8
38	41	18
38	165	92
38	62	76
38	75	96
38	126	95
38	55	14
38	72	68
38	64	43
38	53	84
38	46	51
38	84	87
38	70	56
38	48	8
38	66	28
38	71	51
38	123	96
38	147	72
39	147	67
39	174	76
39	94	50
39	163	11
39	176	20
39	161	75
39	40	35
39	108	97
39	91	66
39	45	28
39	97	60
39	134	7
39	152	92
39	139	12
39	136	29
39	186	57
39	172	25
39	179	69
39	119	61
39	168	86
39	188	10
39	46	32
39	109	42
39	92	53
39	151	88
39	41	32
39	143	32
39	49	37
39	156	81
39	182	64
39	183	95
39	154	29
39	118	79
39	171	84
39	57	52
39	117	50
39	125	91
39	169	13
39	137	23
39	99	18
39	144	60
39	51	22
39	162	45
39	59	16
39	110	44
39	159	79
39	95	59
39	61	85
39	138	97
39	133	82
39	146	81
39	142	98
39	55	54
39	70	51
39	153	28
39	127	23
39	106	56
39	155	93
39	103	35
39	181	22
39	113	85
39	105	25
39	67	45
39	56	72
39	135	53
39	66	61
39	177	45
39	69	34
39	166	55
39	65	29
39	52	45
39	54	78
39	93	24
39	68	96
39	132	61
39	131	68
39	50	20
39	121	95
39	178	70
39	90	98
39	86	60
39	42	48
40	127	29
40	112	74
40	178	26
40	42	65
40	142	84
40	120	5
40	92	84
40	137	56
40	97	92
40	187	62
40	96	74
40	188	69
40	109	75
40	110	21
40	41	95
40	180	41
40	105	58
40	140	90
40	129	44
40	157	27
40	154	18
40	133	84
40	49	65
40	128	36
40	149	54
40	45	67
40	95	94
40	186	57
40	172	14
40	185	20
40	100	53
40	118	81
40	117	35
40	93	15
40	132	32
40	151	36
40	56	22
40	106	41
40	170	66
40	113	56
40	160	22
40	173	77
40	168	86
40	50	80
40	124	77
40	121	23
40	47	71
40	171	14
40	179	64
40	122	85
40	98	33
40	64	29
40	189	71
40	143	95
40	162	62
40	131	8
40	71	9
40	175	12
40	169	62
40	104	46
40	119	50
40	134	57
40	46	76
40	102	31
40	174	64
40	108	51
40	181	86
40	165	6
40	72	34
40	63	70
40	161	35
40	74	53
40	69	66
40	84	47
40	76	38
40	58	54
41	138	62
41	183	7
41	166	17
41	122	99
41	179	82
41	111	23
41	139	66
41	152	69
41	167	86
41	95	28
41	145	40
41	173	23
41	119	45
41	171	68
41	176	63
41	99	85
41	154	55
41	178	7
41	182	37
41	163	26
41	158	7
41	94	38
41	153	90
41	169	52
41	98	72
41	47	62
41	53	97
41	100	7
41	103	24
41	157	98
41	117	11
41	92	7
41	96	68
41	155	95
41	165	67
41	57	24
41	162	52
41	43	80
41	116	56
41	120	57
41	137	55
41	181	43
41	187	90
41	129	55
41	97	53
41	109	95
41	164	79
41	59	31
41	66	11
41	54	49
41	52	14
41	159	24
41	45	28
41	133	34
41	58	47
41	112	56
41	64	33
41	49	98
41	134	74
41	144	88
41	110	17
41	180	9
41	189	58
41	73	65
41	61	38
41	123	11
41	188	73
41	149	34
41	105	79
41	115	7
41	168	73
41	104	45
41	124	55
41	190	49
41	60	86
41	76	35
41	62	66
41	147	22
41	127	94
41	108	91
41	83	66
41	84	7
41	78	53
41	82	48
41	118	78
42	178	84
42	103	40
42	94	13
42	156	62
42	191	53
42	142	21
42	132	50
42	120	55
42	135	30
42	109	34
42	134	26
42	130	79
42	133	52
42	114	92
42	165	78
42	44	46
42	166	5
42	129	48
42	100	43
42	136	36
42	97	42
42	45	13
42	119	74
42	95	57
42	190	28
42	152	84
42	149	74
42	151	10
42	189	26
42	179	60
42	177	31
42	102	85
42	57	66
42	112	86
42	118	7
42	150	72
42	60	15
42	148	16
42	172	42
42	184	77
42	106	7
42	55	46
42	70	36
42	128	18
42	56	59
42	137	89
42	101	60
42	140	37
42	186	65
42	51	51
42	162	7
42	61	65
42	183	52
42	168	99
42	74	66
42	93	44
42	63	85
42	170	43
42	43	26
42	144	22
42	147	97
42	124	75
42	68	37
42	164	33
42	50	40
42	85	81
42	181	83
42	117	40
42	143	46
42	111	45
42	76	90
42	71	26
42	105	47
42	84	36
42	98	52
42	159	76
42	125	49
42	161	17
42	196	18
42	113	70
43	134	24
43	158	21
43	184	64
43	45	79
43	163	71
43	108	90
43	147	21
43	143	86
43	154	81
43	111	24
43	104	97
43	172	20
43	99	86
43	151	74
43	121	43
43	185	9
43	94	34
43	101	41
43	144	24
43	127	62
43	152	77
43	48	46
43	95	68
43	138	23
43	166	67
43	113	10
43	123	46
43	50	61
43	97	87
43	170	31
43	168	81
43	186	31
43	129	35
43	180	25
43	137	25
43	135	84
43	161	79
43	53	73
43	141	38
43	122	49
43	62	93
43	190	34
43	96	51
43	149	5
43	175	24
43	182	77
43	169	29
43	131	68
43	54	48
43	160	27
43	148	59
43	73	13
43	58	93
43	119	57
43	69	49
43	51	43
43	191	24
43	60	20
43	178	77
43	132	61
43	136	51
43	44	38
43	164	7
43	75	73
43	117	51
43	155	87
43	171	54
43	102	76
43	57	41
43	153	17
43	159	68
43	64	51
43	120	60
43	46	59
43	52	37
44	108	40
44	119	79
44	101	70
44	116	96
44	171	22
44	180	23
44	120	95
44	102	22
44	45	41
44	145	38
44	48	21
44	141	70
44	177	65
44	144	28
44	133	41
44	155	38
44	186	34
44	172	71
44	107	7
44	149	57
44	179	15
44	103	75
44	161	95
44	181	57
44	125	13
44	129	88
44	131	96
44	106	71
44	148	20
44	157	97
44	112	81
44	126	7
44	130	55
44	167	73
44	46	36
44	146	69
44	174	95
44	185	78
44	53	68
44	184	14
44	60	39
44	162	10
44	47	68
44	110	54
44	66	65
44	99	60
44	64	59
44	109	23
44	159	67
44	151	90
44	50	70
44	111	38
44	98	26
44	190	25
44	113	36
44	100	24
44	115	31
44	152	64
44	153	17
44	49	26
44	61	80
44	187	97
44	67	55
44	57	46
44	140	29
44	136	30
44	158	49
44	68	54
44	63	21
44	81	67
44	85	22
44	143	19
44	169	84
44	160	54
44	138	13
44	150	36
44	168	65
44	163	28
44	95	59
45	116	74
45	109	83
45	150	25
45	130	56
45	155	77
45	119	21
45	117	52
45	128	86
45	153	26
45	160	17
45	142	54
45	106	51
45	113	30
45	151	73
45	159	85
45	191	5
45	186	47
45	175	58
45	120	84
45	127	77
45	139	65
45	163	74
45	104	56
45	188	62
45	134	17
45	154	46
45	173	39
45	190	33
45	61	94
45	126	18
45	166	44
45	165	11
45	157	89
45	58	22
45	50	82
45	97	84
45	129	86
45	62	55
45	170	66
45	65	62
45	48	59
45	137	78
45	141	85
45	140	38
45	125	51
45	53	41
45	146	35
45	55	65
45	107	68
45	174	79
45	180	91
45	144	70
45	167	33
45	184	33
45	47	41
45	54	37
45	96	72
45	52	99
45	69	18
45	101	90
45	114	60
45	136	73
45	131	79
45	71	29
45	181	94
45	100	44
45	67	76
45	135	9
45	149	74
45	179	34
45	73	51
45	46	91
45	156	67
45	88	19
45	111	47
45	118	11
45	82	59
45	198	73
45	68	8
46	166	19
46	168	38
46	163	46
46	183	88
46	187	15
46	159	13
46	105	98
46	143	27
46	155	99
46	106	36
46	97	11
46	137	7
46	98	16
46	119	85
46	48	95
46	135	36
46	145	39
46	167	63
46	134	8
46	154	61
46	174	43
46	58	52
46	162	22
46	114	19
46	157	6
46	109	13
46	130	25
46	177	25
46	150	78
46	172	63
46	49	72
46	66	9
46	176	95
46	126	40
46	149	65
46	181	68
46	160	25
46	61	14
46	189	13
46	140	79
46	70	87
46	108	59
46	120	48
46	142	30
46	115	57
46	161	46
46	164	24
46	69	14
46	151	32
46	72	19
46	186	69
46	74	82
46	77	62
46	128	24
46	78	48
46	169	24
46	147	9
46	170	71
46	123	21
46	110	28
46	55	100
46	124	6
46	131	70
46	117	15
46	180	75
46	127	34
46	92	99
46	54	81
46	63	57
47	195	87
47	99	67
47	196	36
47	117	62
47	150	62
47	102	73
47	138	72
47	98	11
47	148	100
47	176	69
47	54	30
47	114	57
47	103	29
47	112	75
47	190	79
47	118	8
47	145	29
47	133	74
47	105	59
47	113	57
47	115	45
47	127	71
47	151	67
47	157	15
47	177	97
47	192	60
47	134	82
47	49	98
47	160	74
47	184	62
47	183	58
47	142	33
47	175	19
47	158	100
47	189	27
47	123	97
47	186	15
47	168	72
47	107	32
47	144	35
47	152	47
47	62	86
47	104	36
47	132	80
47	155	99
47	178	9
47	185	88
47	165	41
47	65	15
47	169	30
47	156	72
47	53	47
47	154	40
47	122	96
47	52	60
47	149	34
47	119	77
47	80	38
47	147	81
47	110	23
47	50	11
47	77	35
47	187	89
47	188	19
47	143	31
47	139	31
47	55	36
47	116	40
47	173	80
47	179	57
47	172	91
47	83	44
47	120	88
47	159	33
47	59	89
47	136	66
47	108	56
47	56	23
47	162	50
48	181	13
48	140	89
48	175	59
48	173	39
48	151	5
48	156	81
48	171	94
48	168	99
48	169	40
48	134	22
48	149	20
48	113	58
48	102	17
48	54	67
48	124	38
48	139	20
48	50	71
48	114	100
48	131	49
48	138	54
48	143	56
48	184	54
48	111	60
48	195	92
48	57	19
48	157	34
48	162	98
48	159	66
48	59	77
48	178	32
48	105	64
48	107	95
48	119	39
48	189	13
48	125	39
48	176	50
48	186	91
48	190	88
48	135	14
48	183	47
48	132	57
48	100	17
48	122	43
48	51	27
48	188	69
48	180	9
48	165	32
48	126	59
48	68	52
48	112	20
48	62	28
48	164	7
48	177	53
48	146	20
48	64	91
48	108	47
48	161	7
48	74	17
48	75	73
48	53	11
48	83	39
48	118	62
48	166	48
48	49	70
48	104	83
48	76	59
48	78	82
48	63	41
48	145	25
48	160	49
48	163	40
48	137	81
48	77	57
48	101	74
48	79	61
48	185	75
48	192	29
48	170	61
48	196	91
48	179	54
48	167	7
48	69	86
49	115	24
49	139	45
49	118	19
49	133	34
49	176	21
49	147	76
49	151	87
49	162	57
49	107	49
49	161	47
49	144	36
49	163	32
49	156	63
49	128	46
49	187	15
49	136	23
49	100	13
49	106	83
49	126	92
49	134	87
49	169	14
49	154	89
49	158	68
49	148	43
49	192	55
49	191	52
49	51	10
49	185	35
49	113	43
49	197	52
49	121	95
49	195	32
49	104	8
49	175	76
49	138	7
49	160	23
49	102	65
49	198	88
49	68	35
49	69	23
49	164	63
49	131	31
49	167	67
49	63	51
49	76	45
49	137	20
49	114	22
49	141	89
49	152	15
49	116	71
49	56	67
49	66	54
49	180	79
49	112	92
49	179	37
49	67	77
49	184	7
49	108	89
49	79	27
49	82	6
49	85	65
49	120	57
49	186	9
49	165	21
49	196	36
49	132	57
49	150	27
49	57	62
49	86	61
49	84	41
49	178	70
49	140	33
49	58	88
49	74	6
49	75	30
49	143	74
49	145	87
49	159	56
49	194	46
50	159	66
50	153	14
50	161	56
50	183	21
50	110	22
50	139	96
50	186	56
50	178	99
50	192	14
50	190	69
50	172	8
50	174	83
50	184	37
50	133	41
50	156	29
50	168	12
50	127	47
50	199	85
50	181	35
50	102	26
50	160	76
50	134	81
50	170	32
50	126	65
50	58	76
50	51	8
50	166	16
50	180	46
50	193	87
50	150	88
50	185	88
50	151	41
50	57	89
50	144	52
50	169	18
50	54	39
50	105	27
50	106	14
50	123	72
50	129	38
50	154	49
50	148	85
50	137	12
50	189	51
50	175	74
50	115	25
50	197	50
50	69	15
50	155	36
50	140	64
50	74	55
50	182	42
50	63	92
50	72	86
50	84	16
50	56	57
50	138	35
50	53	44
50	64	92
50	135	34
50	119	74
50	83	24
50	67	74
50	194	70
50	124	98
50	125	38
50	61	20
50	89	86
50	103	76
50	164	81
50	95	62
50	79	49
51	154	21
51	198	28
51	169	9
51	127	34
51	149	94
51	172	85
51	157	78
51	182	31
51	148	44
51	196	44
51	193	66
51	171	92
51	163	9
51	152	17
51	140	42
51	161	28
51	60	53
51	57	44
51	55	43
51	112	27
51	166	79
51	108	93
51	173	62
51	177	70
51	164	45
51	59	61
51	107	51
51	183	56
51	65	25
51	118	58
51	180	30
51	119	29
51	123	88
51	155	81
51	105	62
51	62	40
51	138	66
51	147	75
51	150	95
51	109	74
51	102	76
51	160	37
51	185	80
51	167	92
51	128	13
51	165	73
51	156	51
51	146	49
51	133	78
51	53	41
51	159	35
51	74	35
51	184	73
51	135	18
51	61	71
51	143	22
51	194	44
51	120	51
51	174	35
51	78	7
51	179	33
51	69	90
51	129	71
51	58	60
51	82	66
51	145	89
51	186	57
51	85	98
51	56	17
51	132	11
51	72	34
51	162	91
51	76	57
51	77	31
51	195	34
51	131	67
51	106	32
51	139	26
51	64	30
51	86	17
51	151	22
51	170	40
52	143	79
52	128	60
52	152	98
52	159	75
52	131	34
52	141	16
52	136	62
52	108	90
52	117	23
52	142	58
52	175	61
52	107	8
52	170	87
52	178	17
52	130	22
52	171	14
52	163	54
52	176	13
52	104	89
52	122	34
52	61	80
52	161	39
52	186	78
52	56	37
52	135	50
52	65	50
52	150	59
52	148	53
52	187	8
52	125	35
52	165	22
52	70	33
52	174	20
52	182	93
52	195	91
52	72	51
52	106	61
52	119	87
52	140	29
52	149	11
52	199	55
52	62	64
52	194	45
52	73	93
52	124	33
52	129	96
52	71	67
52	158	54
52	114	99
52	151	88
52	188	60
52	55	58
52	197	12
52	76	95
52	118	31
52	79	85
52	146	30
52	198	97
52	58	77
52	185	41
52	112	23
52	59	25
52	155	34
52	191	66
52	173	14
52	86	27
52	74	89
52	80	55
52	181	94
52	184	29
52	162	16
52	64	80
52	83	89
52	145	96
52	85	19
52	156	72
52	133	17
52	60	18
52	166	8
52	103	8
52	168	63
52	78	72
52	144	26
52	82	36
52	127	22
52	147	79
52	172	91
53	159	45
53	131	73
53	182	83
53	189	14
53	194	88
53	151	13
53	124	86
53	156	49
53	122	22
53	105	13
53	166	78
53	114	44
53	121	82
53	56	49
53	167	43
53	61	59
53	185	83
53	170	93
53	172	16
53	186	5
53	179	48
53	130	94
53	118	87
53	175	11
53	141	63
53	147	53
53	136	69
53	127	9
53	63	65
53	132	57
53	155	84
53	110	74
53	183	7
53	160	46
53	149	27
53	74	20
53	116	35
53	162	86
53	158	16
53	161	73
53	125	88
53	54	93
53	108	97
53	81	27
53	188	14
53	195	45
53	83	98
53	120	41
53	152	93
53	187	75
53	191	97
53	197	40
53	79	23
53	164	87
53	69	86
53	82	38
53	143	79
53	193	22
53	171	49
53	154	87
53	176	75
53	113	98
53	75	96
53	129	40
53	111	16
53	180	51
53	58	49
53	135	45
53	67	29
53	64	25
53	93	56
53	87	33
53	98	80
53	104	24
53	144	70
53	146	54
53	55	35
53	62	64
53	90	97
53	139	33
54	132	50
54	153	64
54	155	63
54	116	62
54	173	17
54	146	64
54	126	74
54	122	29
54	139	39
54	199	39
54	174	31
54	108	93
54	131	42
54	179	44
54	148	83
54	140	78
54	161	76
54	190	24
54	189	74
54	187	34
54	133	6
54	197	38
54	188	8
54	125	68
54	127	30
54	165	55
54	150	24
54	129	97
54	134	76
54	119	47
54	170	97
54	168	75
54	194	64
54	112	48
54	181	37
54	145	13
54	72	32
54	180	17
54	113	43
54	178	93
54	195	62
54	136	19
54	183	72
54	163	26
54	62	60
54	74	50
54	141	49
54	160	38
54	81	76
54	124	23
54	120	13
54	192	29
54	182	92
54	138	64
54	154	30
54	128	93
54	159	17
54	73	38
54	151	86
54	172	15
54	59	45
54	117	79
54	176	24
54	169	48
54	137	35
54	167	89
54	71	25
54	144	64
54	171	75
54	95	83
54	121	48
54	123	9
54	56	60
54	57	40
54	166	9
54	164	92
54	147	30
54	68	46
54	110	85
54	184	22
54	58	66
54	135	48
54	142	46
54	65	75
54	76	60
54	100	25
54	118	18
55	147	46
55	117	97
55	184	69
55	115	57
55	153	7
55	189	100
55	111	46
55	144	44
55	163	21
55	186	29
55	122	73
55	148	69
55	108	63
55	121	87
55	169	56
55	57	7
55	110	50
55	174	98
55	183	58
55	158	84
55	188	91
55	160	87
55	116	89
55	198	60
55	135	42
55	107	92
55	141	30
55	199	98
55	136	15
55	140	52
55	187	47
55	194	75
55	146	45
55	150	11
55	157	75
55	143	10
55	58	31
55	152	39
55	195	42
55	71	69
55	56	93
55	138	16
55	74	37
55	131	31
55	119	44
55	175	59
55	120	89
55	166	25
55	185	50
55	109	75
55	75	45
55	106	83
55	181	31
55	83	11
55	178	22
55	162	60
55	59	36
55	114	77
55	73	63
55	170	9
55	142	24
55	86	37
55	61	12
55	180	62
55	164	94
55	90	33
55	190	30
55	161	30
55	130	52
55	145	55
55	91	92
55	139	20
55	167	34
55	72	76
55	60	76
55	179	18
55	76	11
55	89	23
56	128	93
56	138	35
56	199	63
56	156	56
56	137	35
56	140	18
56	182	53
56	184	48
56	134	7
56	63	13
56	112	52
56	110	18
56	159	33
56	107	10
56	169	87
56	119	61
56	124	74
56	109	29
56	148	86
56	135	13
56	191	42
56	66	25
56	153	21
56	132	91
56	120	19
56	123	76
56	194	62
56	147	32
56	139	65
56	114	21
56	121	23
56	177	89
56	165	45
56	65	81
56	108	48
56	116	25
56	197	45
56	62	69
56	152	69
56	175	92
56	170	85
56	180	36
56	185	62
56	79	99
56	64	97
56	192	28
56	117	33
56	69	76
56	129	34
56	174	51
56	136	35
56	187	53
56	80	94
56	76	80
56	133	33
56	190	50
56	157	75
56	150	75
56	164	92
56	57	57
56	173	94
56	67	32
56	85	37
56	176	10
56	74	99
56	86	30
56	149	66
56	60	25
56	78	93
56	71	28
56	179	40
56	146	74
56	167	9
56	141	73
56	181	6
56	186	17
56	91	94
56	113	93
56	198	63
56	163	28
56	122	53
57	198	10
57	147	50
57	187	63
57	136	46
57	154	68
57	190	89
57	129	7
57	184	92
57	132	87
57	155	11
57	185	11
57	182	78
57	162	100
57	176	28
57	195	37
57	127	61
57	58	97
57	66	58
57	196	22
57	111	7
57	114	25
57	115	35
57	137	11
57	156	38
57	160	80
57	72	33
57	183	85
57	172	73
57	131	26
57	194	24
57	110	98
57	161	82
57	63	92
57	140	62
57	158	30
57	75	64
57	61	12
57	124	18
57	199	50
57	67	83
57	188	10
57	169	92
57	133	34
57	191	93
57	168	42
57	74	71
57	134	85
57	179	5
57	80	47
57	143	72
57	87	71
57	64	13
57	139	87
57	159	60
57	197	26
57	125	84
57	113	88
57	78	82
57	62	9
57	167	85
57	70	24
57	112	18
57	116	40
57	77	92
57	68	88
57	81	46
57	151	8
57	122	8
57	153	6
57	175	59
57	90	13
57	163	96
57	95	38
57	109	96
57	59	51
57	165	15
57	121	44
57	73	22
57	166	95
57	96	30
57	145	14
57	99	14
57	93	5
58	192	63
58	144	12
58	194	11
58	136	61
58	157	56
58	164	14
58	131	83
58	172	97
58	173	72
58	135	81
58	145	11
58	170	75
58	59	32
58	155	18
58	177	87
58	60	96
58	159	89
58	138	14
58	183	28
58	134	66
58	64	96
58	182	44
58	129	22
58	149	37
58	126	52
58	123	24
58	117	26
58	124	37
58	188	9
58	116	40
58	62	41
58	158	50
58	71	31
58	174	63
58	65	42
58	73	81
58	118	31
58	132	86
58	153	83
58	163	82
58	152	21
58	166	77
58	184	81
58	119	99
58	189	15
58	110	8
58	121	47
58	70	88
58	140	25
58	78	37
58	76	77
58	79	52
58	186	57
58	63	34
58	87	21
58	175	88
58	130	48
58	150	49
58	197	56
58	74	40
58	75	76
58	160	34
58	139	57
58	196	7
58	198	46
58	72	42
58	137	80
58	114	26
58	128	12
58	82	19
58	109	6
58	181	73
58	120	9
58	81	45
58	93	99
58	88	89
59	158	7
59	133	67
59	187	61
59	121	80
59	113	10
59	192	18
59	167	96
59	115	97
59	134	28
59	138	61
59	144	11
59	64	66
59	197	80
59	189	91
59	146	95
59	195	90
59	196	92
59	123	73
59	63	51
59	176	51
59	174	32
59	128	42
59	194	36
59	122	81
59	68	46
59	136	49
59	129	45
59	186	63
59	135	43
59	60	8
59	178	39
59	116	37
59	163	35
59	142	15
59	125	70
59	149	41
59	110	17
59	164	33
59	69	88
59	66	82
59	169	59
59	190	64
59	152	98
59	170	70
59	145	71
59	124	88
59	159	13
59	172	75
59	82	73
59	132	91
59	188	38
59	80	40
59	120	21
59	173	31
59	89	54
59	130	96
59	191	30
59	198	91
59	94	13
59	81	12
59	179	77
59	73	24
59	100	70
59	166	25
59	61	24
59	141	61
59	137	15
59	183	63
59	62	18
60	189	36
60	179	21
60	118	30
60	167	79
60	175	13
60	123	42
60	119	18
60	151	64
60	139	41
60	169	20
60	199	61
60	153	72
60	188	96
60	185	99
60	176	34
60	136	42
60	190	54
60	184	38
60	158	39
60	160	45
60	129	6
60	186	60
60	172	22
60	112	54
60	162	71
60	137	68
60	70	55
60	178	30
60	180	33
60	161	91
60	177	75
60	124	46
60	126	82
60	77	78
60	127	33
60	197	98
60	76	20
60	80	52
60	78	90
60	69	13
60	114	13
60	183	65
60	71	74
60	66	42
60	83	55
60	113	13
60	117	13
60	170	36
60	61	67
60	142	99
60	120	11
60	62	81
60	131	83
60	141	32
60	128	79
60	96	88
60	165	86
60	187	87
60	191	36
60	67	23
60	86	10
60	156	19
60	152	66
60	195	95
60	134	46
60	81	7
60	145	80
60	99	49
60	98	92
60	198	63
60	75	27
61	113	96
61	191	73
61	168	69
61	138	18
61	153	85
61	118	88
61	198	54
61	151	15
61	172	95
61	152	68
61	66	73
61	112	71
61	144	34
61	135	57
61	154	11
61	124	38
61	146	56
61	116	13
61	193	72
61	167	57
61	115	96
61	181	73
61	72	34
61	197	65
61	141	69
61	64	35
61	187	96
61	133	100
61	69	24
61	145	25
61	185	81
61	196	57
61	137	7
61	175	25
61	174	42
61	117	5
61	129	27
61	199	30
61	71	67
61	78	63
61	62	52
61	87	90
61	148	76
61	84	57
61	183	9
61	163	36
61	77	49
61	65	47
61	67	95
61	130	55
61	180	68
61	92	42
61	179	52
61	165	58
61	93	89
61	91	33
61	88	70
61	114	17
61	134	41
61	192	70
61	120	58
61	194	83
61	188	60
61	149	47
61	82	60
61	94	34
61	140	93
61	159	70
61	100	49
61	195	56
61	186	53
61	104	25
61	119	27
61	182	83
61	105	51
61	121	66
61	132	49
61	173	74
61	171	20
62	169	42
62	133	11
62	150	81
62	181	25
62	138	59
62	192	40
62	151	72
62	159	65
62	162	91
62	188	68
62	165	28
62	143	39
62	144	83
62	170	78
62	174	5
62	129	49
62	69	32
62	158	19
62	128	29
62	134	9
62	140	93
62	189	42
62	190	8
62	152	66
62	178	60
62	63	59
62	153	46
62	157	92
62	114	27
62	166	96
62	73	90
62	177	10
62	131	39
62	185	96
62	180	72
62	191	41
62	65	21
62	64	65
62	67	69
62	126	46
62	125	90
62	147	88
62	68	56
62	121	82
62	186	59
62	164	46
62	88	55
62	72	49
62	198	90
62	145	93
62	75	67
62	81	20
62	122	82
62	119	37
62	175	11
62	83	27
62	132	96
62	79	84
62	71	97
62	113	43
62	155	42
62	196	81
62	80	45
62	187	28
62	197	55
62	66	12
62	161	55
62	74	51
62	102	19
63	198	9
63	127	37
63	147	70
63	126	20
63	186	8
63	121	34
63	170	42
63	64	77
63	155	25
63	187	62
63	141	73
63	153	18
63	168	32
63	191	6
63	176	91
63	156	90
63	116	39
63	71	79
63	124	13
63	160	29
63	157	25
63	183	7
63	74	20
63	180	77
63	75	42
63	68	96
63	193	56
63	120	28
63	134	68
63	199	81
63	178	40
63	129	54
63	197	50
63	173	18
63	161	97
63	132	13
63	177	45
63	171	47
63	140	65
63	142	92
63	67	64
63	73	23
63	189	8
63	184	46
63	144	38
63	182	20
63	130	78
63	85	58
63	135	45
63	148	69
63	90	36
63	149	55
63	162	45
63	133	44
63	188	42
63	87	38
63	66	85
63	84	15
63	158	86
63	86	5
63	145	22
63	192	83
63	81	73
63	98	28
63	143	23
63	181	67
63	175	30
63	166	30
63	77	59
63	91	89
63	89	9
63	70	30
63	97	54
63	136	75
63	83	77
63	114	36
63	117	35
63	196	61
63	99	89
63	76	61
63	101	84
63	159	87
63	82	84
63	95	26
63	88	87
63	107	94
64	186	30
64	137	80
64	134	42
64	67	50
64	167	33
64	133	80
64	162	95
64	159	95
64	144	69
64	140	39
64	120	98
64	181	28
64	74	64
64	152	50
64	174	33
64	131	52
64	121	58
64	187	17
64	128	82
64	82	43
64	148	15
64	194	92
64	118	95
64	126	11
64	189	76
64	176	32
64	143	17
64	83	66
64	163	30
64	86	59
64	168	36
64	136	64
64	85	38
64	93	87
64	175	16
64	81	11
64	183	91
64	156	60
64	195	50
64	185	29
64	145	49
64	158	98
64	160	64
64	197	20
64	73	41
64	151	48
64	173	91
64	72	27
64	196	18
64	129	48
64	166	46
64	71	26
64	75	14
64	135	5
64	68	65
64	161	88
64	177	18
64	106	71
64	146	81
64	105	62
64	116	92
64	122	28
64	190	88
64	77	8
64	180	10
64	87	100
64	178	72
64	193	25
65	143	36
65	123	75
65	152	51
65	156	64
65	196	48
65	120	89
65	173	10
65	131	71
65	142	89
65	188	13
65	167	31
65	119	41
65	154	92
65	162	68
65	172	44
65	166	15
65	192	41
65	129	27
65	178	47
65	139	23
65	67	87
65	182	29
65	163	39
65	176	10
65	117	74
65	126	91
65	75	53
65	66	6
65	71	22
65	171	74
65	137	50
65	155	86
65	78	68
65	69	32
65	190	69
65	189	79
65	151	33
65	79	74
65	186	61
65	141	12
65	77	82
65	197	17
65	159	33
65	72	41
65	148	33
65	169	34
65	116	71
65	128	41
65	157	8
65	177	12
65	170	79
65	92	77
65	122	67
65	193	26
65	127	5
65	82	12
65	185	43
65	88	74
65	150	77
65	136	28
65	94	49
65	180	23
65	91	72
65	149	60
65	125	10
65	194	34
65	121	51
65	70	32
65	199	64
65	118	96
65	132	81
65	158	83
65	87	11
65	104	69
65	198	61
65	130	19
66	142	54
66	118	88
66	139	60
66	184	92
66	140	41
66	135	20
66	143	78
66	161	18
66	175	67
66	150	66
66	179	29
66	183	74
66	151	70
66	191	9
66	117	96
66	166	94
66	170	16
66	199	37
66	178	68
66	171	29
66	141	52
66	190	21
66	72	71
66	155	99
66	193	42
66	188	48
66	154	96
66	68	24
66	138	7
66	131	16
66	176	10
66	169	12
66	177	63
66	149	39
66	121	80
66	120	99
66	189	77
66	76	75
66	84	74
66	158	33
66	164	86
66	187	54
66	197	54
66	172	45
66	173	82
66	129	96
66	93	78
66	85	45
66	91	15
66	119	67
66	86	63
66	126	8
66	82	44
66	88	89
66	185	90
66	78	13
66	92	100
66	73	6
66	156	94
66	134	81
66	128	67
66	157	33
66	81	61
66	79	97
66	105	55
66	186	72
66	95	11
66	111	59
66	132	84
66	99	99
66	192	73
66	87	24
67	183	21
67	164	16
67	179	84
67	189	7
67	180	21
67	154	42
67	134	50
67	166	25
67	122	69
67	150	72
67	121	10
67	163	66
67	126	90
67	167	11
67	137	86
67	165	38
67	147	10
67	142	80
67	171	25
67	194	6
67	75	49
67	185	41
67	141	68
67	174	41
67	68	40
67	169	65
67	77	95
67	128	92
67	78	77
67	140	66
67	170	91
67	120	16
67	149	73
67	172	65
67	86	96
67	82	69
67	157	18
67	146	57
67	178	66
67	190	90
67	143	70
67	76	50
67	92	74
67	198	94
67	139	38
67	173	20
67	144	39
67	177	69
67	83	93
67	97	24
67	118	71
67	99	55
67	148	29
67	160	96
67	101	54
67	151	75
67	129	76
67	70	84
67	155	44
67	84	40
67	90	20
67	93	99
67	95	68
67	103	8
67	74	70
67	107	42
67	79	30
67	132	36
67	85	62
67	72	80
67	133	76
67	124	82
67	96	48
68	156	83
68	166	9
68	146	90
68	175	51
68	161	86
68	167	17
68	177	65
68	131	32
68	170	95
68	163	88
68	69	27
68	150	29
68	132	43
68	138	91
68	133	51
68	71	89
68	122	17
68	199	95
68	178	53
68	73	23
68	169	55
68	172	96
68	147	65
68	192	84
68	136	21
68	182	95
68	128	63
68	174	49
68	159	78
68	121	97
68	124	29
68	184	62
68	149	59
68	86	49
68	123	6
68	190	43
68	152	64
68	168	71
68	179	33
68	85	42
68	75	43
68	155	99
68	158	72
68	143	36
68	157	39
68	134	10
68	196	66
68	90	37
68	181	8
68	98	19
68	198	24
68	91	16
68	82	44
68	84	84
68	107	16
68	162	38
68	83	85
68	140	45
68	197	18
68	154	79
68	186	25
68	114	75
68	105	30
68	97	47
68	110	74
68	104	51
68	109	71
69	177	89
69	122	30
69	178	13
69	176	34
69	165	54
69	154	10
69	126	34
69	149	54
69	168	71
69	169	69
69	170	36
69	189	55
69	145	80
69	73	66
69	156	66
69	183	13
69	129	13
69	146	64
69	198	5
69	175	38
69	148	92
69	171	18
69	155	62
69	77	16
69	128	22
69	191	76
69	190	80
69	130	5
69	80	11
69	166	62
69	138	86
69	151	77
69	127	73
69	147	59
69	85	21
69	88	51
69	172	34
69	174	63
69	187	93
69	173	35
69	71	71
69	92	11
69	120	9
69	75	73
69	153	28
69	186	69
69	180	42
69	140	53
69	135	17
69	193	12
69	123	54
69	160	88
69	76	32
69	159	86
69	157	27
69	101	47
69	94	46
69	143	58
69	93	59
69	134	37
69	185	71
69	83	58
69	179	24
69	90	9
69	136	39
69	150	35
69	182	70
69	188	46
69	74	55
69	142	19
69	70	24
69	82	18
69	144	8
69	104	40
70	196	21
70	136	37
70	162	64
70	130	69
70	170	21
70	127	28
70	156	71
70	194	12
70	182	50
70	195	64
70	199	69
70	132	86
70	160	99
70	125	49
70	164	44
70	76	29
70	193	94
70	184	56
70	187	73
70	131	12
70	157	13
70	171	95
70	73	41
70	145	83
70	181	56
70	172	94
70	139	87
70	148	26
70	192	26
70	158	20
70	146	35
70	155	51
70	129	24
70	77	17
70	126	28
70	197	88
70	88	68
70	179	12
70	173	35
70	97	59
70	82	18
70	96	94
70	153	6
70	166	41
70	91	9
70	178	59
70	175	41
70	99	26
70	165	74
70	74	53
70	102	24
70	174	51
70	143	62
70	140	16
70	85	93
70	79	80
70	163	71
70	154	14
70	168	40
70	133	81
70	103	81
70	134	30
70	128	92
70	101	9
70	122	93
70	92	32
71	127	79
71	125	14
71	176	27
71	194	54
71	195	56
71	197	83
71	145	74
71	178	6
71	179	20
71	152	42
71	126	87
71	72	47
71	192	97
71	177	32
71	196	38
71	132	11
71	166	78
71	170	22
71	198	10
71	164	22
71	140	46
71	124	83
71	137	20
71	175	41
71	184	31
71	128	77
71	131	97
71	147	66
71	150	83
71	168	21
71	151	86
71	181	8
71	83	68
71	122	90
71	73	12
71	159	46
71	123	12
71	134	65
71	82	21
71	89	29
71	173	60
71	149	32
71	165	98
71	189	79
71	191	79
71	190	49
71	75	98
71	136	70
71	146	52
71	85	19
71	79	80
71	97	94
71	94	63
71	100	83
71	77	80
71	86	8
71	193	57
71	156	20
71	84	55
71	171	27
71	93	44
71	78	7
71	158	27
71	115	41
71	162	74
71	106	12
71	186	6
71	141	11
71	161	36
72	133	84
72	141	7
72	160	90
72	154	23
72	197	72
72	162	64
72	186	24
72	177	77
72	134	69
72	193	81
72	195	33
72	180	84
72	187	74
72	80	28
72	74	81
72	170	53
72	124	40
72	129	37
72	181	69
72	198	88
72	87	7
72	190	83
72	175	25
72	163	88
72	73	9
72	165	67
72	179	6
72	188	54
72	143	16
72	79	33
72	81	26
72	127	36
72	148	74
72	78	25
72	130	60
72	185	89
72	172	27
72	192	30
72	199	83
72	176	93
72	189	24
72	77	33
72	140	34
72	157	46
72	142	74
72	167	54
72	173	47
72	191	99
72	97	11
72	151	40
72	149	53
72	94	50
72	158	36
72	182	13
72	98	8
72	83	63
72	153	12
72	168	72
72	132	33
72	93	42
72	110	29
72	159	17
72	150	60
72	125	63
72	131	84
72	89	36
72	115	84
72	85	61
72	196	67
72	123	71
72	183	59
72	118	13
73	189	6
73	151	33
73	154	69
73	170	42
73	157	91
73	181	72
73	182	57
73	177	67
73	190	58
73	167	87
73	124	49
73	198	36
73	186	55
73	147	33
73	129	98
73	169	59
73	192	13
73	197	98
73	161	94
73	81	48
73	166	52
73	183	83
73	76	95
73	164	77
73	153	38
73	184	46
73	126	33
73	125	22
73	199	15
73	79	25
73	145	86
73	180	57
73	96	59
73	138	15
73	196	14
73	187	73
73	92	95
73	97	89
73	178	74
73	140	28
73	175	62
73	103	71
73	89	97
73	137	77
73	93	38
73	168	57
73	78	15
73	158	55
73	156	72
73	77	94
73	86	52
73	135	100
73	85	15
73	173	68
73	109	60
73	193	31
73	160	80
73	114	54
73	80	57
73	74	70
73	94	90
73	141	23
73	172	94
73	113	8
73	88	56
73	191	41
73	155	38
73	132	12
73	165	13
74	188	56
74	132	83
74	199	55
74	179	40
74	75	86
74	160	78
74	128	38
74	171	30
74	76	93
74	139	81
74	176	61
74	189	72
74	193	65
74	125	26
74	145	85
74	157	44
74	134	48
74	147	15
74	141	8
74	154	19
74	192	60
74	130	23
74	135	20
74	181	87
74	163	33
74	142	64
74	195	88
74	187	13
74	83	74
74	178	68
74	133	34
74	87	95
74	126	48
74	191	73
74	184	41
74	150	81
74	153	86
74	88	77
74	93	90
74	82	82
74	99	24
74	190	14
74	143	28
74	173	97
74	156	40
74	138	28
74	144	42
74	78	80
74	152	42
74	166	97
74	168	31
74	164	71
74	103	93
74	105	38
74	174	76
74	100	64
74	196	56
74	101	50
74	121	34
75	171	88
75	157	98
75	139	9
75	185	65
75	181	47
75	190	38
75	184	75
75	78	70
75	165	27
75	199	82
75	177	16
75	82	49
75	149	16
75	137	61
75	159	89
75	193	58
75	176	7
75	76	39
75	158	96
75	182	45
75	150	58
75	183	20
75	87	81
75	151	92
75	88	20
75	140	16
75	156	7
75	197	91
75	134	80
75	175	21
75	189	79
75	154	61
75	133	61
75	143	61
75	80	96
75	187	70
75	196	31
75	141	94
75	91	52
75	170	35
75	77	97
75	86	73
75	155	20
75	131	30
75	135	53
75	138	12
75	194	65
75	85	11
75	93	40
75	148	46
75	188	53
75	198	42
75	81	58
75	126	73
75	89	63
75	102	94
75	99	36
75	169	7
75	96	96
75	178	20
75	166	41
75	110	22
75	173	71
75	109	64
75	146	90
75	94	27
75	101	91
75	95	13
75	115	80
75	191	73
75	97	91
75	124	18
76	177	22
76	173	22
76	170	11
76	143	70
76	198	43
76	134	73
76	190	12
76	130	60
76	137	45
76	82	10
76	166	21
76	186	94
76	79	79
76	128	66
76	154	99
76	147	46
76	131	44
76	169	52
76	174	10
76	187	34
76	182	83
76	133	71
76	163	96
76	196	76
76	91	54
76	189	94
76	181	37
76	152	51
76	178	27
76	191	10
76	88	66
76	144	42
76	141	70
76	81	43
76	165	17
76	157	79
76	151	60
76	192	77
76	194	54
76	138	79
76	92	48
76	94	94
76	164	10
76	135	18
76	84	84
76	167	14
76	171	69
76	172	46
76	97	67
76	103	14
76	183	10
76	109	89
76	146	75
76	161	67
76	199	70
76	179	83
76	185	39
76	100	89
76	110	19
76	193	16
76	150	46
76	80	19
76	195	63
77	163	46
77	191	75
77	128	49
77	195	63
77	177	79
77	182	49
77	185	89
77	197	95
77	154	96
77	199	99
77	174	52
77	178	22
77	158	82
77	186	37
77	183	44
77	81	91
77	79	12
77	169	63
77	149	23
77	84	72
77	187	66
77	168	31
77	198	19
77	161	77
77	132	76
77	145	55
77	92	37
77	165	60
77	140	52
77	90	92
77	167	53
77	166	27
77	151	59
77	147	49
77	89	66
77	159	84
77	94	71
77	139	21
77	100	82
77	137	56
77	189	24
77	172	62
77	152	25
77	130	47
77	142	17
77	85	87
77	153	19
77	141	5
77	95	18
77	146	12
77	78	73
77	109	9
77	160	83
77	179	21
77	113	51
77	196	36
77	80	35
77	88	30
77	175	97
77	86	40
77	162	25
77	156	50
77	97	82
77	114	57
77	96	85
77	93	40
77	181	14
77	129	8
77	112	62
77	138	99
77	134	43
77	119	89
78	157	63
78	159	40
78	140	11
78	149	21
78	158	100
78	165	73
78	164	21
78	151	64
78	171	47
78	132	55
78	176	72
78	189	78
78	143	91
78	162	95
78	191	40
78	183	15
78	137	57
78	147	41
78	156	73
78	170	71
78	152	83
78	146	71
78	79	21
78	195	21
78	130	69
78	133	23
78	169	65
78	172	88
78	181	81
78	166	13
78	161	22
78	194	99
78	96	70
78	107	92
78	179	81
78	153	96
78	145	37
78	199	72
78	97	48
78	188	59
78	88	79
78	192	90
78	114	69
78	89	19
78	136	62
78	84	17
78	135	29
78	86	65
78	110	67
78	99	82
78	142	35
78	106	11
78	182	81
78	101	61
78	155	84
78	91	76
78	193	33
78	138	96
78	131	17
78	123	48
78	196	52
78	117	95
78	126	76
78	80	58
78	134	85
79	140	50
79	142	25
79	144	62
79	147	73
79	166	80
79	193	70
79	199	9
79	145	82
79	136	20
79	195	86
79	169	51
79	162	97
79	172	48
79	132	60
79	146	5
79	160	18
79	88	52
79	137	57
79	187	12
79	164	8
79	157	53
79	86	54
79	95	56
79	90	64
79	93	48
79	87	15
79	151	98
79	138	28
79	178	16
79	171	95
79	156	51
79	143	30
79	174	80
79	181	72
79	131	84
79	84	83
79	186	38
79	168	38
79	83	29
79	102	11
79	148	48
79	96	90
79	89	74
79	152	57
79	197	34
79	167	13
79	150	48
79	179	86
79	122	80
79	80	88
79	141	66
79	85	99
79	114	98
79	158	69
79	194	65
79	99	43
80	141	65
80	164	45
80	182	42
80	138	77
80	152	95
80	156	66
80	146	14
80	145	75
80	157	57
80	159	22
80	173	6
80	178	100
80	167	35
80	172	34
80	187	29
80	148	74
80	179	86
80	183	23
80	136	37
80	181	48
80	82	57
80	177	85
80	184	70
80	191	39
80	175	93
80	84	51
80	153	83
80	147	38
80	166	98
80	131	96
80	154	12
80	194	83
80	169	62
80	132	80
80	90	77
80	168	82
80	174	31
80	150	49
80	176	54
80	91	18
80	135	62
80	180	57
80	186	61
80	149	27
80	188	59
80	101	69
80	98	17
80	140	31
80	81	58
80	170	95
80	189	98
80	185	44
80	199	77
80	103	38
80	93	55
80	109	98
80	120	77
80	92	17
80	94	46
80	193	23
80	88	93
80	87	79
80	142	73
80	162	52
80	133	26
80	195	71
80	123	66
80	143	26
80	116	45
80	137	97
80	105	12
81	170	72
81	188	11
81	176	75
81	174	63
81	180	26
81	185	17
81	137	53
81	167	50
81	191	47
81	179	48
81	166	65
81	190	67
81	158	34
81	164	43
81	195	68
81	160	65
81	149	64
81	153	77
81	186	32
81	92	37
81	177	91
81	155	10
81	93	17
81	172	92
81	163	31
81	169	44
81	98	32
81	139	10
81	159	74
81	157	49
81	198	50
81	145	7
81	142	81
81	165	42
81	86	57
81	132	85
81	104	70
81	135	81
81	196	18
81	85	84
81	101	95
81	148	78
81	99	9
81	197	55
81	82	11
81	156	96
81	107	99
81	193	76
81	147	75
81	182	52
81	150	91
81	151	66
81	184	21
81	143	66
81	114	34
81	194	18
81	94	11
81	108	53
81	87	59
81	136	23
81	90	41
81	187	91
81	119	25
81	173	14
82	192	42
82	153	7
82	188	58
82	184	39
82	176	64
82	155	37
82	169	11
82	177	45
82	141	41
82	194	21
82	152	24
82	199	70
82	189	70
82	157	33
82	175	57
82	197	51
82	164	90
82	170	91
82	185	9
82	83	48
82	172	12
82	84	72
82	160	30
82	186	84
82	179	22
82	137	35
82	89	99
82	158	8
82	154	33
82	196	24
82	183	93
82	187	94
82	139	23
82	110	55
82	105	35
82	98	21
82	136	24
82	156	66
82	109	66
82	108	93
82	102	54
82	140	15
82	100	52
82	94	82
82	133	98
82	112	5
82	119	94
82	124	74
82	147	58
82	171	80
82	85	6
82	106	53
82	116	91
82	193	26
82	131	46
83	186	71
83	169	22
83	145	50
83	158	87
83	137	45
83	148	51
83	187	19
83	184	27
83	147	79
83	135	37
83	183	61
83	171	34
83	89	35
83	177	21
83	163	49
83	156	21
83	153	15
83	173	56
83	85	82
83	178	52
83	197	82
83	165	38
83	140	70
83	195	88
83	160	80
83	90	14
83	84	26
83	144	84
83	155	32
83	193	70
83	192	29
83	138	63
83	110	25
83	151	43
83	111	68
83	95	94
83	112	24
83	167	76
83	96	90
83	142	28
83	114	21
83	87	72
83	146	78
83	180	73
83	175	42
83	117	51
83	170	51
83	164	64
83	92	57
83	152	70
83	157	24
83	188	66
83	102	29
83	86	85
83	107	55
83	103	75
83	122	83
83	150	59
83	161	98
84	142	48
84	149	7
84	162	79
84	148	31
84	150	11
84	186	74
84	180	10
84	179	92
84	143	25
84	85	80
84	93	55
84	196	76
84	171	43
84	155	36
84	141	46
84	136	26
84	152	8
84	198	30
84	158	45
84	159	41
84	170	96
84	146	94
84	92	36
84	190	37
84	187	98
84	96	21
84	182	6
84	195	33
84	107	46
84	153	95
84	89	97
84	165	73
84	90	61
84	191	81
84	144	48
84	183	38
84	110	10
84	167	99
84	105	51
84	94	56
84	111	97
84	139	67
84	135	49
84	178	9
84	192	46
84	88	43
84	137	72
84	108	73
84	172	89
84	109	91
84	194	42
84	95	53
84	112	80
84	115	88
84	101	27
84	98	94
84	128	63
84	130	71
84	174	58
85	146	99
85	149	10
85	192	10
85	137	15
85	86	74
85	164	58
85	184	28
85	154	87
85	169	20
85	187	11
85	191	99
85	197	13
85	198	98
85	90	73
85	150	25
85	151	51
85	174	51
85	142	42
85	145	45
85	196	90
85	159	44
85	89	30
85	143	54
85	93	99
85	152	91
85	139	56
85	156	73
85	177	9
85	157	54
85	167	23
85	172	85
85	163	6
85	171	43
85	175	16
85	180	61
85	88	97
85	104	94
85	106	96
85	111	83
85	182	43
85	147	94
85	176	8
85	195	65
85	165	67
85	99	64
85	108	54
85	194	35
85	116	10
85	94	8
85	113	50
85	117	29
85	173	10
85	101	70
85	118	94
85	110	26
85	112	16
85	122	57
85	98	9
85	185	59
85	123	35
85	92	78
85	166	49
85	136	61
85	160	88
85	188	45
85	193	45
86	167	27
86	184	56
86	182	75
86	149	74
86	154	8
86	145	13
86	166	75
86	151	46
86	188	55
86	95	55
86	87	38
86	94	90
86	179	82
86	164	15
86	176	82
86	161	50
86	148	78
86	159	23
86	175	69
86	162	57
86	195	10
86	90	50
86	153	30
86	155	35
86	199	75
86	160	81
86	177	20
86	183	58
86	103	49
86	96	94
86	170	8
86	180	61
86	181	8
86	174	48
86	169	31
86	189	21
86	91	69
86	193	81
86	163	78
86	107	95
86	143	52
86	144	20
86	114	85
86	141	78
86	118	98
86	104	19
86	187	59
86	138	28
86	173	54
86	121	50
86	111	43
86	119	13
86	105	86
87	139	79
87	170	51
87	155	62
87	160	36
87	151	47
87	199	39
87	186	6
87	141	65
87	157	34
87	162	47
87	150	96
87	93	68
87	189	49
87	185	55
87	147	15
87	164	82
87	159	13
87	187	72
87	191	88
87	195	25
87	165	42
87	142	20
87	96	94
87	158	22
87	101	98
87	198	81
87	103	56
87	179	18
87	104	36
87	190	78
87	90	27
87	92	19
87	99	40
87	173	10
87	102	27
87	167	59
87	88	78
87	98	90
87	146	55
87	181	70
87	140	62
87	107	97
87	184	50
87	145	57
87	97	9
87	161	34
87	138	96
87	176	54
87	105	80
87	188	98
87	194	5
87	193	6
87	125	50
87	121	65
87	183	85
87	106	14
87	123	81
87	91	76
87	163	59
87	114	51
87	131	19
87	174	21
87	148	42
87	144	83
88	168	100
88	165	86
88	172	88
88	188	11
88	192	75
88	175	16
88	91	45
88	95	84
88	187	19
88	98	16
88	153	5
88	159	80
88	186	57
88	139	45
88	194	50
88	171	56
88	169	13
88	174	66
88	97	67
88	147	33
88	189	75
88	152	35
88	151	12
88	145	47
88	92	37
88	181	7
88	178	54
88	106	45
88	140	76
88	157	40
88	141	95
88	111	80
88	185	73
88	150	27
88	163	85
88	119	85
88	193	64
88	90	73
88	115	11
88	143	82
88	102	92
88	104	79
88	149	40
88	158	10
88	183	19
88	195	75
88	148	32
88	170	84
88	113	86
88	133	29
88	160	17
88	173	29
89	170	90
89	90	48
89	166	80
89	197	50
89	193	16
89	178	77
89	181	86
89	156	31
89	172	45
89	194	22
89	180	35
89	142	34
89	146	61
89	149	18
89	169	42
89	158	87
89	176	19
89	165	36
89	177	7
89	94	94
89	97	15
89	105	8
89	150	9
89	152	59
89	96	90
89	174	30
89	109	80
89	110	92
89	111	45
89	143	90
89	114	9
89	154	44
89	117	36
89	196	37
89	179	92
89	106	86
89	140	82
89	153	53
89	186	50
89	92	35
89	103	85
89	195	82
89	95	58
89	107	41
89	164	61
89	167	25
89	157	44
89	148	16
89	123	47
89	120	98
89	135	72
89	128	30
89	118	54
89	163	59
89	145	94
90	91	29
90	187	25
90	171	78
90	160	10
90	164	29
90	155	52
90	170	68
90	149	57
90	167	95
90	159	37
90	95	49
90	199	91
90	99	95
90	175	80
90	146	67
90	194	52
90	97	86
90	182	17
90	188	18
90	177	95
90	158	96
90	142	18
90	195	71
90	98	23
90	104	77
90	109	52
90	108	85
90	151	96
90	150	97
90	102	87
90	106	90
90	94	73
90	153	84
90	180	22
90	181	56
90	196	53
90	186	32
90	112	24
90	93	12
90	141	64
90	96	86
90	114	21
90	111	15
90	100	55
90	110	32
90	144	86
90	117	37
90	124	93
90	148	58
90	178	84
90	198	13
90	132	36
90	165	96
90	121	62
90	179	76
90	115	87
90	127	72
90	118	12
91	154	49
91	156	36
91	174	34
91	142	59
91	160	48
91	196	37
91	98	47
91	197	55
91	173	36
91	194	15
91	153	75
91	100	98
91	145	29
91	157	97
91	180	82
91	170	97
91	164	51
91	146	80
91	161	79
91	181	89
91	92	91
91	93	15
91	144	33
91	176	14
91	147	24
91	155	89
91	110	43
91	94	81
91	97	33
91	171	28
91	162	41
91	179	95
91	172	80
91	199	52
91	105	13
91	116	41
91	152	82
91	195	24
91	192	88
91	185	31
91	189	77
91	168	75
91	198	99
91	118	91
91	130	92
91	159	43
91	107	88
91	102	75
91	99	74
91	165	45
91	133	75
91	111	14
91	148	79
91	178	48
91	96	77
91	136	10
91	149	6
91	114	40
92	199	80
92	185	63
92	160	26
92	175	56
92	150	83
92	174	98
92	180	46
92	93	71
92	182	99
92	156	18
92	94	97
92	191	56
92	164	31
92	152	65
92	153	27
92	183	44
92	162	43
92	171	80
92	188	70
92	161	24
92	103	33
92	145	12
92	110	37
92	179	14
92	159	90
92	190	61
92	109	82
92	194	11
92	114	87
92	151	59
92	144	62
92	192	68
92	165	60
92	115	86
92	101	86
92	121	44
92	173	41
92	187	22
92	119	69
92	127	35
92	102	55
92	129	43
92	126	38
92	146	27
92	125	49
92	96	42
92	158	24
92	181	63
92	195	50
92	198	55
92	124	29
92	176	70
92	184	9
92	99	40
92	137	74
92	128	19
92	140	73
92	138	8
93	177	12
93	193	10
93	173	23
93	174	35
93	172	87
93	197	61
93	189	69
93	180	22
93	160	73
93	144	60
93	95	21
93	96	43
93	182	26
93	99	17
93	194	11
93	161	47
93	167	31
93	176	76
93	192	12
93	155	26
93	196	77
93	115	88
93	181	86
93	116	7
93	191	19
93	179	93
93	166	7
93	105	36
93	149	52
93	190	19
93	113	57
93	157	96
93	195	18
93	145	58
93	183	72
93	118	66
93	185	48
93	175	10
93	108	49
93	125	32
93	170	7
93	111	39
93	124	68
93	165	10
93	128	42
93	150	30
93	126	18
93	112	20
93	139	99
93	127	56
93	151	96
93	198	52
94	151	29
94	165	49
94	180	5
94	147	58
94	161	25
94	178	38
94	185	80
94	163	55
94	191	13
94	159	55
94	102	77
94	183	84
94	150	38
94	158	24
94	110	76
94	172	38
94	169	62
94	189	67
94	175	31
94	198	43
94	176	8
94	157	47
94	167	74
94	108	63
94	190	97
94	184	61
94	148	77
94	104	41
94	186	57
94	125	36
94	149	9
94	194	33
94	196	34
94	126	84
94	130	37
94	192	67
94	106	67
94	98	94
94	166	49
94	122	8
94	133	66
94	131	78
94	173	28
94	160	5
94	153	92
94	128	90
94	197	40
94	195	50
94	107	28
95	162	8
95	179	50
95	98	65
95	181	48
95	189	62
95	180	88
95	198	31
95	182	35
95	152	65
95	195	92
95	192	28
95	193	26
95	196	62
95	146	49
95	103	59
95	147	73
95	101	95
95	154	42
95	197	34
95	148	24
95	178	70
95	188	68
95	173	33
95	190	49
95	172	51
95	155	45
95	156	6
95	150	33
95	163	33
95	164	46
95	157	57
95	170	11
95	113	48
95	96	90
95	159	80
95	171	99
95	106	95
95	122	86
95	187	80
95	166	79
95	118	81
95	108	13
95	127	30
95	100	91
95	112	42
95	99	8
95	121	32
95	165	41
95	130	36
95	160	22
95	183	16
95	151	67
95	158	75
95	104	95
95	191	70
95	176	80
95	126	69
95	199	82
95	177	80
95	185	97
95	137	88
95	111	28
95	184	87
95	125	81
95	142	85
95	186	15
95	149	66
96	149	54
96	197	97
96	192	6
96	157	36
96	175	20
96	187	36
96	179	81
96	99	22
96	147	100
96	189	51
96	168	12
96	166	27
96	195	10
96	198	7
96	161	32
96	194	37
96	173	83
96	152	93
96	154	90
96	160	5
96	177	49
96	150	15
96	155	57
96	174	16
96	193	85
96	148	11
96	113	29
96	112	57
96	167	25
96	196	97
96	191	85
96	190	56
96	117	94
96	102	51
96	123	73
96	165	66
96	97	25
96	115	35
96	169	33
96	116	20
96	127	54
96	109	6
96	158	100
96	111	51
96	101	79
96	163	9
96	129	48
96	114	56
96	100	9
96	118	76
96	186	11
96	142	22
96	107	88
96	144	28
97	198	80
97	195	82
97	160	63
97	159	75
97	98	75
97	156	96
97	103	22
97	161	32
97	190	90
97	172	68
97	152	15
97	196	45
97	164	100
97	151	47
97	162	66
97	186	81
97	168	8
97	104	94
97	197	22
97	171	85
97	100	55
97	179	19
97	177	75
97	108	30
97	158	49
97	105	38
97	109	81
97	176	37
97	157	59
97	123	25
97	99	95
97	128	67
97	110	49
97	127	13
97	173	66
97	111	87
97	154	72
97	184	87
97	191	51
97	113	10
97	112	43
97	117	96
97	153	17
97	169	61
97	138	17
97	122	44
97	163	42
97	174	39
97	142	48
97	192	20
97	125	99
97	188	75
97	118	54
98	162	73
98	156	45
98	184	69
98	195	68
98	153	40
98	155	10
98	168	93
98	149	97
98	180	36
98	102	37
98	185	44
98	100	15
98	177	86
98	172	99
98	192	44
98	167	12
98	111	86
98	175	48
98	199	91
98	107	29
98	174	91
98	113	28
98	189	73
98	160	71
98	163	93
98	194	85
98	116	22
98	159	76
98	191	54
98	118	46
98	99	70
98	109	62
98	119	5
98	176	63
98	121	97
98	178	85
98	190	47
98	122	33
98	103	8
98	165	84
98	136	33
98	186	90
98	150	51
98	124	11
98	105	89
98	141	74
98	140	50
98	104	71
98	138	16
99	188	90
99	163	12
99	101	48
99	157	86
99	186	45
99	175	30
99	170	12
99	166	91
99	105	95
99	179	92
99	182	69
99	106	88
99	178	84
99	161	18
99	168	76
99	111	21
99	151	82
99	154	18
99	190	74
99	117	92
99	108	10
99	172	36
99	185	22
99	162	9
99	123	70
99	129	44
99	150	93
99	125	79
99	107	90
99	116	98
99	131	11
99	191	44
99	114	28
99	133	14
99	195	57
99	194	60
99	113	52
99	177	52
99	199	58
99	187	22
99	121	14
99	139	48
99	135	70
99	138	7
99	112	40
99	100	97
99	165	9
99	137	15
100	177	77
100	173	12
100	193	89
100	151	74
100	169	77
100	174	72
100	186	52
100	159	36
100	192	11
100	152	80
100	162	76
100	113	69
100	160	15
100	184	52
100	180	8
100	103	65
100	115	89
100	188	7
100	163	56
100	155	55
100	158	71
100	110	10
100	176	84
100	118	100
100	116	35
100	185	43
100	156	61
100	153	48
100	157	10
100	125	87
100	164	23
100	198	70
100	122	38
100	167	99
100	127	87
100	154	80
100	130	84
100	181	43
100	101	32
100	183	22
100	104	73
100	166	65
100	134	63
100	107	60
100	195	76
100	175	26
100	161	27
100	137	85
100	194	85
100	106	77
100	141	92
100	187	42
100	117	55
100	140	79
100	132	22
101	166	93
101	154	43
101	198	10
101	152	23
101	180	41
101	158	75
101	191	25
101	169	13
101	181	6
101	184	91
101	175	10
101	190	37
101	112	77
101	192	23
101	182	49
101	155	34
101	105	50
101	162	27
101	170	15
101	187	17
101	171	49
101	193	69
101	107	86
101	118	64
101	196	25
101	183	22
101	119	6
101	114	20
101	161	98
101	188	54
101	117	60
101	116	45
101	153	75
101	165	96
101	121	46
101	163	97
101	102	47
101	178	84
101	157	70
101	134	28
101	177	80
101	194	10
101	103	52
101	122	21
101	110	92
101	167	20
101	135	81
101	131	66
101	189	83
101	197	21
101	141	51
101	136	21
101	176	65
101	164	13
101	123	12
101	186	85
101	142	13
101	108	82
102	170	75
102	188	66
102	162	24
102	157	42
102	179	76
102	108	83
102	185	55
102	165	53
102	177	22
102	194	82
102	111	29
102	186	19
102	164	10
102	190	31
102	184	10
102	182	11
102	169	92
102	171	30
102	168	19
102	114	65
102	120	92
102	196	42
102	173	51
102	197	27
102	189	45
102	110	70
102	187	93
102	116	9
102	127	50
102	112	94
102	121	74
102	106	8
102	129	17
102	125	11
102	167	77
102	193	61
102	140	22
102	174	32
102	159	39
102	176	72
102	103	8
102	117	8
102	118	31
102	181	32
102	191	54
102	119	18
103	184	49
103	154	62
103	199	50
103	178	95
103	161	35
103	112	38
103	180	100
103	116	36
103	167	86
103	104	83
103	176	17
103	193	47
103	198	27
103	175	64
103	173	75
103	158	80
103	171	55
103	124	14
103	155	26
103	164	32
103	123	89
103	186	92
103	196	88
103	114	91
103	183	42
103	194	7
103	170	36
103	181	57
103	179	12
103	129	42
103	113	30
103	127	9
103	195	34
103	108	30
103	138	86
103	137	71
103	157	93
103	109	15
103	168	56
103	160	80
104	164	9
104	155	7
104	163	75
104	174	77
104	188	57
104	194	61
104	176	34
104	175	29
104	106	24
104	107	68
104	198	23
104	117	83
104	199	70
104	109	86
104	110	68
104	167	25
104	120	53
104	123	63
104	187	45
104	156	89
104	118	45
104	121	15
104	124	24
104	134	88
104	169	89
104	177	75
104	108	39
104	181	62
104	186	72
104	183	57
104	136	50
104	111	65
104	168	82
104	195	10
104	142	68
104	160	95
104	185	76
104	127	93
104	133	7
104	162	49
104	193	63
104	182	77
104	131	51
104	171	35
104	148	48
104	141	52
105	162	25
105	168	74
105	178	43
105	159	20
105	175	76
105	181	86
105	110	25
105	108	55
105	163	98
105	112	23
105	170	84
105	196	32
105	188	13
105	160	16
105	184	71
105	119	53
105	166	55
105	107	83
105	177	10
105	174	36
105	187	66
105	194	45
105	124	83
105	118	60
105	117	12
105	176	64
105	164	51
105	158	20
105	199	26
105	182	39
105	114	91
105	135	13
105	127	45
105	122	77
105	140	89
105	123	61
105	156	24
105	145	95
105	137	75
105	136	25
105	197	10
105	113	99
105	180	31
105	142	14
105	169	89
105	131	60
105	139	76
105	173	88
106	167	51
106	157	60
106	172	92
106	173	55
106	162	13
106	193	26
106	107	94
106	170	67
106	118	81
106	171	25
106	110	80
106	180	37
106	192	63
106	169	42
106	178	90
106	176	27
106	158	58
106	177	5
106	128	29
106	119	78
106	108	50
106	109	6
106	117	20
106	165	91
106	166	80
106	115	54
106	182	56
106	199	68
106	122	22
106	161	44
106	134	59
106	164	36
106	126	99
106	139	82
106	188	83
106	116	72
106	138	65
106	163	10
106	125	15
106	129	31
106	136	15
106	143	70
106	132	36
106	151	9
106	137	42
106	147	69
106	183	81
106	195	39
106	133	11
106	131	75
107	187	64
107	180	16
107	179	19
107	161	38
107	168	38
107	190	11
107	111	18
107	189	45
107	113	37
107	191	20
107	163	59
107	158	35
107	172	39
107	193	69
107	199	23
107	114	89
107	165	89
107	169	26
107	160	41
107	128	48
107	164	30
107	173	76
107	108	29
107	127	27
107	129	34
107	117	28
107	195	95
107	122	32
107	126	20
107	116	88
107	130	5
107	171	61
107	167	45
107	192	64
107	142	28
107	175	76
107	110	13
107	112	7
107	166	16
107	194	39
107	123	26
107	152	44
107	170	99
107	119	86
107	124	33
107	148	95
108	169	37
108	191	47
108	112	63
108	189	25
108	192	35
108	184	98
108	165	79
108	167	17
108	178	42
108	186	92
108	159	11
108	198	90
108	122	21
108	115	59
108	177	79
108	175	16
108	118	66
108	176	28
108	125	57
108	188	82
108	114	9
108	187	62
108	124	69
108	180	44
108	119	15
108	193	72
108	132	99
108	161	75
108	130	35
108	171	49
108	194	89
108	145	70
108	138	51
108	116	23
108	117	76
108	163	49
108	174	29
108	136	19
108	181	88
108	123	37
108	111	57
108	160	11
108	139	38
108	185	46
108	195	47
109	173	7
109	161	90
109	110	80
109	174	11
109	194	65
109	165	56
109	192	20
109	195	16
109	169	32
109	183	96
109	193	28
109	182	63
109	113	27
109	181	59
109	179	59
109	172	57
109	180	76
109	199	37
109	167	65
109	184	98
109	186	10
109	162	79
109	133	65
109	170	82
109	119	18
109	185	20
109	127	82
109	128	17
109	138	26
109	111	26
109	163	61
109	123	20
109	135	53
109	190	80
109	149	38
109	164	15
109	130	98
109	122	46
109	177	85
109	145	9
109	141	69
109	118	94
109	198	42
109	154	16
110	182	47
110	113	99
110	185	49
110	176	17
110	186	57
110	166	64
110	111	8
110	196	45
110	183	89
110	173	20
110	174	20
110	165	12
110	123	53
110	117	55
110	114	32
110	119	82
110	169	11
110	131	39
110	164	94
110	134	18
110	167	35
110	181	73
110	194	33
110	190	68
110	179	88
110	128	7
110	126	20
110	161	53
110	193	84
110	118	93
110	150	50
110	192	48
110	191	75
110	151	89
110	145	33
110	137	45
110	148	86
110	188	40
110	120	41
110	127	49
110	172	57
110	199	10
111	169	82
111	173	30
111	193	62
111	194	85
111	166	64
111	114	62
111	187	84
111	191	66
111	162	74
111	178	56
111	118	99
111	189	39
111	119	44
111	176	24
111	113	47
111	182	68
111	192	27
111	190	11
111	120	21
111	185	86
111	126	54
111	125	22
111	130	12
111	132	26
111	124	48
111	139	100
111	165	68
111	171	66
111	183	93
111	133	93
111	117	73
111	195	68
111	151	40
111	146	67
111	199	12
111	198	69
111	127	25
111	115	91
111	122	22
112	186	89
112	195	38
112	190	57
112	191	75
112	170	5
112	185	6
112	184	95
112	192	42
112	198	55
112	113	84
112	165	24
112	196	96
112	115	10
112	187	12
112	166	43
112	182	98
112	122	7
112	124	93
112	193	11
112	178	55
112	199	47
112	181	26
112	121	44
112	173	61
112	183	70
112	117	68
112	163	71
112	127	29
112	135	92
112	116	18
112	197	98
112	114	24
112	120	77
112	144	65
112	179	25
112	128	77
112	138	91
112	177	12
112	172	90
112	174	21
112	123	91
112	137	31
112	189	41
112	147	67
112	176	45
112	157	12
112	160	35
112	156	25
112	167	47
113	182	43
113	196	93
113	198	16
113	190	46
113	174	53
113	176	86
113	199	41
113	119	81
113	169	44
113	118	86
113	180	83
113	114	47
113	166	85
113	168	13
113	179	78
113	167	34
113	164	39
113	115	70
113	122	14
113	181	6
113	172	44
113	130	53
113	170	22
113	192	24
113	123	31
113	136	82
113	131	84
113	121	53
113	126	17
113	184	94
113	125	94
113	116	60
113	142	33
113	147	15
113	178	75
113	127	16
113	188	58
113	194	19
113	117	22
113	128	34
113	177	11
113	146	27
113	120	84
113	129	52
113	124	34
113	189	30
114	182	96
114	192	23
114	199	98
114	198	37
114	176	42
114	118	41
114	183	12
114	190	16
114	195	31
114	194	84
114	130	68
114	174	43
114	133	71
114	181	72
114	168	99
114	115	25
114	124	43
114	193	83
114	136	16
114	170	27
114	121	93
114	139	76
114	166	28
114	191	45
114	171	16
114	188	50
114	137	66
114	189	94
114	154	52
114	172	31
114	131	55
114	147	8
114	179	35
114	120	89
114	151	100
114	127	90
114	135	33
115	178	98
115	182	50
115	174	15
115	120	26
115	184	19
115	177	22
115	173	46
115	187	71
115	186	97
115	169	58
115	191	60
115	131	37
115	183	16
115	136	84
115	188	62
115	130	39
115	123	21
115	134	70
115	126	47
115	117	89
115	124	81
115	166	7
115	133	36
115	196	77
115	180	40
115	167	8
115	137	13
115	189	71
115	158	9
115	146	34
115	155	25
115	140	76
115	119	19
115	170	13
115	163	48
115	172	53
116	195	57
116	170	96
116	183	48
116	118	11
116	120	32
116	122	25
116	173	12
116	187	22
116	175	32
116	199	19
116	185	86
116	186	34
116	119	18
116	167	72
116	132	75
116	197	60
116	137	26
116	182	85
116	198	55
116	130	97
116	133	73
116	176	44
116	181	36
116	127	84
116	139	50
116	194	17
116	178	55
116	128	89
116	124	18
116	172	81
116	140	35
116	168	79
116	117	61
116	155	23
116	149	23
116	157	38
116	147	81
116	160	8
116	191	45
116	136	31
116	164	67
116	179	84
117	189	89
117	120	47
117	190	68
117	122	73
117	188	64
117	191	54
117	174	71
117	175	19
117	177	63
117	199	75
117	124	47
117	130	69
117	172	31
117	133	98
117	128	84
117	186	15
117	184	60
117	131	35
117	123	78
117	173	28
117	142	31
117	185	86
117	192	58
117	151	42
117	195	39
117	144	37
117	152	99
117	161	15
117	178	68
117	145	92
117	141	14
117	148	52
117	183	45
117	160	49
117	147	14
118	176	90
118	177	24
118	173	28
118	169	49
118	186	44
118	195	99
118	191	63
118	128	76
118	196	20
118	171	78
118	184	41
118	190	76
118	121	44
118	189	31
118	140	70
118	138	53
118	192	35
118	136	18
118	170	46
118	144	36
118	175	13
118	197	29
118	194	12
118	126	23
118	139	88
118	143	13
118	122	80
118	135	92
118	151	28
118	132	95
118	129	30
118	148	32
118	146	50
118	130	66
118	150	77
118	127	47
118	179	24
118	142	79
118	183	95
118	119	89
118	161	13
118	133	56
118	193	6
118	131	75
118	163	53
119	184	28
119	192	54
119	185	7
119	122	67
119	121	95
119	175	82
119	128	77
119	176	46
119	120	55
119	136	91
119	182	80
119	189	90
119	193	36
119	124	81
119	195	51
119	131	85
119	148	76
119	199	92
119	139	30
119	138	46
119	125	90
119	137	95
119	145	51
119	129	57
119	146	71
119	127	25
119	142	27
119	133	52
119	191	70
119	151	81
119	158	40
119	174	67
119	150	77
119	172	84
119	171	24
119	186	86
119	181	30
120	121	75
120	181	97
120	187	5
120	172	39
120	171	61
120	173	8
120	194	53
120	198	84
120	122	40
120	199	87
120	191	23
120	129	94
120	193	46
120	130	97
120	190	52
120	132	99
120	176	45
120	131	72
120	127	32
120	188	53
120	134	76
120	135	51
120	178	34
120	184	37
120	142	74
120	146	31
120	133	23
120	147	70
120	145	6
120	189	97
120	196	68
120	136	58
120	182	44
120	141	95
120	174	79
120	152	12
120	123	42
120	177	75
120	126	32
120	192	83
120	175	80
120	151	65
120	164	41
120	163	43
120	128	91
120	160	73
120	158	39
121	193	88
121	173	94
121	175	97
121	191	50
121	124	73
121	181	52
121	197	97
121	182	82
121	178	69
121	133	56
121	128	47
121	185	25
121	135	81
121	126	8
121	136	32
121	139	82
121	174	98
121	142	9
121	132	27
121	123	65
121	140	99
121	144	31
121	192	58
121	198	44
121	176	95
121	145	40
121	131	50
121	158	48
121	130	35
121	149	29
121	172	97
121	138	21
121	156	39
121	196	99
121	154	47
122	180	55
122	175	65
122	176	71
122	177	47
122	173	27
122	193	80
122	197	89
122	196	60
122	181	10
122	129	16
122	188	77
122	138	27
122	130	22
122	145	31
122	140	87
122	191	52
122	137	10
122	125	78
122	178	44
122	150	79
122	153	52
122	152	42
122	198	34
122	189	16
122	134	8
122	123	20
122	187	53
122	124	70
122	190	51
122	141	55
122	182	12
122	160	73
122	154	87
122	162	94
122	157	27
122	163	23
122	174	69
122	156	17
122	143	19
122	144	12
122	167	47
123	196	72
123	177	65
123	179	46
123	184	79
123	124	95
123	183	32
123	182	42
123	191	30
123	189	47
123	185	24
123	198	42
123	128	83
123	187	16
123	146	34
123	199	59
123	125	80
123	174	61
123	190	45
123	153	59
123	149	64
123	193	99
123	175	11
123	150	28
123	156	84
123	134	37
123	126	11
123	181	70
123	148	38
123	140	14
123	154	77
123	137	72
123	155	14
123	188	86
124	125	79
124	126	28
124	127	74
124	175	39
124	188	20
124	129	69
124	190	83
124	131	45
124	130	59
124	133	98
124	178	10
124	183	91
124	135	85
124	145	57
124	141	41
124	198	86
124	144	92
124	137	95
124	155	75
124	151	33
124	153	10
124	191	51
124	187	40
124	148	55
124	159	54
124	146	19
124	176	16
124	196	36
124	192	89
124	150	53
124	179	29
124	128	100
124	132	25
124	136	82
124	186	24
124	142	89
125	191	65
125	186	13
125	129	53
125	133	13
125	132	93
125	190	6
125	179	87
125	197	62
125	189	77
125	199	85
125	139	88
125	183	96
125	192	90
125	185	72
125	145	93
125	150	24
125	151	33
125	138	61
125	143	44
125	136	61
125	198	79
125	144	38
125	193	100
125	130	93
125	184	46
125	149	74
125	142	10
125	159	58
125	167	68
126	128	58
126	197	95
126	195	38
126	186	68
126	190	92
126	196	94
126	148	7
126	145	73
126	187	45
126	181	37
126	129	83
126	130	45
126	184	34
126	185	20
126	139	40
126	132	63
126	133	90
126	149	51
126	150	24
126	137	100
126	158	64
126	166	7
126	144	8
126	146	39
126	161	55
126	157	42
126	134	73
126	167	98
126	198	56
126	178	6
126	172	85
127	183	15
127	199	36
127	182	49
127	196	88
127	130	58
127	198	22
127	186	57
127	135	73
127	138	57
127	146	73
127	147	44
127	132	60
127	189	92
127	195	29
127	178	40
127	181	35
127	129	43
127	197	77
127	144	17
127	133	59
127	140	93
127	139	15
127	141	64
127	143	12
127	165	8
127	184	82
127	136	94
127	128	70
127	152	73
127	179	73
127	148	44
127	171	93
127	169	94
127	155	47
127	176	92
127	190	89
128	189	55
128	190	30
128	184	91
128	181	27
128	193	58
128	141	83
128	186	89
128	136	31
128	142	40
128	134	67
128	185	38
128	153	73
128	195	17
128	154	27
128	140	40
128	162	30
128	196	28
128	137	12
128	151	67
128	152	8
128	163	99
128	180	54
128	135	72
128	161	51
128	147	60
128	149	45
128	159	85
128	183	17
128	133	34
128	131	98
128	177	62
129	188	55
129	186	79
129	194	26
129	131	39
129	189	17
129	135	19
129	197	59
129	139	32
129	142	7
129	190	16
129	147	94
129	153	40
129	137	35
129	187	27
129	151	56
129	191	18
129	198	23
129	136	79
129	159	48
129	196	13
129	158	48
129	180	46
129	140	16
129	185	66
129	148	22
129	154	28
129	184	74
129	162	20
129	171	57
129	156	36
129	149	68
129	165	50
129	132	38
129	182	58
129	133	30
130	189	29
130	184	39
130	191	18
130	133	83
130	136	40
130	182	21
130	197	39
130	145	23
130	135	70
130	186	80
130	196	27
130	199	35
130	149	42
130	192	39
130	142	60
130	195	92
130	132	74
130	151	88
130	185	30
130	144	73
130	161	9
130	146	48
130	183	60
130	139	33
130	134	47
130	140	44
130	158	55
130	194	60
130	187	82
130	137	77
130	169	39
130	143	75
130	159	15
130	141	58
131	197	66
131	194	26
131	137	43
131	185	11
131	188	95
131	189	30
131	133	35
131	196	40
131	139	49
131	148	88
131	138	86
131	198	90
131	141	45
131	184	93
131	149	36
131	146	77
131	158	73
131	154	74
131	143	45
131	145	19
131	157	99
131	195	34
131	160	50
131	155	14
131	156	59
131	193	89
131	173	69
131	174	85
131	159	18
131	153	28
131	175	69
132	190	55
132	199	34
132	133	64
132	135	30
132	136	70
132	143	25
132	187	62
132	151	34
132	192	48
132	139	7
132	195	49
132	183	69
132	146	62
132	161	20
132	137	21
132	142	6
132	193	59
132	159	81
132	154	62
132	157	11
132	167	77
132	160	94
132	140	19
132	138	77
132	156	16
132	152	100
132	172	5
132	150	43
132	168	28
132	163	86
133	188	6
133	187	94
133	136	46
133	189	82
133	143	74
133	192	26
133	141	33
133	185	62
133	194	8
133	198	39
133	146	59
133	138	18
133	156	92
133	160	58
133	135	79
133	134	14
133	163	50
133	190	63
133	165	50
133	151	80
133	186	37
134	191	36
134	135	71
134	190	12
134	196	89
134	197	41
134	193	76
134	198	14
134	143	72
134	147	7
134	141	71
134	145	79
134	152	51
134	142	79
134	195	77
134	194	42
134	199	82
134	185	78
134	162	30
134	150	61
134	161	30
134	171	64
134	138	52
134	178	26
134	153	42
134	186	22
134	187	50
135	191	9
135	189	82
135	193	55
135	140	69
135	186	49
135	187	41
135	139	71
135	143	35
135	149	67
135	197	54
135	136	89
135	195	50
135	155	18
135	163	86
135	158	21
135	165	37
135	138	77
135	148	41
135	192	98
135	159	38
135	169	7
135	160	49
135	168	23
135	196	33
135	173	82
135	137	49
135	175	96
135	157	50
135	172	94
135	162	5
136	198	55
136	149	73
136	193	37
136	147	96
136	160	21
136	159	21
136	153	49
136	156	71
136	161	51
136	138	81
136	196	35
136	151	36
136	139	56
136	150	9
136	152	83
136	155	73
136	194	90
136	141	57
136	143	91
136	175	5
136	188	39
136	190	71
136	145	30
136	171	91
136	164	89
136	180	74
137	198	61
137	196	96
137	195	68
137	143	69
137	151	25
137	197	44
137	142	13
137	193	69
137	141	36
137	161	73
137	190	9
137	153	86
137	139	17
137	152	66
137	157	39
137	167	91
137	191	6
137	138	88
137	163	91
137	172	87
137	144	75
137	194	80
137	147	21
138	199	22
138	191	6
138	190	69
138	142	61
138	194	58
138	149	83
138	144	88
138	146	86
138	145	53
138	193	97
138	140	45
138	148	21
138	163	77
138	150	42
138	154	75
138	166	88
138	174	57
138	170	6
138	192	37
138	198	91
138	157	58
138	172	39
138	143	66
139	198	29
139	195	13
139	144	42
139	196	78
139	147	70
139	155	24
139	154	55
139	143	13
139	191	81
139	159	88
139	163	21
139	150	79
139	199	82
139	173	70
139	146	51
139	158	94
139	165	95
139	179	6
139	193	9
139	183	46
139	180	68
139	142	62
139	182	54
139	187	83
140	197	68
140	145	91
140	154	11
140	148	84
140	152	78
140	162	99
140	153	85
140	165	46
140	155	21
140	143	14
140	159	47
140	147	57
140	163	88
140	177	71
140	168	77
140	174	90
140	178	88
140	181	80
140	144	34
140	158	39
140	187	99
141	146	15
141	195	63
141	192	57
141	151	56
141	157	84
141	164	12
141	161	96
141	160	70
141	152	38
141	172	17
141	142	90
141	174	48
141	148	76
141	167	74
141	193	84
141	168	49
141	166	62
141	175	55
141	158	49
141	179	90
141	155	94
141	173	53
142	196	19
142	143	11
142	193	38
142	195	67
142	149	31
142	146	86
142	151	90
142	150	17
142	145	10
142	147	92
142	160	62
142	156	35
142	172	16
142	167	69
142	176	79
142	159	64
142	170	47
142	197	64
142	168	74
142	184	11
142	173	75
143	197	28
143	148	68
143	144	32
143	154	68
143	196	88
143	159	40
143	194	97
143	160	56
143	167	44
143	145	19
143	158	30
143	152	30
143	198	73
143	195	11
143	172	71
143	153	23
143	164	75
143	181	56
143	162	15
143	171	25
143	168	94
144	145	45
144	196	38
144	198	32
144	158	99
144	156	40
144	165	87
144	149	97
144	161	34
144	168	31
144	177	82
144	164	51
144	173	55
144	178	50
144	179	96
144	154	73
144	151	95
144	180	20
145	199	64
145	150	51
145	156	86
145	146	40
145	163	40
145	162	10
145	164	75
145	149	99
145	158	99
145	172	92
145	152	87
145	168	85
145	181	22
145	171	39
145	161	92
145	182	83
145	169	86
145	167	64
145	197	48
145	153	66
145	191	31
146	148	88
146	199	50
146	159	80
146	166	35
146	150	73
146	161	71
146	164	13
146	153	94
146	158	64
146	198	83
146	147	85
146	157	47
146	165	75
146	176	91
146	181	55
146	178	97
146	173	70
146	180	16
146	186	42
146	160	75
146	163	94
146	193	75
146	170	37
147	199	19
147	148	87
147	168	27
147	163	14
147	155	67
147	157	55
147	164	32
147	179	56
147	182	87
147	185	8
147	172	40
147	173	81
147	183	45
147	198	88
147	154	20
147	149	26
147	175	83
147	161	17
147	177	91
147	156	52
147	162	52
148	149	17
148	161	80
148	155	12
148	153	81
148	163	11
148	160	49
148	178	21
148	176	32
148	162	18
148	175	89
148	168	20
148	199	81
148	177	84
148	194	9
149	154	14
149	155	21
149	157	36
149	160	33
149	166	28
149	158	66
149	159	23
149	152	32
149	165	46
149	173	77
149	153	76
149	151	91
149	179	22
149	175	18
149	181	34
149	185	62
149	170	18
149	156	9
149	162	30
150	151	84
150	152	36
150	153	49
150	159	66
150	160	54
150	158	36
150	161	27
150	172	20
150	175	77
150	170	76
150	171	61
150	162	30
150	183	75
150	166	76
150	177	31
150	179	48
150	169	49
151	156	78
151	159	25
151	162	21
151	160	27
151	172	54
151	168	77
151	176	26
151	158	98
151	161	21
151	165	81
151	182	8
151	170	72
151	155	96
151	163	12
151	178	24
151	194	61
151	164	83
151	197	9
151	166	98
151	152	30
151	179	31
151	181	12
151	193	87
151	157	63
151	184	45
152	155	74
152	158	59
152	167	9
152	162	48
152	160	32
152	172	79
152	163	26
152	176	21
152	165	37
152	173	77
152	157	13
152	189	13
152	192	95
152	193	66
152	180	67
152	159	74
152	171	98
153	156	80
153	163	87
153	155	85
153	165	51
153	161	45
153	164	64
153	168	68
153	172	74
153	167	49
153	159	39
153	173	62
153	162	9
153	178	46
153	174	72
153	190	22
153	188	21
153	175	97
153	194	12
154	155	36
154	165	82
154	168	74
154	159	73
154	162	55
154	171	77
154	169	80
154	167	30
154	157	5
154	172	93
154	182	17
154	158	19
154	170	16
154	174	87
154	175	96
154	173	42
154	164	98
154	177	65
154	183	35
154	196	8
154	193	16
154	195	29
155	164	92
155	161	13
155	168	99
155	163	36
155	179	74
155	165	45
155	182	28
155	159	97
155	183	13
155	167	96
155	178	62
155	185	21
155	191	81
155	189	51
155	180	6
155	198	88
155	196	88
155	175	50
155	170	32
156	158	89
156	161	80
156	163	49
156	159	65
156	171	39
156	170	25
156	160	52
156	181	39
156	184	73
156	157	97
156	176	33
156	168	93
156	183	53
156	164	79
156	194	100
156	178	95
156	169	42
156	186	56
156	187	14
157	165	81
157	161	94
157	163	55
157	166	6
157	184	6
157	162	23
157	172	37
157	174	72
157	158	79
157	169	36
157	168	95
157	196	10
157	187	95
157	188	41
157	176	12
157	170	57
158	160	35
158	159	48
158	161	84
158	173	13
158	175	25
158	172	17
158	162	42
158	168	75
158	177	59
158	186	68
158	164	34
158	185	42
158	169	84
158	179	85
158	181	63
158	166	28
158	176	90
158	197	25
158	182	12
159	163	30
159	171	61
159	167	41
159	165	7
159	179	57
159	187	80
159	183	65
159	164	70
159	186	45
159	161	23
159	174	87
159	170	85
159	173	83
159	193	32
159	172	78
160	168	53
160	165	16
160	169	65
160	173	57
160	182	31
160	183	77
160	174	47
160	170	95
160	193	76
160	187	96
160	181	9
160	199	70
160	192	100
160	161	59
160	175	83
161	162	36
161	173	63
161	179	19
161	169	17
161	174	50
161	178	71
161	175	44
161	182	16
161	186	17
161	166	31
161	180	18
161	176	18
161	187	86
161	196	44
161	177	57
161	199	90
162	165	53
162	172	20
162	174	47
162	169	8
162	177	71
162	173	73
162	180	32
162	182	26
162	170	70
162	181	65
162	195	19
162	166	40
162	192	81
162	186	83
162	184	16
162	189	5
162	199	27
162	194	77
163	166	58
163	172	73
163	167	26
163	179	73
163	175	45
163	165	42
163	168	15
163	181	20
163	187	65
163	189	62
163	178	13
163	170	85
163	197	92
163	195	98
163	169	66
163	198	45
163	176	34
163	191	84
163	180	46
164	166	53
164	165	8
164	168	41
164	170	17
164	174	7
164	179	94
164	185	41
164	187	18
164	176	78
164	188	47
164	167	71
164	195	68
164	189	92
164	177	11
164	181	99
164	192	96
164	191	82
164	184	55
165	169	44
165	174	61
165	175	12
165	166	18
165	181	75
165	176	73
165	184	44
165	198	65
165	192	82
165	178	58
165	188	16
165	183	94
166	167	25
166	168	18
166	170	97
166	181	78
166	182	16
166	176	32
166	194	14
166	193	66
166	180	40
166	199	40
166	191	93
166	196	57
166	183	75
166	190	58
166	173	79
166	169	41
167	170	74
167	175	45
167	188	30
167	185	52
167	189	43
167	169	33
167	171	100
167	177	48
167	181	24
167	198	31
167	191	62
167	179	60
167	190	94
168	177	42
168	173	90
168	174	74
168	184	53
168	189	20
168	176	78
168	171	59
168	195	56
168	198	52
168	181	88
168	172	81
168	197	91
168	188	81
169	176	85
169	178	23
169	172	58
169	193	74
169	183	38
169	185	51
169	197	16
169	194	76
169	170	41
169	175	19
169	171	25
169	173	64
169	190	42
169	199	18
169	181	59
169	177	6
169	198	17
169	192	15
169	188	8
169	184	90
170	171	24
170	173	83
170	182	23
170	196	97
170	190	21
170	174	64
170	180	74
170	188	43
170	179	67
170	193	67
170	172	5
170	192	80
171	179	14
171	177	34
171	183	21
171	185	81
171	172	48
171	180	54
171	191	24
171	186	86
171	189	51
171	195	84
171	193	100
171	175	56
171	178	45
171	194	69
171	188	50
171	184	74
171	190	23
172	184	31
172	179	46
172	178	59
172	174	88
172	189	67
172	190	35
172	188	28
172	182	46
172	199	89
172	191	89
172	180	78
172	175	59
172	196	12
172	194	99
172	192	40
172	183	70
173	174	68
173	183	64
173	185	44
173	188	21
173	187	90
173	193	98
173	175	33
173	195	68
173	178	98
173	186	37
173	192	38
173	196	21
173	191	41
173	198	54
173	190	78
173	179	10
174	175	47
174	179	19
174	190	65
174	192	72
174	189	55
174	193	86
174	195	47
174	184	39
174	185	46
174	176	19
174	194	36
175	178	24
175	181	66
175	186	82
175	192	85
175	195	29
175	180	87
175	182	87
175	187	69
175	191	48
175	176	94
175	194	71
175	197	77
176	181	68
176	185	26
176	182	83
176	188	55
176	179	38
176	191	67
176	177	54
176	187	74
176	195	33
176	190	40
176	184	98
176	192	74
176	199	69
177	185	69
177	179	80
177	187	10
177	196	31
177	199	96
177	192	10
177	198	95
177	184	70
177	182	8
177	180	12
177	190	49
177	183	73
177	178	75
177	197	95
178	180	37
178	181	70
178	198	15
178	184	46
178	182	76
178	179	26
178	189	10
178	188	41
178	195	89
178	193	59
178	197	50
178	185	7
179	189	79
179	184	93
179	194	68
179	199	86
179	196	51
179	186	24
179	197	97
180	185	16
180	187	67
180	182	89
180	197	85
180	191	69
180	181	42
180	196	85
180	193	37
180	183	84
180	188	36
180	184	62
181	183	95
181	186	66
181	191	15
181	188	47
181	184	60
181	190	80
181	189	35
181	198	70
181	192	14
181	182	19
181	194	23
181	195	98
181	187	90
181	185	96
182	194	86
182	195	36
182	186	33
182	198	13
182	191	73
182	184	22
182	183	92
182	193	22
183	190	23
183	198	12
183	191	13
183	192	80
183	196	47
183	194	84
183	189	20
183	188	64
183	195	55
183	186	95
183	193	70
184	185	13
184	186	37
184	190	58
184	199	27
184	191	21
184	189	48
184	198	89
184	195	19
184	197	34
185	191	28
185	190	62
185	195	82
185	189	30
185	198	15
185	187	83
185	186	86
186	187	41
186	190	35
186	193	51
186	189	77
186	188	53
186	194	73
186	198	87
187	191	37
187	195	52
187	194	14
187	189	72
187	193	50
187	190	88
187	188	69
187	198	48
188	189	75
188	191	79
188	198	69
188	197	80
188	192	25
188	193	61
188	199	75
189	191	45
189	194	52
189	192	65
189	198	19
189	190	67
189	197	90
190	193	11
190	197	28
190	194	55
190	191	19
190	192	40
191	198	87
191	192	49
191	194	32
191	196	88
191	193	86
191	195	25
192	197	37
192	195	34
192	194	50
192	198	77
193	198	21
193	199	76
194	196	37
194	195	20
195	196	78
195	199	41
195	197	79
195	198	46
196	197	99
197	199	91
