NAME: W_SPARSE_200_80
n: 200
m: 8000
0	93	98
0	86	59
0	74	72
0	60	7
0	69	23
0	105	25
0	117	28
0	42	56
0	134	61
0	153	76
0	80	98
0	132	18
0	151	16
0	45	32
0	197	57
0	88	79
0	99	89
0	126	89
0	49	72
0	110	72
0	152	9
0	137	93
0	143	20
0	54	84
0	98	7
0	41	56
0	100	85
0	11	25
0	150	14
0	48	70
0	56	35
0	47	73
0	65	40
0	156	71
0	75	8
0	109	42
0	124	65
0	67	50
0	103	6
0	66	47
0	55	9
0	79	9
0	57	68
0	115	34
0	120	16
0	119	84
0	85	67
0	64	31
0	7	8
0	83	51
0	113	6
0	118	72
0	136	23
0	123	33
0	3	20
0	179	33
0	129	89
0	112	75
0	4	87
0	157	8
0	24	6
0	50	81
0	102	49
0	101	78
0	27	17
0	174	8
0	131	97
0	107	11
0	146	36
0	10	23
0	122	81
0	9	36
0	72	31
0	73	62
0	190	55
0	169	15
0	171	22
0	180	56
0	12	95
0	14	86
0	30	41
0	70	54
0	161	67
0	38	89
0	183	35
1	78	73
1	147	89
1	66	24
1	57	14
1	72	15
1	130	11
1	87	85
1	3	69
1	102	56
1	129	56
1	63	50
1	76	75
1	84	62
1	110	67
1	77	91
1	97	100
1	89	31
1	10	48
1	128	53
1	133	16
1	4	65
1	62	17
1	103	35
1	152	80
1	42	44
1	193	85
1	122	65
1	12	40
1	47	97
1	56	5
1	91	15
1	112	47
1	13	13
1	197	51
1	160	23
1	54	48
1	120	82
1	183	24
1	94	62
1	136	23
1	138	19
1	139	69
1	188	18
1	22	17
1	131	56
1	108	33
1	15	48
1	192	23
1	198	37
1	16	45
1	127	93
1	45	60
1	105	75
1	153	41
1	11	62
1	7	17
1	53	39
1	59	72
1	24	20
1	60	77
1	145	10
1	68	38
1	191	78
1	173	80
1	174	35
1	194	98
1	44	52
1	48	97
1	25	81
1	32	40
1	21	61
1	166	55
1	114	35
1	170	43
1	65	15
1	67	52
1	101	41
1	14	70
1	23	53
1	107	34
1	121	94
2	48	49
2	79	10
2	106	99
2	96	84
2	49	20
2	92	88
2	99	25
2	91	20
2	155	42
2	54	33
2	147	63
2	116	34
2	85	37
2	53	48
2	159	54
2	144	40
2	132	7
2	139	51
2	136	30
2	88	8
2	80	12
2	119	8
2	64	73
2	13	31
2	56	31
2	75	58
2	89	67
2	114	18
2	57	14
2	194	34
2	157	30
2	186	24
2	93	7
2	105	82
2	4	13
2	113	95
2	133	99
2	143	87
2	183	99
2	8	79
2	97	42
2	189	53
2	46	70
2	70	86
2	65	85
2	10	33
2	122	35
2	150	86
2	87	48
2	153	80
2	101	39
2	129	60
2	44	41
2	51	56
2	121	37
2	126	78
2	21	93
2	187	84
2	14	11
2	68	84
2	115	62
2	84	86
2	131	24
2	172	98
2	66	34
2	78	50
2	198	99
2	178	46
2	6	35
2	28	64
2	7	30
2	35	11
2	38	61
2	130	16
2	138	89
2	169	22
2	24	31
3	88	69
3	104	76
3	60	30
3	143	99
3	162	69
3	77	43
3	112	51
3	125	52
3	6	5
3	93	41
3	199	31
3	48	87
3	85	67
3	117	34
3	95	27
3	154	81
3	159	9
3	141	32
3	129	36
3	132	60
3	156	58
3	131	15
3	8	24
3	51	60
3	57	10
3	59	95
3	121	37
3	111	34
3	147	97
3	7	95
3	12	43
3	110	29
3	102	6
3	75	26
3	90	30
3	16	18
3	197	46
3	52	17
3	122	34
3	61	79
3	189	77
3	68	62
3	123	60
3	69	87
3	130	99
3	71	99
3	109	59
3	183	63
3	17	78
3	191	40
3	194	30
3	33	73
3	193	55
3	20	88
3	35	31
3	92	53
3	32	81
3	107	69
3	196	93
3	134	81
3	9	94
3	55	44
3	139	95
3	62	88
3	27	23
3	45	9
3	11	16
3	49	26
3	169	43
4	51	77
4	77	36
4	78	51
4	120	50
4	93	37
4	129	47
4	141	21
4	64	45
4	140	93
4	151	33
4	61	96
4	117	84
4	81	40
4	79	40
4	47	43
4	57	86
4	69	68
4	198	14
4	153	29
4	112	41
4	72	87
4	84	37
4	85	31
4	110	59
4	150	82
4	86	41
4	115	10
4	192	53
4	8	91
4	104	34
4	62	72
4	160	30
4	13	64
4	14	64
4	122	36
4	155	31
4	12	16
4	82	38
4	131	18
4	152	80
4	45	35
4	21	61
4	124	76
4	184	73
4	23	26
4	66	98
4	7	20
4	75	80
4	147	27
4	95	68
4	54	53
4	71	58
4	126	19
4	52	19
4	116	42
4	83	5
4	185	66
4	178	67
4	189	31
4	6	41
4	25	88
4	136	63
4	183	38
4	100	90
4	20	69
4	118	25
4	145	68
4	105	70
4	135	20
4	186	6
4	132	30
4	15	73
4	50	7
4	179	42
4	89	62
4	146	23
4	74	62
4	181	17
4	29	77
4	55	70
5	145	89
5	48	12
5	85	10
5	133	82
5	65	32
5	51	43
5	127	81
5	70	20
5	75	28
5	77	80
5	63	86
5	92	95
5	114	40
5	160	36
5	131	17
5	151	61
5	89	77
5	15	63
5	53	66
5	68	7
5	139	91
5	83	36
5	113	39
5	129	71
5	91	72
5	102	11
5	74	7
5	115	68
5	154	83
5	116	22
5	100	47
5	155	65
5	118	19
5	88	37
5	17	69
5	152	29
5	110	6
5	47	44
5	6	29
5	78	46
5	98	90
5	56	99
5	19	96
5	21	63
5	103	31
5	191	62
5	193	62
5	67	65
5	109	45
5	90	26
5	106	82
5	82	39
5	29	44
5	62	48
5	157	87
5	26	6
5	24	13
5	194	47
5	23	22
5	58	87
5	181	81
5	73	83
5	135	66
5	126	21
5	153	43
5	128	37
5	182	77
5	84	48
5	27	91
5	8	42
5	14	31
5	10	87
5	99	95
5	7	83
5	163	41
5	172	27
5	150	32
5	183	17
5	80	87
5	64	16
5	59	25
5	76	36
5	42	11
5	171	90
5	38	95
5	9	51
5	186	32
6	161	85
6	130	8
6	125	12
6	129	60
6	63	24
6	146	5
6	47	46
6	104	18
6	131	77
6	117	64
6	160	69
6	158	28
6	77	43
6	115	88
6	137	92
6	121	94
6	132	26
6	59	93
6	58	63
6	90	99
6	141	82
6	88	80
6	92	85
6	124	21
6	67	23
6	147	94
6	136	30
6	50	62
6	101	100
6	57	17
6	56	48
6	83	15
6	54	17
6	194	14
6	16	50
6	143	24
6	134	33
6	187	62
6	62	11
6	93	85
6	8	69
6	150	92
6	127	10
6	69	93
6	164	51
6	53	98
6	81	91
6	89	23
6	60	91
6	99	34
6	148	96
6	163	8
6	49	44
6	27	72
6	85	93
6	73	24
6	108	11
6	177	43
6	32	35
6	35	53
6	12	20
6	138	84
6	31	77
6	40	28
6	122	79
6	173	41
6	186	51
6	19	45
6	38	16
6	105	44
6	189	53
6	118	16
6	55	92
6	191	59
7	82	29
7	127	70
7	61	54
7	102	90
7	115	33
7	116	92
7	109	53
7	90	78
7	71	18
7	58	75
7	140	95
7	146	49
7	81	58
7	9	38
7	86	86
7	16	19
7	56	68
7	78	20
7	135	53
7	101	8
7	141	32
7	159	75
7	132	54
7	69	26
7	129	54
7	18	20
7	25	35
7	143	56
7	89	12
7	87	91
7	114	18
7	54	23
7	137	62
7	131	88
7	162	18
7	113	68
7	192	65
7	136	40
7	75	54
7	163	53
7	138	30
7	68	67
7	188	70
7	91	55
7	142	48
7	110	28
7	28	59
7	166	55
7	26	48
7	36	31
7	130	40
7	156	61
7	157	75
7	148	86
7	31	30
7	39	18
7	37	53
7	182	43
7	126	28
7	119	74
7	20	19
7	98	85
7	29	33
7	23	5
7	34	62
8	84	77
8	89	47
8	151	58
8	68	67
8	107	17
8	156	7
8	159	70
8	109	7
8	77	33
8	100	80
8	62	66
8	87	41
8	70	83
8	140	22
8	99	37
8	129	12
8	138	88
8	114	62
8	74	28
8	72	49
8	94	87
8	13	76
8	71	71
8	10	69
8	50	10
8	85	90
8	141	86
8	67	89
8	83	10
8	95	42
8	132	94
8	81	37
8	148	54
8	118	79
8	18	54
8	16	82
8	22	32
8	125	33
8	139	24
8	198	8
8	112	14
8	155	80
8	167	51
8	195	77
8	24	46
8	126	67
8	54	46
8	53	77
8	190	15
8	49	11
8	113	63
8	75	76
8	76	20
8	128	93
8	150	22
8	197	25
8	23	86
8	31	21
8	117	19
8	127	21
8	88	67
8	144	43
8	133	24
8	33	32
8	196	72
8	186	84
8	187	59
8	32	86
8	57	21
8	51	75
8	120	26
8	124	40
8	64	95
8	165	36
8	158	41
8	9	71
8	45	41
8	108	55
8	41	75
8	93	25
8	169	22
8	19	38
8	20	80
8	194	57
9	140	90
9	10	99
9	124	9
9	107	57
9	96	90
9	132	96
9	87	89
9	119	74
9	148	15
9	11	73
9	57	30
9	104	56
9	84	55
9	92	62
9	158	78
9	67	30
9	139	13
9	162	27
9	145	98
9	134	13
9	109	57
9	116	64
9	122	95
9	74	32
9	138	6
9	166	14
9	121	99
9	98	63
9	54	94
9	24	95
9	101	61
9	77	59
9	149	55
9	142	43
9	85	43
9	94	28
9	161	31
9	168	59
9	13	59
9	103	72
9	129	11
9	23	47
9	14	86
9	100	61
9	196	93
9	155	23
9	70	29
9	193	67
9	105	66
9	27	10
9	78	90
9	79	41
9	90	85
9	194	40
9	192	54
9	33	98
9	59	93
9	53	16
9	37	58
9	50	99
9	117	30
9	133	77
9	180	74
9	111	31
9	187	7
9	184	46
9	49	62
10	72	63
10	106	17
10	82	34
10	77	76
10	146	29
10	115	90
10	112	20
10	61	8
10	108	13
10	121	18
10	76	82
10	157	20
10	111	54
10	109	77
10	93	73
10	132	46
10	60	47
10	69	93
10	68	73
10	101	68
10	137	63
10	74	57
10	199	15
10	78	72
10	156	100
10	55	14
10	89	66
10	59	76
10	113	28
10	96	50
10	27	85
10	133	8
10	143	43
10	30	30
10	191	33
10	126	63
10	150	74
10	17	75
10	70	32
10	83	6
10	81	42
10	104	23
10	64	52
10	66	94
10	192	26
10	188	30
10	167	93
10	129	65
10	98	26
10	194	79
10	110	76
10	130	98
10	164	88
10	176	33
10	14	51
10	153	52
10	75	95
10	131	80
10	136	6
10	86	32
10	195	84
10	144	17
10	173	98
10	182	37
10	163	40
10	185	99
11	138	93
11	150	92
11	153	78
11	129	8
11	83	36
11	64	32
11	61	49
11	87	32
11	120	45
11	135	59
11	74	64
11	168	43
11	122	64
11	109	71
11	156	52
11	158	23
11	79	91
11	106	60
11	112	54
11	85	76
11	136	34
11	143	64
11	146	70
11	110	62
11	125	29
11	92	44
11	121	55
11	130	32
11	19	69
11	118	76
11	131	34
11	56	35
11	166	94
11	126	6
11	124	15
11	78	6
11	140	37
11	149	78
11	93	14
11	154	53
11	89	26
11	119	72
11	21	90
11	116	73
11	101	81
11	147	67
11	91	42
11	66	55
11	164	65
11	71	52
11	197	87
11	198	60
11	20	97
11	157	62
11	104	79
11	169	40
11	30	39
11	58	6
11	103	45
11	161	67
11	16	16
11	59	61
11	60	33
11	32	79
11	137	68
11	55	10
11	144	39
11	34	91
11	194	71
11	38	48
11	35	84
11	63	88
11	117	57
11	188	55
11	123	8
11	175	43
11	162	31
11	70	72
12	58	59
12	123	87
12	112	14
12	86	6
12	118	12
12	153	31
12	92	82
12	127	73
12	110	45
12	89	82
12	95	85
12	55	26
12	166	70
12	17	27
12	115	25
12	81	61
12	100	20
12	94	87
12	69	49
12	164	20
12	114	88
12	107	63
12	24	14
12	59	75
12	168	69
12	108	18
12	20	97
12	23	42
12	148	90
12	80	35
12	104	97
12	143	35
12	72	28
12	109	74
12	13	77
12	146	51
12	83	86
12	102	46
12	62	30
12	169	7
12	16	54
12	63	59
12	137	83
12	53	22
12	66	72
12	27	66
12	192	51
12	97	36
12	111	97
12	125	13
12	147	21
12	105	35
12	162	56
12	151	52
12	128	63
12	70	23
12	140	28
12	73	77
12	134	36
12	194	53
12	15	22
12	74	57
12	197	56
12	35	67
12	56	34
12	190	94
13	75	78
13	115	59
13	134	28
13	74	64
13	69	79
13	163	93
13	132	93
13	142	26
13	99	70
13	120	63
13	73	8
13	119	98
13	64	15
13	98	64
13	118	60
13	14	31
13	90	19
13	124	76
13	102	73
13	117	97
13	125	91
13	111	21
13	130	8
13	94	45
13	165	27
13	29	37
13	96	43
13	24	74
13	91	77
13	127	24
13	88	29
13	95	23
13	27	66
13	129	90
13	62	70
13	145	33
13	54	83
13	71	9
13	83	52
13	33	64
13	78	84
13	92	54
13	63	63
13	89	38
13	20	38
13	28	15
13	149	92
13	72	8
13	133	68
13	199	58
13	82	96
13	81	63
13	39	12
13	61	47
13	41	28
13	113	29
13	151	31
13	196	22
13	25	98
13	122	72
13	197	92
13	114	44
13	68	58
13	158	26
13	36	42
13	15	91
13	141	38
13	169	89
13	192	35
13	140	41
13	156	84
13	171	48
14	143	57
14	120	30
14	88	7
14	137	55
14	172	85
14	163	20
14	97	64
14	105	34
14	165	73
14	89	56
14	113	34
14	103	80
14	107	95
14	170	47
14	90	49
14	136	47
14	158	99
14	111	7
14	160	8
14	91	16
14	118	44
14	100	68
14	130	45
14	85	64
14	87	57
14	66	46
14	117	49
14	129	85
14	93	95
14	94	64
14	144	13
14	58	32
14	22	18
14	146	98
14	127	26
14	106	11
14	104	33
14	81	99
14	63	25
14	110	45
14	197	80
14	124	22
14	17	16
14	128	65
14	39	92
14	131	20
14	199	75
14	69	38
14	153	68
14	186	94
14	189	26
14	73	10
14	74	10
14	126	61
14	65	37
14	79	22
14	60	80
14	43	78
14	132	14
14	40	96
14	33	97
14	18	61
14	149	89
14	179	49
14	173	44
14	23	89
14	83	69
14	194	76
14	21	53
14	68	13
14	167	89
14	80	80
15	106	79
15	143	96
15	148	45
15	166	23
15	84	68
15	99	39
15	67	57
15	62	20
15	100	59
15	136	20
15	96	62
15	22	46
15	64	61
15	120	65
15	66	79
15	70	73
15	76	7
15	156	87
15	17	25
15	161	21
15	133	44
15	170	68
15	91	31
15	58	29
15	125	36
15	89	98
15	199	95
15	135	69
15	112	14
15	57	32
15	164	13
15	118	53
15	28	94
15	146	18
15	153	64
15	88	79
15	29	18
15	141	26
15	72	32
15	73	33
15	86	30
15	163	67
15	80	94
15	131	93
15	134	44
15	56	29
15	173	36
15	16	28
15	63	29
15	75	26
15	107	43
15	155	25
15	34	10
15	172	39
15	74	63
15	92	37
15	154	91
15	195	84
15	101	31
15	21	57
15	191	64
15	65	80
15	47	87
15	102	89
15	124	43
15	41	21
15	27	93
15	109	25
15	180	49
15	181	43
15	44	61
15	87	58
15	160	50
15	171	50
15	35	60
15	60	24
15	94	76
15	186	51
15	184	28
16	163	85
16	146	43
16	78	92
16	138	43
16	149	48
16	134	17
16	79	57
16	86	6
16	111	9
16	90	73
16	62	72
16	105	28
16	135	19
16	137	49
16	130	50
16	125	73
16	71	51
16	164	48
16	123	91
16	57	36
16	150	19
16	133	46
16	66	88
16	74	79
16	73	96
16	75	17
16	174	50
16	83	33
16	170	74
16	21	36
16	25	53
16	89	64
16	112	77
16	95	74
16	109	57
16	121	17
16	119	73
16	139	83
16	148	71
16	58	11
16	96	85
16	171	5
16	27	80
16	132	40
16	155	93
16	167	29
16	168	25
16	122	71
16	116	25
16	32	80
16	160	66
16	108	64
16	197	64
16	33	58
16	19	17
16	103	47
16	84	72
16	143	75
16	38	52
16	40	90
16	141	36
16	192	22
16	198	19
16	28	73
16	43	40
16	196	77
16	81	91
16	97	22
16	45	39
16	64	43
16	120	67
16	102	31
16	157	14
16	35	8
16	142	98
16	152	53
16	65	36
16	172	92
16	104	98
16	36	10
16	37	45
16	50	37
16	194	82
16	44	57
16	183	13
16	185	52
16	166	16
16	189	77
16	18	35
16	76	23
16	140	70
16	180	71
16	136	38
17	167	59
17	172	73
17	144	10
17	168	28
17	67	44
17	63	39
17	70	94
17	113	51
17	155	38
17	150	32
17	158	64
17	60	61
17	104	9
17	101	83
17	74	11
17	109	97
17	82	76
17	89	50
17	61	34
17	84	53
17	174	15
17	99	16
17	95	7
17	135	11
17	100	19
17	157	86
17	159	91
17	127	46
17	145	26
17	169	82
17	30	38
17	79	29
17	73	54
17	130	93
17	66	72
17	80	28
17	161	29
17	90	100
17	196	57
17	96	44
17	103	78
17	134	58
17	20	41
17	59	43
17	197	9
17	76	58
17	108	57
17	39	46
17	98	54
17	65	67
17	44	94
17	102	99
17	170	23
17	123	28
17	34	51
17	85	91
17	173	71
17	26	57
17	111	57
17	165	31
17	116	57
17	193	79
17	126	64
17	35	31
17	62	97
17	137	68
17	154	84
17	176	60
17	184	94
17	195	78
17	78	15
17	191	26
17	185	24
17	93	91
17	156	45
17	106	52
17	138	12
17	146	94
17	32	96
17	46	66
18	169	67
18	173	68
18	125	73
18	157	65
18	75	93
18	89	9
18	126	69
18	96	29
18	139	99
18	69	11
18	123	74
18	144	71
18	155	64
18	158	93
18	132	65
18	159	42
18	94	22
18	91	94
18	127	6
18	152	62
18	60	48
18	77	43
18	80	53
18	114	55
18	71	90
18	150	68
18	97	48
18	113	22
18	112	92
18	129	83
18	164	65
18	90	46
18	95	49
18	111	99
18	140	89
18	143	12
18	133	36
18	24	77
18	131	63
18	19	53
18	83	22
18	109	81
18	134	86
18	107	78
18	154	23
18	39	57
18	26	28
18	79	87
18	167	34
18	30	35
18	145	11
18	128	83
18	165	51
18	174	82
18	36	46
18	40	14
18	156	32
18	78	13
18	25	6
18	42	33
18	85	59
18	100	14
18	163	79
18	188	91
18	28	31
18	176	79
18	61	28
18	67	29
18	59	20
18	56	7
18	68	30
18	124	74
18	170	52
19	77	54
19	162	66
19	86	8
19	171	90
19	175	55
19	160	28
19	176	89
19	69	28
19	88	16
19	72	97
19	116	78
19	178	49
19	172	92
19	79	92
19	21	27
19	107	84
19	102	18
19	24	5
19	99	84
19	139	97
19	158	6
19	168	78
19	74	29
19	75	95
19	135	10
19	159	81
19	64	22
19	83	86
19	150	53
19	115	92
19	103	75
19	84	26
19	101	27
19	122	10
19	61	27
19	118	76
19	68	63
19	27	45
19	109	10
19	23	82
19	146	86
19	148	5
19	110	38
19	132	98
19	152	34
19	81	51
19	93	33
19	34	76
19	32	25
19	87	27
19	121	18
19	120	97
19	128	57
19	65	17
19	94	44
19	26	35
19	39	64
19	194	32
19	129	32
19	37	81
19	137	14
19	155	48
19	136	83
19	144	21
19	22	67
19	195	59
19	28	63
19	36	41
19	163	9
19	177	23
19	105	65
19	124	65
19	143	82
19	188	12
19	41	80
19	67	26
19	47	87
19	50	93
19	78	45
19	190	37
19	130	98
19	161	94
20	135	32
20	91	92
20	174	45
20	67	74
20	133	15
20	76	92
20	85	37
20	149	6
20	179	22
20	63	55
20	134	65
20	23	54
20	90	31
20	101	15
20	175	12
20	168	80
20	144	28
20	24	51
20	138	93
20	77	33
20	142	49
20	99	66
20	178	19
20	154	71
20	172	83
20	29	91
20	97	23
20	22	28
20	115	82
20	87	15
20	161	6
20	146	69
20	125	60
20	176	52
20	32	89
20	82	36
20	72	22
20	98	69
20	114	55
20	167	81
20	83	27
20	153	58
20	92	95
20	21	86
20	198	57
20	108	69
20	160	60
20	88	9
20	129	95
20	65	13
20	96	25
20	173	40
20	189	62
20	147	64
20	118	10
20	116	43
20	46	12
20	150	12
20	66	37
20	109	75
20	195	81
20	37	99
20	25	12
20	95	13
20	123	61
20	104	9
20	171	28
21	156	79
21	157	48
21	101	87
21	153	14
21	171	25
21	100	86
21	108	99
21	110	97
21	167	97
21	84	48
21	151	60
21	177	82
21	111	98
21	163	63
21	78	76
21	143	46
21	125	32
21	175	34
21	161	65
21	180	77
21	94	86
21	68	60
21	105	89
21	79	88
21	92	57
21	158	35
21	91	96
21	102	23
21	28	21
21	27	41
21	138	80
21	29	20
21	36	17
21	93	98
21	107	41
21	38	89
21	144	72
21	103	52
21	122	17
21	127	90
21	124	41
21	47	22
21	195	69
21	159	46
21	146	20
21	148	70
21	128	69
21	53	10
21	37	66
21	49	88
21	168	11
21	70	24
21	192	89
21	80	15
21	113	57
21	56	31
21	81	93
21	85	99
21	150	65
21	104	83
21	59	53
21	141	31
21	170	96
22	76	66
22	66	49
22	139	50
22	101	58
22	108	81
22	121	28
22	123	74
22	78	18
22	24	77
22	27	22
22	72	49
22	85	97
22	149	39
22	151	15
22	136	47
22	173	25
22	98	94
22	65	94
22	140	9
22	30	14
22	118	89
22	167	63
22	90	46
22	114	53
22	144	80
22	28	62
22	165	58
22	150	16
22	127	30
22	131	13
22	67	98
22	68	76
22	75	45
22	81	64
22	110	56
22	96	87
22	170	53
22	37	75
22	116	86
22	153	5
22	176	62
22	45	47
22	147	38
22	48	29
22	87	7
22	106	47
22	132	69
22	135	27
22	40	80
22	97	18
22	34	83
22	160	52
22	162	62
22	64	96
22	141	8
22	163	7
22	143	29
22	156	98
22	100	27
22	69	35
22	79	41
22	193	98
22	38	10
22	120	92
22	190	59
22	57	31
22	73	75
22	94	97
22	35	17
22	197	91
22	154	77
23	89	74
23	149	89
23	128	15
23	73	60
23	67	61
23	122	41
23	156	34
23	175	60
23	82	99
23	85	59
23	136	46
23	137	38
23	160	89
23	135	75
23	86	78
23	180	83
23	157	9
23	178	12
23	87	69
23	104	36
23	117	43
23	167	51
23	96	51
23	84	41
23	97	25
23	166	71
23	114	32
23	72	54
23	107	36
23	150	89
23	64	39
23	40	94
23	142	51
23	36	62
23	94	14
23	24	64
23	34	54
23	171	8
23	76	53
23	161	53
23	155	80
23	81	91
23	108	50
23	66	56
23	78	68
23	134	66
23	121	87
23	113	56
23	124	53
23	196	24
23	119	34
23	132	53
23	120	22
23	98	78
23	129	99
23	102	49
23	103	47
23	194	66
23	195	61
23	38	82
23	144	45
23	33	52
23	35	71
23	31	50
23	60	96
23	164	19
23	172	12
23	176	41
23	190	84
23	123	93
23	46	56
23	53	44
23	106	77
24	175	53
24	142	64
24	71	50
24	89	61
24	151	20
24	87	22
24	67	44
24	85	13
24	143	93
24	90	13
24	145	67
24	27	83
24	140	16
24	30	16
24	68	54
24	156	95
24	173	75
24	112	12
24	157	77
24	117	95
24	171	39
24	119	65
24	33	19
24	155	74
24	32	27
24	161	37
24	28	69
24	97	70
24	135	88
24	183	97
24	86	81
24	79	10
24	130	80
24	69	63
24	44	67
24	95	70
24	159	33
24	40	32
24	45	55
24	160	79
24	120	70
24	108	68
24	116	69
24	123	27
24	36	75
24	66	46
24	168	9
24	147	75
24	105	48
24	165	19
24	174	64
24	94	82
24	152	35
24	52	30
24	37	23
24	75	74
24	121	71
24	43	97
24	38	33
24	129	93
24	113	45
24	196	78
24	47	83
24	76	13
24	125	94
24	39	59
24	198	97
24	60	62
24	153	60
24	88	49
25	136	97
25	151	77
25	159	21
25	26	36
25	145	40
25	66	15
25	157	86
25	72	91
25	158	6
25	104	60
25	169	28
25	96	78
25	174	24
25	108	32
25	126	70
25	71	22
25	138	23
25	111	43
25	170	46
25	115	96
25	27	8
25	94	45
25	181	72
25	124	53
25	74	38
25	90	11
25	101	51
25	160	53
25	103	71
25	168	71
25	73	46
25	85	17
25	178	16
25	175	86
25	40	11
25	84	42
25	139	73
25	149	49
25	165	33
25	118	7
25	43	23
25	69	53
25	182	75
25	44	7
25	29	42
25	131	38
25	78	40
25	166	73
25	30	98
25	155	26
25	109	58
25	31	37
25	132	12
25	179	85
25	154	56
25	92	30
25	89	74
25	133	13
25	87	33
25	48	90
25	51	97
25	183	43
25	99	30
25	147	8
25	107	52
25	47	74
25	129	70
25	130	21
25	105	96
25	142	7
25	176	39
25	41	77
25	135	19
25	171	5
26	98	77
26	163	41
26	93	47
26	120	71
26	152	8
26	183	88
26	173	81
26	77	69
26	33	99
26	154	71
26	176	33
26	72	15
26	131	68
26	99	56
26	121	65
26	174	77
26	100	40
26	81	70
26	71	61
26	156	25
26	96	71
26	40	13
26	68	70
26	180	63
26	151	15
26	28	83
26	103	65
26	159	29
26	112	68
26	43	54
26	161	54
26	109	63
26	117	23
26	149	46
26	139	80
26	90	51
26	132	25
26	126	28
26	87	89
26	74	12
26	34	71
26	104	52
26	94	97
26	157	32
26	158	9
26	155	12
26	133	63
26	113	98
26	32	57
26	88	97
26	184	48
26	48	69
26	67	98
26	171	74
26	169	38
26	36	19
26	198	28
26	118	45
26	130	5
26	141	28
26	38	9
26	197	58
26	60	25
26	190	42
26	182	64
26	45	5
26	167	91
27	86	37
27	96	78
27	118	82
27	132	14
27	179	59
27	157	67
27	88	59
27	136	86
27	167	17
27	168	29
27	169	29
27	148	70
27	100	94
27	83	48
27	90	58
27	138	61
27	82	83
27	102	42
27	122	73
27	75	85
27	119	76
27	127	91
27	173	71
27	155	40
27	93	73
27	131	55
27	160	37
27	163	12
27	81	61
27	28	59
27	71	82
27	139	76
27	134	35
27	84	91
27	29	89
27	36	7
27	43	57
27	170	78
27	158	93
27	151	81
27	154	8
27	105	82
27	45	81
27	95	89
27	72	99
27	97	70
27	85	55
27	112	83
27	141	93
27	46	42
27	149	30
27	107	20
27	152	42
27	44	87
27	137	40
27	142	91
27	57	55
27	53	84
27	174	77
27	120	54
27	133	45
27	184	55
27	106	77
28	77	59
28	136	55
28	112	41
28	90	37
28	186	9
28	106	91
28	160	6
28	183	68
28	170	34
28	133	89
28	80	88
28	142	38
28	185	87
28	151	17
28	32	40
28	149	79
28	114	89
28	103	63
28	169	95
28	138	71
28	94	63
28	100	48
28	150	25
28	69	55
28	172	13
28	98	89
28	179	92
28	164	7
28	86	95
28	167	38
28	117	22
28	120	24
28	152	93
28	48	31
28	131	97
28	123	60
28	168	13
28	145	64
28	111	27
28	141	53
28	53	84
28	83	36
28	124	81
28	76	39
28	129	81
28	173	12
28	118	93
28	87	13
28	35	78
28	47	46
28	84	89
28	156	15
28	139	51
28	56	10
28	180	66
28	132	16
28	105	34
28	176	31
28	58	86
28	101	72
28	102	71
28	159	28
28	162	82
28	135	9
28	43	51
28	137	34
28	39	63
28	91	77
28	163	99
29	179	62
29	161	32
29	103	47
29	92	46
29	104	46
29	115	90
29	133	13
29	186	42
29	147	94
29	184	89
29	116	73
29	157	43
29	154	38
29	169	98
29	158	53
29	131	13
29	129	40
29	172	65
29	162	29
29	149	11
29	185	10
29	173	14
29	38	32
29	74	5
29	121	28
29	72	42
29	40	68
29	43	22
29	110	26
29	181	52
29	41	68
29	138	70
29	150	11
29	94	71
29	90	63
29	44	11
29	122	34
29	75	53
29	91	28
29	105	15
29	80	43
29	125	88
29	188	37
29	135	65
29	31	48
29	77	76
29	134	47
29	159	80
29	166	36
29	84	96
29	36	39
29	32	35
29	71	19
29	76	93
29	123	17
29	118	34
29	57	97
29	83	87
29	119	76
29	139	77
29	128	12
29	42	63
29	171	16
29	180	7
29	53	49
29	82	71
29	114	18
29	137	76
29	144	78
29	111	100
29	136	96
29	175	53
29	81	60
29	48	32
29	46	11
29	187	6
29	120	24
30	179	57
30	97	64
30	138	77
30	173	70
30	148	26
30	103	34
30	81	67
30	87	50
30	127	31
30	76	9
30	111	37
30	94	80
30	31	90
30	88	38
30	78	11
30	108	49
30	80	91
30	116	22
30	174	25
30	71	60
30	86	99
30	107	33
30	164	52
30	75	12
30	100	43
30	181	39
30	189	22
30	79	59
30	125	30
30	110	11
30	126	52
30	73	99
30	84	40
30	142	35
30	136	79
30	99	20
30	152	5
30	151	69
30	137	17
30	156	80
30	82	80
30	184	35
30	52	8
30	123	29
30	188	47
30	119	7
30	141	54
30	39	29
30	118	92
30	140	72
30	159	87
30	166	15
30	37	36
30	146	72
30	180	42
30	117	39
30	54	38
30	96	51
30	120	78
30	147	20
30	104	36
30	182	68
30	185	14
30	83	80
30	160	95
30	32	24
30	61	35
30	178	89
30	90	21
30	51	25
30	131	71
30	44	16
30	163	25
30	186	27
30	62	5
30	50	14
30	69	58
31	163	100
31	105	44
31	173	15
31	165	59
31	157	28
31	134	73
31	145	47
31	106	23
31	176	29
31	123	95
31	75	42
31	91	20
31	159	25
31	99	58
31	156	87
31	113	75
31	36	42
31	131	35
31	151	38
31	183	31
31	120	94
31	155	92
31	95	30
31	111	55
31	152	100
31	180	28
31	78	22
31	142	6
31	90	87
31	168	73
31	79	48
31	115	29
31	137	45
31	133	53
31	122	95
31	100	83
31	109	19
31	169	99
31	114	10
31	177	52
31	149	47
31	184	96
31	162	32
31	127	84
31	47	43
31	185	77
31	189	12
31	44	86
31	144	88
31	83	66
31	97	33
31	119	33
31	93	24
31	167	41
31	117	15
31	60	60
31	118	37
31	126	11
31	181	80
31	49	40
31	96	30
31	188	58
31	55	58
31	125	44
31	136	88
31	154	16
31	187	78
31	32	97
31	51	89
31	146	22
31	86	25
31	141	57
31	161	84
31	138	9
31	52	16
32	149	42
32	177	45
32	146	82
32	111	85
32	158	83
32	155	73
32	93	87
32	103	59
32	80	18
32	34	53
32	86	13
32	166	32
32	179	92
32	74	76
32	134	70
32	138	62
32	165	35
32	42	30
32	183	81
32	97	47
32	129	68
32	151	75
32	109	53
32	76	30
32	190	17
32	188	38
32	127	11
32	38	65
32	92	17
32	99	8
32	33	95
32	95	27
32	171	82
32	89	30
32	82	49
32	189	23
32	84	86
32	50	32
32	49	65
32	75	66
32	44	51
32	40	6
32	136	85
32	152	92
32	56	70
32	126	93
32	53	31
32	60	57
32	104	57
32	157	44
32	81	8
32	63	17
32	46	6
32	141	66
32	62	67
32	161	77
32	77	98
32	64	17
32	87	27
32	65	35
32	45	72
32	108	34
32	79	94
33	115	95
33	80	7
33	84	90
33	82	37
33	91	80
33	151	86
33	117	9
33	99	38
33	143	50
33	144	52
33	77	7
33	113	47
33	186	40
33	168	74
33	78	40
33	127	85
33	161	81
33	86	74
33	122	57
33	104	98
33	137	58
33	179	57
33	178	52
33	44	19
33	108	95
33	171	72
33	90	95
33	93	20
33	35	51
33	92	33
33	132	28
33	172	32
33	107	75
33	37	92
33	114	76
33	126	25
33	120	27
33	42	56
33	36	84
33	182	38
33	188	37
33	40	56
33	156	59
33	175	88
33	180	24
33	112	80
33	125	11
33	166	28
33	123	61
33	79	69
33	109	6
33	133	57
33	189	76
33	149	38
33	140	51
33	124	39
33	145	71
33	177	42
33	118	75
33	87	6
33	38	24
33	95	66
33	135	29
33	100	74
33	66	39
33	110	99
33	170	64
33	163	15
33	61	83
33	70	33
33	154	60
33	174	9
33	34	53
33	74	61
33	191	7
33	134	8
33	164	31
34	80	96
34	186	72
34	93	77
34	148	80
34	92	14
34	159	61
34	88	87
34	131	92
34	42	60
34	120	67
34	153	44
34	81	86
34	162	72
34	38	38
34	146	55
34	142	38
34	45	51
34	125	13
34	181	54
34	165	68
34	111	10
34	102	54
34	100	42
34	192	36
34	150	19
34	101	44
34	107	45
34	133	79
34	177	32
34	187	44
34	144	46
34	152	57
34	83	31
34	172	32
34	188	73
34	137	76
34	145	16
34	51	52
34	193	51
34	110	55
34	123	55
34	178	78
34	151	39
34	79	18
34	141	68
34	95	76
34	85	88
34	40	35
34	90	61
34	124	48
34	118	35
34	36	39
34	44	67
34	171	85
34	127	99
34	43	41
34	109	80
34	89	18
34	55	24
34	136	15
34	170	23
34	91	28
34	179	86
34	106	83
34	134	30
34	157	84
34	63	53
35	106	63
35	131	90
35	100	68
35	83	83
35	133	76
35	130	33
35	82	55
35	142	88
35	148	55
35	134	61
35	115	20
35	126	6
35	87	63
35	161	78
35	138	52
35	42	32
35	98	31
35	173	30
35	76	64
35	194	86
35	90	30
35	120	45
35	174	72
35	119	14
35	185	51
35	53	70
35	188	22
35	135	33
35	125	26
35	165	49
35	84	52
35	169	70
35	51	5
35	160	86
35	97	9
35	52	81
35	166	41
35	48	13
35	129	77
35	91	25
35	172	45
35	146	15
35	139	42
35	88	78
35	144	8
35	157	70
35	116	46
35	94	48
35	58	34
35	189	9
35	41	9
35	61	23
35	67	6
35	107	15
35	147	6
35	137	72
35	46	53
35	178	51
35	63	82
35	187	65
36	181	13
36	100	91
36	91	92
36	194	57
36	108	59
36	125	48
36	89	49
36	93	6
36	87	40
36	128	67
36	101	59
36	157	9
36	111	79
36	86	48
36	144	19
36	183	10
36	178	87
36	102	25
36	179	73
36	99	78
36	153	52
36	124	44
36	132	24
36	170	29
36	147	51
36	37	98
36	104	51
36	137	67
36	110	91
36	193	54
36	49	33
36	52	75
36	189	93
36	123	5
36	148	8
36	77	57
36	48	78
36	40	99
36	98	36
36	113	70
36	106	99
36	78	96
36	167	45
36	191	82
36	185	6
36	115	98
36	114	55
36	127	93
36	62	86
36	59	60
36	61	99
36	103	82
36	57	19
36	195	90
36	54	44
36	112	56
36	44	43
36	143	91
36	187	89
36	177	28
36	120	62
36	162	48
36	180	61
36	85	61
36	126	46
36	160	84
36	145	80
36	140	23
36	188	86
37	97	96
37	87	96
37	108	28
37	134	55
37	184	100
37	144	79
37	103	35
37	178	35
37	192	10
37	129	60
37	105	65
37	136	69
37	119	88
37	193	57
37	177	71
37	195	66
37	150	20
37	170	55
37	111	64
37	91	92
37	89	67
37	101	35
37	44	93
37	100	8
37	187	10
37	190	23
37	145	100
37	82	82
37	106	62
37	138	62
37	126	54
37	122	18
37	102	47
37	110	63
37	171	98
37	114	8
37	84	31
37	155	8
37	191	17
37	88	95
37	38	14
37	158	55
37	60	21
37	135	20
37	174	66
37	118	26
37	50	52
37	109	18
37	99	70
37	166	11
37	124	94
37	93	45
37	120	49
37	173	76
37	83	84
37	153	37
37	165	24
37	98	50
37	128	15
37	92	66
37	46	47
37	73	72
37	45	34
37	146	83
37	196	66
37	69	99
37	133	87
37	199	51
37	65	50
38	130	50
38	106	81
38	128	55
38	140	21
38	141	31
38	166	13
38	175	74
38	178	88
38	196	7
38	133	6
38	91	29
38	97	8
38	179	24
38	158	100
38	109	75
38	131	29
38	125	25
38	147	15
38	184	20
38	103	33
38	134	51
38	119	69
38	148	51
38	163	72
38	90	82
38	192	27
38	101	47
38	156	80
38	195	39
38	49	51
38	84	29
38	169	12
38	161	92
38	176	51
38	114	8
38	187	90
38	197	35
38	191	88
38	39	17
38	83	70
38	87	7
38	93	10
38	170	73
38	136	72
38	150	63
38	51	13
38	98	78
38	194	62
38	44	56
38	80	98
38	120	91
38	118	76
38	153	45
38	135	46
38	82	14
38	47	64
38	146	28
38	142	94
38	63	61
38	100	43
38	110	99
38	138	64
38	117	89
38	189	74
38	122	86
38	41	62
38	55	16
38	124	33
38	88	43
38	89	83
38	193	85
38	152	16
38	129	77
38	107	90
38	185	91
38	188	97
38	61	13
39	141	27
39	115	13
39	151	82
39	105	80
39	146	54
39	181	28
39	143	84
39	179	40
39	174	35
39	161	7
39	106	32
39	196	90
39	175	33
39	168	12
39	189	61
39	88	33
39	99	88
39	139	33
39	136	31
39	148	94
39	84	96
39	43	6
39	167	23
39	188	57
39	138	32
39	112	64
39	145	93
39	186	86
39	190	86
39	119	8
39	45	51
39	51	64
39	49	24
39	90	16
39	94	8
39	155	22
39	113	56
39	187	20
39	47	64
39	131	46
39	142	32
39	182	94
39	93	28
39	96	40
39	108	57
39	89	68
39	185	56
39	169	10
39	171	19
39	194	76
39	177	6
39	156	55
39	66	15
39	40	30
39	133	76
39	69	24
39	110	29
39	62	83
39	162	37
39	123	86
39	102	34
39	80	71
39	56	79
39	46	6
39	83	36
39	97	76
39	180	78
39	111	97
39	172	92
39	183	35
39	120	73
39	197	40
40	140	44
40	193	61
40	187	87
40	196	47
40	171	91
40	117	79
40	158	39
40	129	16
40	99	67
40	87	53
40	169	90
40	131	50
40	111	47
40	114	51
40	161	9
40	198	53
40	192	37
40	194	27
40	138	40
40	41	96
40	126	35
40	189	41
40	120	22
40	121	76
40	175	43
40	132	56
40	82	87
40	54	62
40	150	74
40	83	15
40	146	25
40	109	39
40	104	65
40	162	53
40	148	22
40	119	66
40	159	79
40	52	22
40	135	44
40	49	48
40	53	97
40	100	95
40	172	32
40	116	7
40	103	67
40	112	25
40	47	52
40	113	65
40	42	81
40	152	18
40	177	30
40	94	88
40	62	91
40	139	60
40	85	31
40	96	78
40	141	82
40	197	11
40	199	28
40	93	87
40	180	37
40	127	47
40	174	82
41	159	18
41	94	87
41	161	58
41	101	45
41	107	58
41	149	19
41	88	6
41	168	91
41	82	96
41	175	98
41	110	32
41	95	66
41	103	20
41	191	60
41	174	10
41	171	41
41	119	16
41	112	83
41	111	17
41	140	84
41	180	57
41	52	84
41	145	37
41	156	43
41	173	92
41	89	81
41	142	85
41	122	35
41	147	91
41	53	69
41	105	63
41	141	97
41	54	94
41	96	47
41	166	86
41	169	13
41	177	92
41	100	78
41	61	9
41	198	57
41	58	73
41	189	23
41	165	95
41	68	11
41	117	16
41	84	53
41	113	83
41	146	49
41	148	45
41	86	80
41	63	82
41	91	96
41	93	41
41	114	66
41	139	36
41	120	73
41	181	99
41	65	79
41	51	73
41	130	55
41	152	83
41	60	94
42	97	33
42	89	57
42	171	63
42	94	66
42	128	81
42	199	14
42	159	73
42	170	84
42	192	75
42	157	81
42	146	7
42	190	77
42	96	57
42	93	26
42	129	43
42	48	20
42	103	82
42	186	15
42	182	49
42	126	97
42	148	97
42	116	75
42	85	99
42	98	57
42	187	19
42	155	22
42	127	6
42	86	61
42	104	8
42	133	13
42	88	45
42	107	29
42	197	7
42	101	62
42	147	78
42	120	53
42	113	68
42	46	23
42	162	93
42	168	63
42	83	74
42	55	74
42	153	29
42	90	39
42	196	46
42	193	29
42	150	95
42	141	27
42	109	39
42	185	66
42	139	78
42	124	64
42	137	12
42	50	38
42	161	38
42	69	62
42	180	92
42	181	25
42	52	52
42	54	82
42	64	92
42	115	49
42	134	78
42	67	39
42	167	24
42	188	18
42	184	36
42	102	68
42	74	79
42	81	57
43	160	88
43	109	57
43	194	99
43	193	52
43	88	83
43	155	100
43	167	82
43	92	75
43	176	26
43	132	66
43	117	26
43	195	61
43	124	40
43	119	73
43	49	81
43	93	14
43	164	81
43	115	58
43	186	38
43	105	62
43	161	98
43	158	64
43	110	7
43	156	72
43	143	71
43	128	73
43	183	28
43	163	45
43	44	65
43	127	14
43	52	58
43	184	92
43	146	66
43	121	62
43	134	96
43	153	56
43	198	96
43	96	19
43	58	74
43	145	90
43	151	42
43	116	35
43	140	24
43	165	92
43	120	52
43	196	75
43	199	88
43	175	43
43	61	58
43	84	74
43	171	24
43	46	52
43	162	55
43	191	46
43	69	93
43	71	89
43	188	26
43	97	65
43	106	33
43	68	54
43	168	63
43	60	7
43	51	54
43	125	67
43	95	85
43	159	49
43	130	25
43	131	39
43	177	62
43	72	77
43	157	64
43	50	30
43	89	66
43	126	52
43	149	53
43	148	50
44	111	74
44	188	97
44	169	22
44	94	13
44	124	19
44	107	74
44	144	21
44	192	43
44	177	25
44	152	41
44	165	11
44	116	26
44	183	99
44	196	96
44	164	16
44	187	67
44	181	37
44	100	75
44	157	81
44	195	74
44	51	10
44	106	96
44	110	21
44	173	45
44	162	97
44	93	16
44	185	51
44	138	32
44	86	13
44	163	7
44	104	84
44	61	52
44	97	98
44	117	42
44	150	34
44	96	93
44	109	65
44	122	95
44	170	83
44	147	26
44	85	62
44	136	49
44	60	12
44	90	96
44	161	98
44	73	55
44	54	18
44	167	7
44	184	17
44	120	74
44	49	72
44	146	10
44	175	82
44	197	47
44	59	38
44	174	9
44	52	32
44	47	18
44	81	49
44	70	65
45	159	32
45	100	66
45	166	80
45	191	61
45	150	87
45	131	100
45	130	12
45	173	31
45	129	23
45	167	10
45	179	58
45	174	24
45	147	20
45	48	46
45	101	95
45	157	78
45	127	34
45	92	11
45	153	15
45	89	38
45	136	17
45	190	8
45	164	83
45	171	20
45	148	41
45	113	35
45	149	83
45	47	67
45	193	13
45	133	91
45	194	77
45	143	30
45	165	17
45	103	92
45	64	67
45	117	18
45	196	89
45	56	79
45	49	7
45	140	85
45	46	90
45	186	11
45	111	68
45	141	48
45	115	13
45	104	16
45	66	14
45	146	84
45	180	34
45	70	74
45	98	97
45	137	44
45	188	10
45	116	86
45	114	64
45	158	62
45	120	19
45	71	27
45	197	63
45	57	32
45	91	96
45	192	53
45	74	79
45	99	52
45	110	85
45	112	18
45	106	99
45	126	89
45	144	22
45	177	32
45	65	55
46	175	38
46	155	80
46	150	39
46	101	98
46	119	31
46	99	45
46	137	93
46	180	44
46	107	87
46	160	19
46	108	46
46	165	26
46	117	6
46	129	15
46	130	30
46	116	59
46	166	59
46	112	29
46	106	18
46	152	100
46	98	77
46	133	21
46	189	8
46	181	87
46	162	11
46	164	25
46	196	40
46	89	38
46	149	57
46	191	78
46	50	94
46	199	19
46	124	89
46	143	70
46	127	12
46	169	32
46	193	79
46	58	68
46	96	69
46	146	83
46	151	22
46	134	14
46	167	32
46	192	45
46	90	85
46	118	76
46	66	44
46	136	11
46	198	79
46	110	67
46	115	21
46	105	29
46	69	91
46	62	11
46	75	99
46	87	32
46	68	42
46	120	30
46	67	33
46	57	54
46	53	50
47	178	25
47	180	10
47	92	57
47	125	82
47	117	58
47	161	17
47	160	60
47	164	23
47	144	51
47	188	58
47	174	29
47	173	7
47	139	85
47	118	41
47	165	94
47	93	72
47	127	30
47	166	86
47	147	45
47	111	63
47	155	36
47	49	28
47	167	38
47	53	71
47	171	13
47	186	27
47	187	71
47	190	94
47	124	23
47	135	74
47	89	63
47	100	58
47	168	32
47	196	77
47	120	79
47	197	60
47	123	97
47	97	40
47	183	34
47	194	60
47	154	63
47	157	74
47	143	76
47	185	30
47	126	87
47	162	33
47	138	11
47	182	64
47	119	37
47	121	61
47	134	39
47	58	15
47	69	36
47	199	18
47	193	17
47	113	23
47	82	17
47	95	44
47	54	20
47	76	79
47	115	52
47	192	36
47	98	93
47	99	71
48	107	37
48	161	48
48	186	18
48	131	31
48	187	57
48	154	75
48	122	46
48	91	32
48	172	61
48	95	70
48	109	59
48	177	44
48	119	79
48	183	89
48	148	36
48	157	88
48	188	80
48	105	76
48	195	29
48	163	12
48	93	41
48	165	26
48	89	35
48	166	49
48	132	30
48	169	53
48	182	67
48	129	5
48	111	22
48	58	5
48	153	20
48	116	68
48	98	94
48	50	96
48	171	68
48	192	67
48	114	60
48	66	13
48	100	47
48	162	80
48	136	64
48	108	14
48	54	20
48	115	68
48	65	84
48	160	28
48	175	65
48	150	30
48	158	79
48	197	93
48	67	65
48	164	70
48	76	50
48	144	33
48	73	51
48	110	88
48	149	40
48	133	38
48	141	51
48	194	62
48	57	11
48	174	29
48	92	31
48	77	37
48	94	31
48	75	95
48	61	11
49	151	58
49	119	39
49	140	53
49	167	26
49	176	39
49	113	41
49	180	8
49	152	91
49	50	46
49	120	58
49	121	62
49	154	39
49	95	20
49	148	6
49	96	48
49	147	86
49	193	54
49	112	22
49	171	97
49	100	44
49	61	69
49	153	86
49	150	69
49	99	37
49	185	46
49	155	25
49	161	79
49	133	15
49	174	63
49	175	70
49	184	39
49	124	43
49	104	79
49	137	50
49	72	77
49	127	52
49	130	58
49	65	10
49	91	64
49	57	78
49	143	39
49	189	99
49	162	26
49	136	17
49	115	6
49	198	78
49	75	42
49	188	97
49	97	68
49	53	63
49	55	12
49	159	49
49	117	16
49	80	45
49	169	8
49	177	43
49	103	15
49	62	51
49	114	54
49	51	25
50	181	62
50	122	26
50	106	23
50	103	16
50	119	52
50	163	52
50	145	74
50	125	53
50	93	40
50	133	14
50	150	7
50	178	76
50	52	66
50	54	84
50	134	32
50	139	95
50	159	17
50	157	76
50	165	75
50	123	72
50	136	12
50	140	53
50	192	81
50	146	31
50	142	94
50	143	28
50	164	72
50	116	60
50	60	60
50	126	47
50	138	24
50	197	82
50	127	36
50	135	84
50	182	27
50	96	14
50	57	16
50	94	42
50	56	60
50	59	56
50	67	91
50	141	58
50	66	6
50	101	38
50	172	78
50	162	75
50	160	83
50	194	36
50	185	32
50	95	99
50	111	64
50	68	7
50	58	11
50	105	67
50	124	74
50	99	64
50	189	5
50	177	97
50	118	63
50	132	75
50	130	94
50	155	70
50	161	91
50	114	77
50	173	86
50	188	64
50	167	58
50	166	40
50	156	47
50	193	45
51	126	98
51	52	89
51	182	27
51	113	70
51	129	79
51	176	54
51	174	15
51	194	36
51	54	58
51	97	85
51	136	17
51	199	17
51	105	7
51	58	19
51	173	30
51	175	65
51	166	33
51	156	93
51	186	62
51	157	95
51	159	8
51	92	79
51	108	67
51	124	23
51	110	67
51	145	52
51	150	43
51	152	69
51	177	27
51	169	61
51	64	45
51	66	20
51	140	50
51	138	45
51	111	38
51	115	32
51	118	16
51	65	35
51	131	16
51	142	23
51	132	25
51	95	36
51	143	41
51	60	11
51	128	95
51	133	95
51	168	73
51	73	22
51	61	70
51	59	13
51	125	57
51	135	94
51	147	9
51	71	98
51	183	71
51	79	52
51	193	27
51	93	94
51	78	84
51	122	28
51	134	44
51	191	95
51	170	71
51	188	73
51	84	29
51	94	38
51	99	64
51	107	100
51	137	9
51	153	88
51	100	93
52	151	18
52	179	70
52	114	49
52	109	28
52	55	39
52	186	16
52	188	5
52	192	6
52	127	83
52	145	56
52	178	27
52	183	29
52	108	32
52	128	43
52	198	45
52	93	80
52	104	10
52	153	100
52	111	50
52	122	71
52	130	61
52	164	61
52	118	85
52	141	10
52	150	65
52	121	74
52	124	83
52	123	33
52	190	13
52	137	32
52	142	25
52	166	39
52	171	73
52	177	45
52	134	45
52	176	80
52	149	77
52	135	52
52	59	88
52	191	34
52	146	29
52	61	56
52	100	64
52	139	43
52	160	94
52	80	38
52	156	98
52	66	57
52	57	98
52	74	8
52	172	20
52	170	17
52	68	100
52	199	66
52	63	35
52	168	23
52	102	43
52	195	69
52	86	80
52	60	7
52	99	34
53	126	33
53	113	27
53	168	71
53	170	27
53	136	39
53	110	77
53	176	89
53	190	39
53	197	80
53	130	63
53	169	91
53	172	7
53	56	59
53	160	87
53	181	83
53	184	16
53	185	5
53	101	33
53	159	57
53	61	93
53	107	11
53	189	12
53	67	14
53	115	17
53	114	23
53	186	56
53	62	100
53	116	28
53	171	38
53	127	39
53	70	64
53	166	10
53	139	92
53	164	89
53	162	36
53	55	42
53	106	36
53	60	47
53	77	48
53	145	38
53	112	51
53	125	13
53	194	48
53	64	76
53	149	66
53	63	22
53	75	49
53	71	70
53	119	56
53	120	91
53	196	85
53	150	41
53	69	83
53	177	73
53	173	16
53	179	44
53	98	12
53	103	35
53	163	62
53	92	63
53	105	46
53	131	33
53	175	11
54	133	60
54	102	52
54	148	99
54	56	41
54	189	65
54	124	65
54	158	57
54	152	37
54	193	35
54	196	93
54	197	28
54	138	93
54	162	95
54	109	86
54	114	79
54	155	80
54	95	54
54	126	58
54	199	68
54	98	8
54	192	33
54	177	64
54	131	88
54	153	82
54	107	17
54	99	83
54	122	6
54	116	90
54	166	17
54	182	11
54	144	5
54	103	46
54	55	41
54	75	24
54	130	50
54	178	88
54	60	66
54	181	57
54	108	56
54	179	94
54	154	40
54	74	67
54	66	42
54	82	51
54	185	46
54	127	25
54	79	28
54	101	64
54	139	82
54	164	34
54	170	31
54	69	50
54	173	71
54	136	42
54	147	96
54	113	26
54	117	11
54	169	6
55	157	49
55	117	92
55	182	16
55	141	35
55	142	22
55	151	73
55	59	17
55	135	11
55	168	47
55	193	9
55	131	67
55	155	67
55	127	36
55	174	82
55	169	72
55	178	28
55	123	19
55	153	54
55	105	68
55	167	7
55	196	31
55	139	85
55	146	76
55	126	50
55	166	31
55	98	39
55	192	28
55	114	35
55	116	47
55	172	8
55	197	44
55	63	66
55	159	40
55	99	94
55	188	64
55	175	64
55	56	59
55	68	37
55	132	55
55	115	39
55	138	90
55	176	93
55	121	13
55	81	43
55	66	68
55	70	62
55	137	68
55	72	28
55	84	80
55	71	85
55	181	57
55	125	20
55	177	27
55	185	61
55	77	42
55	103	20
55	73	21
55	163	55
55	158	51
55	170	56
55	95	77
56	150	15
56	112	35
56	122	25
56	109	83
56	119	65
56	156	80
56	196	50
56	135	49
56	58	76
56	152	27
56	183	77
56	198	26
56	193	12
56	162	99
56	113	93
56	180	11
56	59	70
56	132	28
56	64	34
56	114	23
56	116	62
56	118	87
56	144	96
56	145	20
56	164	45
56	107	63
56	106	32
56	186	46
56	100	18
56	61	26
56	177	67
56	70	21
56	62	70
56	102	33
56	163	91
56	81	93
56	157	58
56	99	17
56	117	44
56	108	73
56	158	74
56	143	82
56	175	57
56	65	46
56	151	30
56	191	21
56	140	99
56	78	72
56	182	75
57	157	57
57	154	7
57	126	24
57	161	21
57	133	33
57	141	97
57	173	45
57	127	91
57	192	55
57	159	79
57	60	26
57	128	43
57	116	13
57	170	35
57	130	98
57	137	72
57	108	57
57	162	56
57	102	12
57	59	84
57	122	69
57	142	58
57	188	16
57	101	27
57	71	17
57	198	70
57	195	64
57	197	85
57	61	85
57	199	10
57	156	67
57	149	52
57	166	73
57	165	39
57	182	77
57	98	67
57	144	37
57	179	55
57	175	87
57	111	92
57	140	46
57	121	48
57	171	12
57	181	74
57	99	8
57	84	20
57	72	10
57	75	14
57	112	37
57	92	52
57	58	11
57	169	20
57	109	66
58	123	48
58	199	87
58	129	49
58	160	53
58	194	70
58	116	44
58	184	13
58	195	46
58	144	29
58	60	94
58	157	87
58	59	85
58	138	41
58	179	30
58	168	92
58	102	26
58	167	57
58	112	81
58	161	65
58	130	17
58	100	73
58	159	93
58	71	11
58	158	36
58	73	57
58	66	99
58	183	41
58	137	44
58	148	5
58	147	18
58	150	68
58	169	56
58	113	23
58	79	46
58	74	81
58	127	58
58	178	84
58	77	25
58	162	75
58	120	13
58	165	6
58	69	13
58	132	52
58	83	8
58	191	9
58	63	77
58	198	80
58	149	90
58	128	14
58	155	34
58	156	68
58	111	44
58	114	11
58	126	14
58	78	11
58	67	65
58	115	92
58	170	97
58	177	83
58	189	33
59	171	41
59	146	51
59	178	62
59	199	46
59	187	21
59	130	25
59	149	19
59	143	83
59	185	45
59	119	100
59	137	26
59	160	65
59	65	67
59	110	79
59	67	89
59	158	30
59	144	98
59	194	37
59	107	23
59	151	87
59	124	57
59	189	75
59	125	86
59	140	15
59	190	72
59	138	65
59	122	71
59	106	68
59	141	76
59	128	20
59	62	26
59	154	33
59	105	78
59	76	46
59	193	87
59	75	28
59	157	93
59	78	78
59	134	33
59	84	27
59	186	59
59	197	68
59	100	29
59	89	71
59	81	83
59	92	43
59	152	73
59	85	62
59	162	8
59	169	69
59	133	12
59	142	99
59	77	61
59	80	46
59	135	62
59	183	76
59	184	54
59	102	21
59	103	93
60	167	59
60	185	88
60	172	29
60	116	56
60	143	99
60	198	83
60	160	76
60	147	67
60	182	28
60	163	21
60	174	43
60	166	40
60	124	87
60	146	52
60	169	16
60	190	15
60	64	66
60	145	23
60	193	47
60	195	23
60	144	78
60	140	16
60	164	74
60	161	88
60	196	75
60	123	90
60	65	58
60	112	82
60	114	9
60	68	15
60	66	94
60	107	38
60	191	17
60	76	91
60	109	75
60	152	51
60	79	84
60	133	77
60	81	39
60	158	22
60	129	45
60	102	13
60	132	11
60	150	79
60	176	62
60	181	75
60	199	93
60	125	91
60	73	38
60	75	82
60	77	83
60	141	76
60	186	74
60	168	37
60	92	31
60	69	50
60	110	40
60	159	44
60	93	50
60	117	46
60	151	39
60	118	97
61	127	71
61	189	92
61	63	99
61	176	75
61	177	78
61	181	70
61	140	28
61	157	63
61	113	75
61	162	63
61	120	60
61	146	76
61	103	24
61	153	85
61	118	24
61	62	17
61	104	42
61	183	77
61	159	71
61	173	11
61	122	79
61	188	32
61	121	71
61	174	47
61	193	21
61	116	58
61	133	87
61	110	10
61	126	6
61	160	68
61	130	77
61	163	61
61	169	24
61	170	63
61	65	92
61	187	68
61	67	42
61	155	41
61	134	96
61	80	17
61	148	47
61	117	40
61	192	66
61	135	73
61	128	36
61	194	73
61	154	6
61	77	85
61	70	89
61	166	44
61	161	63
61	73	44
61	198	72
61	69	9
61	142	67
61	138	52
61	195	29
61	144	29
61	185	55
61	85	77
61	107	15
61	114	10
62	134	31
62	114	16
62	192	41
62	63	16
62	185	12
62	137	80
62	197	89
62	66	89
62	176	91
62	136	68
62	154	10
62	181	49
62	198	90
62	191	70
62	133	19
62	103	87
62	122	96
62	162	34
62	73	41
62	167	25
62	123	44
62	156	52
62	160	43
62	179	45
62	187	25
62	68	37
62	172	53
62	104	90
62	75	71
62	177	88
62	189	72
62	147	19
62	180	87
62	110	94
62	165	50
62	190	49
62	88	13
62	85	91
62	138	94
62	150	55
62	67	48
62	142	70
62	193	47
62	76	89
62	169	66
62	93	9
62	77	85
62	135	89
62	143	92
62	182	37
62	159	11
62	186	65
62	124	51
63	118	76
63	110	37
63	135	76
63	127	88
63	122	32
63	184	34
63	145	42
63	126	24
63	158	19
63	136	61
63	141	40
63	115	20
63	104	56
63	159	42
63	130	23
63	185	77
63	125	28
63	154	18
63	160	13
63	165	18
63	168	38
63	178	27
63	120	20
63	195	49
63	163	70
63	164	16
63	186	63
63	172	96
63	69	66
63	166	77
63	112	36
63	174	45
63	191	43
63	169	81
63	64	36
63	117	63
63	147	90
63	177	32
63	140	53
63	79	21
63	81	33
63	107	99
63	161	37
63	132	19
63	114	16
63	182	97
63	76	92
63	86	32
63	152	72
63	198	76
63	100	92
63	153	12
63	106	81
63	68	98
63	151	60
64	140	55
64	163	26
64	190	21
64	152	80
64	154	78
64	158	99
64	125	9
64	162	7
64	107	7
64	159	15
64	176	23
64	166	53
64	177	72
64	118	40
64	175	25
64	167	22
64	153	54
64	199	46
64	133	42
64	129	48
64	120	85
64	139	18
64	157	45
64	134	9
64	108	13
64	194	45
64	119	94
64	169	81
64	185	81
64	76	92
64	161	65
64	123	32
64	191	54
64	135	32
64	160	67
64	180	6
64	195	14
64	116	75
64	164	91
64	73	82
64	105	57
64	138	15
64	81	25
64	124	59
64	178	49
64	171	27
64	183	76
64	67	70
64	156	53
64	85	6
64	86	96
64	117	91
64	70	94
64	187	55
64	144	56
64	115	44
64	78	74
64	96	54
64	149	100
64	189	59
64	196	6
64	198	79
64	174	6
64	142	86
65	106	94
65	142	75
65	162	35
65	134	93
65	189	6
65	131	55
65	171	98
65	163	59
65	144	90
65	158	68
65	66	85
65	181	14
65	120	18
65	169	26
65	141	28
65	175	80
65	121	42
65	118	68
65	193	72
65	186	88
65	137	14
65	69	87
65	109	25
65	132	64
65	161	32
65	143	34
65	140	7
65	198	89
65	164	77
65	199	23
65	83	29
65	111	42
65	182	80
65	176	57
65	84	16
65	178	62
65	138	52
65	108	80
65	185	6
65	191	38
65	77	59
65	197	34
65	152	57
65	78	50
65	150	94
65	129	42
65	135	16
65	93	44
65	127	65
65	154	86
65	188	61
65	116	94
65	107	35
65	88	50
65	79	50
65	145	65
65	147	12
65	117	19
65	122	14
65	80	23
65	126	93
65	71	11
65	160	41
66	155	80
66	150	22
66	186	45
66	196	43
66	119	56
66	185	7
66	177	67
66	164	54
66	117	32
66	139	7
66	192	60
66	179	29
66	178	10
66	170	64
66	140	77
66	69	97
66	77	99
66	173	55
66	176	88
66	107	35
66	73	73
66	153	87
66	182	22
66	158	40
66	82	40
66	163	95
66	109	40
66	110	53
66	115	6
66	72	29
66	142	50
66	75	17
66	88	8
66	90	74
66	162	99
66	193	53
66	108	37
66	181	82
66	157	53
66	68	23
66	143	40
66	78	8
66	152	18
66	79	50
66	71	16
66	85	23
67	169	14
67	137	30
67	194	92
67	162	45
67	180	10
67	199	14
67	129	77
67	198	19
67	135	42
67	163	47
67	148	62
67	195	87
67	154	59
67	73	21
67	113	71
67	70	36
67	120	18
67	185	90
67	189	66
67	175	33
67	171	44
67	122	62
67	140	54
67	144	71
67	80	32
67	131	23
67	190	67
67	68	48
67	188	79
67	159	66
67	72	51
67	170	57
67	192	67
67	177	86
67	157	75
67	119	87
67	87	11
67	133	94
67	142	40
67	179	67
67	125	18
67	164	75
67	146	19
67	78	96
67	69	49
67	90	48
67	168	89
67	98	33
67	99	95
67	111	16
67	88	98
67	121	95
67	93	35
68	163	42
68	171	74
68	180	10
68	128	79
68	138	41
68	160	27
68	191	28
68	114	44
68	196	75
68	145	87
68	188	46
68	175	90
68	110	5
68	189	59
68	155	70
68	164	37
68	120	63
68	139	57
68	131	11
68	165	8
68	126	40
68	169	80
68	173	50
68	113	50
68	111	52
68	122	17
68	86	83
68	199	69
68	142	10
68	134	93
68	76	96
68	178	7
68	187	76
68	144	53
68	116	7
68	73	58
68	176	24
68	92	43
68	88	21
68	161	26
68	72	59
68	133	60
68	127	33
68	81	37
68	154	73
68	170	24
69	130	17
69	167	37
69	112	86
69	178	33
69	184	53
69	154	71
69	128	10
69	190	40
69	132	59
69	140	7
69	133	51
69	144	62
69	199	53
69	120	85
69	156	8
69	162	76
69	163	40
69	169	95
69	147	27
69	136	95
69	143	33
69	173	9
69	181	88
69	77	53
69	78	10
69	164	20
69	72	92
69	159	97
69	171	85
69	150	57
69	166	72
69	121	55
69	76	41
69	70	83
69	142	95
69	193	11
69	180	12
69	90	22
69	129	81
69	195	56
69	177	73
69	145	54
69	127	93
69	187	52
69	183	95
69	116	95
69	123	84
69	74	22
69	158	86
69	99	73
69	122	20
69	82	79
69	149	36
69	93	93
69	138	76
69	198	21
69	148	11
70	139	54
70	146	43
70	151	30
70	183	58
70	162	38
70	198	97
70	143	87
70	137	43
70	155	69
70	194	61
70	120	45
70	121	66
70	161	66
70	199	25
70	159	66
70	196	35
70	122	10
70	112	89
70	133	17
70	142	87
70	140	59
70	157	13
70	188	51
70	178	73
70	156	21
70	82	96
70	149	94
70	191	48
70	185	77
70	71	17
70	164	92
70	85	47
70	77	70
70	173	7
70	180	65
70	145	92
70	132	46
70	128	30
70	160	28
70	177	97
70	88	26
70	124	19
70	171	87
70	187	16
70	92	68
70	195	73
70	83	60
70	96	26
70	118	83
70	90	86
70	75	56
70	182	33
70	113	70
70	154	9
70	126	39
70	179	60
71	181	8
71	144	26
71	127	48
71	167	47
71	165	46
71	128	60
71	130	16
71	176	83
71	75	55
71	121	37
71	156	87
71	115	34
71	131	67
71	164	94
71	134	15
71	171	70
71	122	74
71	139	28
71	116	47
71	178	65
71	142	96
71	117	100
71	152	66
71	84	23
71	153	76
71	77	11
71	147	13
71	154	82
71	79	98
71	158	94
71	119	42
71	80	12
71	159	62
71	88	67
71	76	91
71	89	48
71	145	81
71	198	13
71	180	73
71	78	22
71	175	78
71	120	15
71	174	27
71	143	38
71	150	54
71	125	95
71	141	52
71	96	47
71	95	24
71	81	45
71	124	87
71	197	33
71	138	52
71	190	45
71	194	22
71	137	15
71	183	81
71	133	84
71	72	72
71	132	74
71	161	93
71	166	72
71	163	85
72	166	68
72	148	64
72	167	90
72	128	33
72	151	89
72	115	57
72	118	19
72	123	18
72	127	68
72	131	66
72	172	87
72	134	87
72	135	18
72	179	52
72	199	71
72	190	77
72	183	71
72	185	34
72	124	13
72	197	39
72	130	15
72	119	90
72	189	91
72	174	15
72	89	34
72	159	84
72	92	20
72	141	62
72	145	63
72	94	99
72	156	7
72	95	53
72	169	48
72	193	22
72	132	79
72	187	95
72	192	25
72	82	57
72	152	57
72	140	38
72	178	58
72	91	67
72	78	53
72	104	15
72	165	41
72	171	57
72	98	24
72	99	66
72	129	75
72	176	10
72	180	40
72	117	68
72	195	84
72	105	46
73	160	89
73	174	48
73	119	7
73	131	16
73	74	33
73	143	66
73	144	55
73	150	51
73	198	39
73	139	90
73	154	29
73	152	84
73	80	24
73	128	59
73	114	85
73	118	47
73	178	28
73	162	79
73	192	32
73	124	88
73	151	90
73	137	72
73	85	49
73	163	36
73	171	59
73	180	76
73	78	82
73	142	68
73	87	21
73	177	63
73	164	46
73	86	52
73	149	7
73	167	31
73	199	34
73	145	15
73	130	76
73	182	7
73	77	30
73	159	75
73	191	26
73	175	39
73	88	28
73	187	97
73	193	25
73	102	78
73	166	65
74	135	60
74	164	36
74	184	57
74	130	16
74	156	91
74	170	78
74	196	39
74	146	89
74	185	82
74	168	28
74	169	28
74	150	91
74	77	96
74	161	35
74	124	42
74	194	51
74	89	69
74	147	27
74	195	65
74	174	76
74	76	23
74	190	28
74	122	10
74	187	35
74	162	13
74	82	72
74	193	22
74	83	25
74	172	52
74	192	46
74	188	91
74	189	73
74	160	85
74	171	53
74	137	26
74	134	93
74	120	54
74	142	85
74	101	56
74	95	42
74	157	28
74	123	48
74	81	99
74	132	49
74	79	86
74	96	10
74	129	35
74	119	90
74	108	33
74	125	85
75	145	7
75	139	88
75	147	82
75	189	45
75	138	50
75	76	11
75	155	56
75	117	93
75	175	52
75	196	14
75	154	59
75	179	49
75	77	39
75	79	44
75	177	69
75	137	68
75	141	27
75	83	76
75	199	54
75	148	57
75	194	61
75	122	53
75	144	12
75	133	75
75	160	62
75	167	91
75	85	14
75	134	64
75	135	81
75	93	12
75	168	88
75	118	81
75	89	24
75	174	36
75	172	40
75	121	51
75	184	83
75	183	57
75	166	57
75	80	72
75	156	79
75	131	55
75	81	64
75	123	27
75	143	28
75	185	63
75	198	7
75	120	50
75	119	31
76	186	70
76	185	45
76	124	42
76	188	35
76	193	78
76	132	9
76	183	40
76	167	56
76	140	40
76	153	55
76	85	94
76	149	20
76	125	98
76	84	97
76	138	84
76	156	34
76	120	65
76	160	83
76	146	14
76	154	38
76	90	66
76	191	34
76	137	53
76	117	87
76	81	85
76	118	5
76	82	68
76	173	28
76	131	97
76	147	64
76	170	55
76	159	89
76	197	34
76	101	8
76	86	86
76	198	23
76	87	34
76	121	10
76	89	78
76	108	37
76	164	10
76	192	79
76	88	50
76	91	76
76	151	79
76	128	68
76	107	45
76	96	40
76	112	7
76	126	24
76	123	67
76	163	87
76	158	45
77	154	61
77	195	91
77	181	75
77	183	9
77	191	59
77	152	81
77	186	92
77	135	67
77	134	34
77	190	86
77	146	99
77	176	51
77	87	67
77	126	32
77	175	77
77	156	14
77	172	85
77	177	37
77	192	37
77	196	71
77	165	29
77	91	58
77	132	25
77	169	78
77	178	39
77	127	22
77	179	27
77	80	32
77	171	77
77	81	84
77	145	80
77	155	93
77	193	53
77	158	32
77	119	87
77	94	22
77	153	13
77	102	85
77	123	15
77	148	6
77	174	64
77	93	22
77	161	93
77	187	70
77	180	59
77	95	89
77	166	80
77	107	39
77	100	60
77	79	98
77	170	57
77	122	40
77	105	78
77	101	90
78	158	66
78	165	17
78	130	60
78	145	92
78	156	52
78	186	73
78	143	12
78	126	68
78	166	77
78	181	60
78	137	53
78	138	60
78	191	93
78	170	65
78	140	28
78	131	42
78	79	22
78	159	21
78	184	7
78	167	81
78	82	93
78	83	61
78	179	51
78	142	28
78	149	51
78	141	75
78	125	80
78	136	43
78	192	79
78	91	96
78	193	38
78	173	61
78	80	39
78	121	96
78	189	32
78	90	9
78	195	15
78	139	38
78	162	48
78	180	59
78	187	26
78	122	85
78	95	39
78	133	97
78	183	87
78	86	20
78	161	44
78	81	22
78	185	87
78	103	91
78	94	65
78	114	19
78	104	50
79	190	11
79	166	94
79	150	61
79	131	33
79	161	70
79	151	16
79	120	49
79	158	13
79	172	45
79	162	22
79	87	37
79	168	88
79	183	91
79	159	40
79	182	74
79	138	32
79	85	6
79	145	60
79	185	80
79	136	11
79	146	34
79	160	5
79	123	80
79	184	23
79	92	58
79	95	32
79	94	69
79	154	39
79	171	21
79	186	87
79	194	91
79	98	50
79	148	9
79	178	51
79	197	10
79	144	69
79	165	94
79	174	35
79	187	66
79	195	42
79	133	54
79	83	83
79	121	9
79	80	52
79	140	94
79	199	12
79	124	65
79	175	99
79	191	71
79	149	45
79	109	66
79	111	68
79	93	25
79	103	47
79	164	21
79	113	44
79	125	7
79	97	26
80	184	38
80	167	12
80	163	88
80	143	13
80	180	70
80	175	6
80	149	28
80	182	47
80	165	42
80	153	73
80	170	82
80	178	79
80	142	76
80	199	10
80	161	84
80	131	95
80	145	87
80	192	97
80	133	10
80	152	49
80	86	9
80	89	27
80	136	29
80	128	26
80	93	16
80	103	10
80	94	46
80	139	56
80	100	83
80	82	15
80	123	56
80	159	18
80	181	9
80	96	92
80	179	85
80	160	95
80	196	40
80	144	85
80	151	40
80	197	28
80	109	37
81	137	37
81	125	40
81	131	29
81	148	12
81	124	13
81	174	62
81	192	51
81	84	70
81	142	34
81	152	45
81	129	44
81	176	58
81	190	23
81	153	80
81	134	62
81	172	92
81	83	37
81	146	30
81	132	61
81	87	26
81	149	27
81	86	29
81	128	55
81	147	34
81	130	30
81	187	13
81	141	74
81	169	18
81	181	90
81	164	82
81	133	8
81	185	12
81	161	67
81	182	71
81	198	62
81	94	22
81	173	91
81	154	56
81	158	46
81	151	45
81	168	34
81	85	89
81	188	22
81	195	29
81	93	86
81	104	94
81	102	23
81	189	20
81	199	73
81	135	77
82	194	42
82	196	56
82	138	50
82	165	52
82	147	6
82	163	73
82	174	93
82	152	53
82	150	91
82	91	60
82	164	86
82	160	10
82	175	9
82	151	84
82	170	60
82	133	33
82	154	70
82	191	85
82	88	89
82	134	96
82	157	23
82	195	46
82	99	92
82	145	60
82	193	41
82	192	89
82	143	11
82	162	81
82	139	37
82	106	23
82	95	60
82	161	47
82	86	18
82	167	24
82	189	91
82	179	40
82	144	93
82	159	72
82	84	100
82	155	66
82	98	38
82	190	50
82	113	100
82	132	77
82	129	63
82	158	64
82	140	18
82	168	47
82	156	87
82	149	63
82	188	97
82	128	62
82	109	45
83	152	55
83	131	50
83	148	11
83	186	6
83	149	30
83	137	40
83	164	69
83	180	76
83	147	67
83	125	71
83	130	78
83	179	33
83	171	97
83	163	10
83	143	19
83	172	7
83	169	69
83	168	38
83	142	47
83	145	25
83	192	33
83	150	14
83	185	30
83	156	83
83	127	34
83	91	6
83	129	31
83	104	56
83	92	100
83	103	7
83	107	17
83	99	10
83	101	15
83	105	70
83	167	70
83	182	61
83	133	24
83	160	91
83	161	74
83	100	45
83	178	24
83	88	97
83	162	44
83	199	47
84	146	65
84	180	10
84	173	43
84	183	86
84	136	66
84	177	50
84	133	90
84	85	16
84	86	45
84	176	72
84	141	76
84	151	25
84	135	36
84	191	72
84	131	73
84	189	55
84	154	16
84	134	67
84	147	21
84	155	27
84	94	78
84	178	32
84	179	76
84	104	82
84	100	75
84	98	48
84	159	34
84	129	26
84	158	56
84	172	24
84	138	32
84	91	72
84	195	64
84	157	92
84	175	30
84	170	24
84	190	18
84	115	57
84	143	45
84	106	48
84	153	73
84	167	32
84	163	95
84	196	54
84	192	70
85	191	20
85	192	62
85	135	54
85	149	66
85	165	56
85	174	28
85	197	94
85	140	95
85	164	54
85	138	81
85	132	10
85	91	35
85	176	93
85	88	61
85	131	38
85	158	18
85	163	59
85	199	20
85	167	33
85	92	26
85	129	90
85	189	27
85	141	73
85	89	42
85	159	89
85	143	94
85	155	21
85	196	86
85	133	91
85	126	87
85	147	62
85	166	17
85	160	15
85	139	99
85	145	78
85	168	23
85	94	98
85	109	12
85	173	23
85	183	84
85	153	79
85	144	59
85	170	90
85	104	40
85	115	99
85	114	16
85	150	99
85	108	49
85	119	67
85	100	48
85	116	8
85	128	17
85	180	99
85	110	7
86	128	9
86	140	73
86	134	52
86	167	57
86	189	42
86	90	6
86	194	21
86	188	18
86	87	7
86	193	61
86	192	5
86	89	88
86	161	69
86	145	79
86	143	74
86	182	11
86	93	86
86	151	55
86	176	55
86	178	61
86	162	13
86	149	61
86	97	16
86	158	8
86	154	63
86	137	33
86	198	67
86	99	44
86	190	12
86	107	46
86	187	32
86	132	60
86	96	8
86	127	41
86	186	43
86	175	18
86	179	93
86	185	65
86	146	51
86	139	72
86	94	64
86	156	18
86	121	35
86	138	60
86	135	73
86	141	61
86	91	70
86	174	12
86	101	34
86	114	85
87	178	24
87	162	58
87	187	93
87	145	76
87	190	6
87	195	72
87	183	28
87	168	53
87	182	18
87	180	23
87	158	64
87	144	14
87	92	30
87	166	49
87	181	100
87	130	80
87	99	84
87	150	98
87	160	57
87	186	45
87	134	5
87	94	39
87	167	51
87	159	79
87	188	68
87	89	80
87	184	52
87	173	98
87	172	47
87	88	60
87	90	16
87	93	82
87	146	80
87	112	80
87	101	33
87	161	15
87	138	91
87	139	27
87	98	56
87	189	87
87	151	41
87	135	17
87	148	100
87	185	49
87	114	40
87	128	53
88	192	22
88	182	45
88	174	9
88	198	94
88	167	10
88	141	66
88	135	58
88	89	51
88	173	23
88	189	67
88	161	96
88	158	64
88	90	82
88	166	70
88	193	59
88	92	47
88	197	34
88	187	12
88	186	70
88	180	97
88	148	50
88	162	66
88	139	15
88	170	82
88	199	86
88	147	97
88	153	30
88	176	47
88	165	95
88	196	74
88	146	48
88	179	97
88	172	30
88	104	68
88	144	52
88	103	14
88	137	61
88	169	90
88	134	59
88	149	43
88	152	55
88	195	94
88	108	96
88	183	75
88	142	56
88	181	64
88	132	7
88	150	84
88	112	64
88	127	78
89	165	48
89	186	6
89	188	87
89	132	60
89	150	35
89	173	33
89	172	92
89	167	70
89	133	74
89	95	63
89	179	22
89	166	31
89	135	9
89	90	61
89	191	93
89	174	98
89	189	78
89	193	99
89	199	55
89	162	59
89	159	70
89	101	58
89	198	6
89	92	22
89	160	33
89	184	82
89	190	76
89	143	79
89	183	36
89	142	34
89	93	96
89	98	11
89	197	44
89	144	84
89	113	12
89	180	37
89	103	71
89	119	50
89	169	61
89	106	100
89	145	29
89	181	25
89	114	99
89	148	43
89	147	33
89	124	75
89	175	5
89	185	37
89	125	79
90	177	92
90	140	93
90	185	74
90	164	45
90	194	7
90	132	23
90	149	6
90	190	90
90	157	79
90	172	30
90	99	29
90	170	100
90	93	70
90	137	20
90	139	85
90	182	30
90	131	18
90	96	36
90	100	95
90	168	46
90	169	39
90	135	63
90	147	31
90	187	30
90	175	68
90	148	22
90	145	47
90	166	31
90	138	79
90	108	64
90	197	16
90	111	16
90	160	56
90	103	61
90	155	98
90	174	91
90	143	44
90	110	84
90	167	84
90	178	88
90	95	39
90	119	58
90	121	12
90	195	22
90	141	28
90	161	83
90	162	11
90	196	38
91	196	21
91	96	99
91	133	31
91	171	25
91	191	40
91	160	47
91	188	82
91	172	97
91	173	49
91	144	95
91	134	65
91	98	38
91	155	42
91	179	29
91	187	10
91	153	75
91	145	44
91	154	73
91	163	40
91	104	45
91	143	93
91	110	72
91	151	32
91	164	18
91	93	79
91	189	92
91	135	16
91	156	57
91	165	21
91	118	39
91	138	92
91	132	64
91	103	87
91	147	31
91	162	69
91	186	7
91	198	75
91	108	93
91	115	13
91	182	90
91	116	6
92	188	68
92	168	86
92	169	37
92	144	6
92	139	75
92	135	26
92	140	71
92	163	42
92	146	52
92	187	58
92	182	65
92	170	62
92	94	13
92	185	32
92	150	27
92	197	98
92	148	11
92	195	49
92	194	95
92	100	15
92	158	64
92	179	55
92	137	35
92	134	50
92	166	78
92	186	92
92	175	36
92	196	91
92	177	37
92	159	32
92	149	38
92	98	77
92	152	76
92	133	18
92	181	63
92	157	91
92	172	45
92	138	41
92	105	73
92	117	32
92	173	28
92	120	95
92	121	99
92	128	47
92	136	14
92	142	96
92	125	35
92	143	92
92	184	94
93	157	69
93	161	93
93	135	25
93	154	36
93	169	97
93	199	85
93	198	34
93	181	7
93	182	79
93	96	69
93	148	26
93	102	50
93	149	57
93	151	25
93	143	24
93	94	64
93	139	62
93	184	55
93	162	60
93	186	64
93	167	8
93	110	67
93	190	76
93	106	21
93	147	18
93	97	50
93	163	19
93	104	59
93	120	87
93	185	26
93	158	65
93	178	24
93	156	13
93	179	10
93	142	85
93	136	23
93	165	51
93	168	85
93	192	48
93	127	52
93	174	28
93	105	46
93	150	21
94	158	44
94	176	55
94	138	92
94	174	57
94	167	85
94	164	9
94	159	94
94	97	14
94	152	75
94	145	59
94	157	20
94	187	44
94	147	15
94	104	41
94	143	49
94	185	18
94	102	90
94	181	53
94	142	68
94	107	87
94	191	64
94	188	86
94	168	30
94	106	89
94	137	42
94	170	58
94	177	57
94	118	69
94	160	38
94	120	47
94	103	84
94	108	77
94	95	57
94	198	28
94	162	71
94	115	37
94	123	31
94	179	6
94	128	17
94	131	7
94	166	57
94	150	56
95	136	31
95	188	38
95	195	61
95	139	73
95	160	64
95	182	39
95	149	17
95	140	52
95	146	98
95	108	44
95	141	47
95	155	11
95	177	27
95	103	26
95	192	7
95	116	85
95	187	58
95	162	18
95	196	87
95	161	61
95	138	40
95	100	7
95	190	76
95	197	61
95	105	64
95	171	46
95	102	6
95	175	67
95	170	19
95	179	29
95	104	6
95	112	96
95	99	72
95	124	77
95	120	34
95	168	12
95	166	14
95	172	35
96	137	14
96	197	74
96	160	47
96	147	16
96	148	83
96	172	96
96	163	100
96	143	73
96	142	30
96	168	50
96	139	43
96	196	80
96	171	22
96	188	33
96	184	43
96	100	20
96	181	69
96	157	89
96	189	79
96	194	23
96	185	76
96	106	36
96	175	43
96	186	7
96	118	39
96	155	53
96	198	32
96	195	50
96	146	46
96	121	45
96	138	25
96	152	30
96	161	68
96	112	64
96	187	57
96	166	81
96	97	68
96	156	25
96	108	58
96	103	36
97	170	89
97	152	34
97	179	81
97	140	71
97	163	75
97	153	53
97	141	72
97	174	36
97	195	63
97	177	80
97	150	28
97	197	35
97	107	99
97	167	63
97	139	50
97	144	8
97	159	90
97	110	33
97	166	97
97	109	49
97	182	60
97	143	71
97	99	7
97	188	44
97	151	70
97	190	19
97	101	55
97	176	52
97	146	59
97	157	63
97	171	81
97	193	60
97	155	20
97	156	57
97	117	82
97	116	56
97	121	19
97	191	22
97	168	69
97	100	67
97	175	49
97	147	91
98	145	60
98	181	85
98	188	43
98	151	85
98	185	41
98	153	76
98	180	34
98	199	91
98	161	37
98	186	12
98	194	61
98	144	58
98	169	63
98	102	56
98	107	45
98	177	13
98	160	70
98	196	44
98	175	67
98	176	24
98	187	14
98	155	30
98	193	96
98	117	29
98	115	6
98	139	76
98	154	72
98	104	45
98	165	19
98	172	98
98	109	75
98	106	67
98	142	47
98	168	55
98	123	24
98	130	96
98	140	71
98	190	68
98	159	51
98	118	53
98	147	49
98	189	51
99	181	37
99	197	70
99	151	79
99	166	93
99	140	8
99	161	47
99	180	31
99	172	16
99	186	95
99	193	73
99	165	25
99	164	81
99	100	75
99	148	25
99	144	95
99	187	64
99	111	67
99	162	27
99	106	11
99	143	98
99	159	91
99	145	76
99	174	44
99	152	38
99	160	9
99	192	93
99	167	71
99	121	97
99	122	92
99	147	83
99	141	54
99	108	27
99	115	35
99	189	23
99	125	92
99	191	71
99	194	82
99	183	50
99	190	44
100	141	89
100	150	97
100	165	37
100	177	68
100	158	41
100	151	16
100	162	19
100	163	64
100	173	75
100	174	36
100	157	32
100	184	22
100	153	12
100	164	46
100	188	26
100	193	32
100	161	33
100	112	12
100	154	51
100	196	69
100	189	13
100	125	27
100	179	61
100	183	65
100	198	79
100	169	13
100	182	98
100	159	94
100	192	10
100	133	34
100	186	73
100	122	15
101	147	65
101	152	18
101	159	55
101	185	16
101	184	28
101	190	94
101	103	94
101	155	17
101	169	14
101	154	20
101	187	15
101	166	12
101	110	72
101	162	66
101	102	8
101	144	72
101	165	32
101	111	97
101	199	89
101	112	35
101	171	30
101	118	68
101	143	26
101	182	56
101	167	14
101	188	14
101	186	38
101	197	81
101	156	35
101	168	56
101	108	25
101	193	8
101	153	23
101	107	36
101	145	73
101	130	61
101	151	28
101	150	84
101	189	38
101	127	36
101	198	59
101	109	48
101	134	52
101	192	95
101	164	20
101	174	26
102	189	52
102	147	64
102	198	98
102	166	88
102	183	82
102	173	59
102	151	44
102	184	66
102	153	11
102	172	78
102	163	63
102	190	80
102	113	46
102	193	13
102	169	58
102	115	69
102	195	72
102	116	25
102	159	47
102	106	16
102	118	60
102	154	13
102	194	48
102	171	36
102	114	71
102	143	93
102	177	23
102	197	43
102	149	44
102	179	90
102	192	95
102	181	31
102	175	39
102	132	21
102	191	42
102	117	86
102	133	31
102	128	93
102	155	29
102	122	41
102	129	77
102	152	59
102	185	100
102	196	70
103	187	76
103	195	71
103	185	93
103	149	14
103	198	65
103	154	64
103	106	34
103	186	82
103	176	77
103	182	20
103	189	7
103	108	80
103	168	81
103	144	54
103	156	19
103	162	10
103	178	76
103	109	73
103	174	17
103	165	95
103	172	42
103	107	27
103	161	74
103	181	12
103	153	71
103	117	81
103	126	51
103	131	34
103	148	67
103	150	33
103	158	36
103	104	31
103	145	46
103	196	11
103	171	73
103	197	53
103	160	91
103	157	62
104	165	99
104	147	14
104	154	35
104	178	92
104	108	46
104	148	14
104	190	34
104	193	17
104	157	9
104	194	81
104	168	31
104	195	20
104	175	63
104	152	44
104	173	94
104	107	39
104	163	54
104	113	90
104	197	88
104	150	38
104	122	81
104	126	93
104	121	94
104	159	48
104	123	75
104	116	30
104	188	59
104	129	24
104	170	87
104	133	67
104	117	39
104	176	70
104	199	85
104	196	14
104	146	42
104	172	55
104	109	57
105	191	61
105	146	59
105	193	9
105	178	68
105	176	7
105	156	7
105	111	92
105	154	27
105	153	81
105	192	70
105	114	76
105	151	87
105	159	85
105	196	93
105	189	98
105	186	73
105	148	41
105	169	12
105	184	80
105	166	63
105	130	74
105	177	63
105	181	85
105	112	97
105	158	82
105	121	63
105	155	6
105	152	100
105	127	62
105	187	40
106	107	24
106	172	54
106	189	74
106	166	84
106	171	68
106	194	48
106	149	77
106	191	56
106	193	9
106	150	26
106	167	75
106	175	99
106	192	91
106	187	26
106	165	76
106	176	33
106	196	15
106	170	49
106	168	86
106	177	49
106	186	64
106	182	68
106	190	98
106	114	12
106	184	20
106	199	78
106	115	30
106	117	9
106	119	54
106	116	37
106	188	49
106	159	62
106	157	14
106	124	10
106	151	89
106	131	56
106	164	71
106	162	80
106	109	90
106	179	37
106	130	93
106	155	85
106	126	78
106	141	72
107	168	51
107	158	13
107	172	75
107	170	34
107	197	38
107	148	43
107	110	62
107	173	82
107	153	55
107	167	16
107	152	32
107	188	96
107	116	89
107	184	29
107	181	39
107	198	68
107	163	24
107	191	37
107	196	78
107	131	6
107	186	60
107	193	33
107	185	63
107	113	57
107	190	12
107	117	43
107	130	71
107	171	44
107	123	88
107	119	32
107	122	37
107	159	66
107	134	50
108	173	85
108	155	78
108	183	75
108	169	46
108	176	56
108	175	64
108	163	68
108	180	26
108	153	40
108	187	8
108	168	19
108	182	58
108	165	21
108	181	68
108	125	96
108	121	95
108	156	65
108	171	96
108	190	90
108	174	14
108	194	66
108	110	27
108	116	53
108	178	55
108	133	58
108	179	88
108	126	77
108	191	60
108	195	31
108	170	86
108	135	76
108	157	44
108	136	66
108	120	80
108	145	86
109	156	33
109	176	25
109	183	31
109	194	51
109	189	13
109	112	52
109	171	72
109	161	93
109	150	66
109	157	54
109	199	7
109	182	47
109	179	18
109	180	82
109	158	12
109	153	93
109	175	67
109	197	77
109	198	91
109	122	52
109	151	54
109	192	30
109	167	86
109	130	25
109	164	61
109	168	51
109	142	13
109	124	60
109	140	29
109	126	10
109	152	51
109	169	10
109	165	69
109	159	84
109	196	7
109	135	52
109	115	14
110	198	8
110	171	58
110	192	87
110	165	57
110	168	79
110	111	48
110	172	94
110	187	27
110	194	80
110	189	28
110	178	16
110	164	20
110	166	35
110	118	82
110	181	94
110	151	46
110	195	92
110	184	47
110	161	54
110	158	53
110	163	28
110	190	21
110	152	80
110	124	97
110	136	90
110	114	36
110	185	94
110	160	80
110	156	72
110	130	58
110	167	11
110	142	20
111	153	15
111	164	87
111	113	69
111	186	16
111	166	84
111	188	64
111	184	93
111	177	81
111	181	69
111	118	80
111	159	34
111	162	93
111	182	83
111	192	36
111	173	87
111	167	81
111	126	20
111	121	92
111	125	66
111	157	48
111	160	82
111	129	34
111	193	17
111	138	38
111	152	63
111	194	66
111	133	28
111	169	59
111	137	93
111	179	42
111	141	81
111	185	11
111	168	46
111	191	16
111	147	90
111	117	61
112	163	30
112	177	37
112	182	86
112	189	10
112	199	22
112	185	50
112	154	89
112	181	61
112	117	63
112	120	31
112	124	36
112	175	74
112	125	65
112	196	8
112	191	69
112	155	74
112	186	88
112	188	75
112	176	46
112	167	57
112	195	46
112	198	21
112	128	52
112	134	44
112	135	88
112	165	10
112	169	88
112	143	9
112	194	50
112	116	13
112	119	27
112	129	32
112	139	60
112	113	86
112	184	38
112	197	50
113	164	44
113	175	12
113	190	44
113	172	30
113	116	87
113	163	7
113	117	22
113	195	78
113	188	56
113	118	15
113	198	46
113	124	94
113	170	48
113	180	77
113	158	10
113	168	93
113	128	99
113	184	63
113	185	12
113	157	43
113	167	14
113	187	81
113	166	70
113	186	33
113	177	29
113	196	19
113	179	80
113	197	96
113	122	75
113	121	39
113	193	30
113	132	51
113	161	50
113	147	84
113	199	57
113	146	88
113	131	30
113	181	5
114	160	68
114	163	6
114	115	78
114	177	85
114	171	67
114	189	73
114	188	64
114	155	69
114	169	85
114	170	89
114	190	92
114	121	21
114	120	86
114	129	38
114	132	43
114	174	96
114	192	26
114	183	63
114	119	32
114	126	38
114	125	54
114	176	87
114	164	38
114	195	92
114	138	48
114	140	16
114	179	18
114	165	32
114	147	84
115	180	60
115	182	34
115	192	67
115	173	63
115	189	57
115	185	27
115	117	57
115	186	46
115	116	93
115	193	64
115	176	91
115	177	81
115	196	23
115	162	43
115	123	33
115	188	49
115	169	69
115	127	12
115	130	81
115	199	12
115	137	8
115	170	44
115	179	12
115	156	50
115	163	37
115	119	91
115	191	74
115	144	63
115	178	77
115	120	45
115	147	59
115	190	97
115	171	56
115	132	21
116	195	76
116	161	59
116	184	31
116	170	87
116	193	62
116	166	14
116	181	17
116	158	49
116	117	92
116	180	12
116	130	34
116	182	99
116	126	58
116	186	67
116	174	87
116	137	7
116	173	50
116	131	76
116	175	75
116	132	85
116	178	76
116	133	80
116	121	48
116	140	42
116	196	77
116	122	31
116	150	65
117	194	41
117	188	99
117	171	48
117	123	27
117	178	44
117	122	39
117	174	90
117	173	26
117	132	44
117	198	79
117	199	89
117	162	100
117	130	12
117	175	75
117	189	34
117	160	76
117	137	24
117	166	33
117	170	76
117	187	6
117	159	89
117	185	39
117	179	55
117	183	31
117	134	62
117	125	27
118	190	81
118	178	30
118	195	90
118	194	25
118	181	23
118	191	26
118	186	42
118	188	60
118	120	62
118	180	33
118	174	63
118	189	78
118	130	19
118	182	60
118	125	29
118	128	18
118	184	66
118	121	59
118	175	22
118	169	82
118	147	20
118	133	26
118	199	23
118	152	70
118	127	58
118	187	41
118	160	83
118	148	56
118	150	38
118	172	8
118	177	55
119	192	30
119	166	28
119	187	83
119	165	10
119	126	48
119	183	24
119	125	98
119	162	33
119	124	63
119	197	92
119	127	22
119	130	64
119	181	10
119	122	90
119	185	65
119	188	63
119	120	62
119	194	81
119	172	83
119	196	37
119	195	37
119	176	27
119	144	92
119	141	69
119	175	51
119	174	39
119	189	73
119	164	59
119	178	89
119	163	14
119	184	50
119	148	60
119	190	61
119	153	100
119	169	24
119	147	16
119	180	54
120	164	53
120	180	59
120	197	49
120	121	22
120	173	74
120	191	70
120	182	90
120	129	63
120	192	35
120	127	99
120	162	49
120	169	85
120	122	6
120	172	85
120	195	87
120	132	64
120	170	53
120	136	28
120	168	91
120	199	49
120	193	43
120	138	18
120	163	97
120	145	41
121	162	85
121	177	36
121	172	43
121	122	42
121	164	74
121	198	62
121	165	84
121	195	52
121	175	39
121	171	75
121	169	38
121	170	23
121	197	36
121	136	54
121	176	24
121	128	70
121	186	60
121	173	7
121	180	13
121	188	26
121	191	80
121	138	39
121	183	27
121	196	97
121	126	12
121	193	13
121	137	57
121	146	15
121	140	88
121	141	90
121	142	59
121	152	54
121	154	35
122	169	53
122	181	9
122	183	97
122	180	21
122	194	19
122	124	47
122	167	39
122	172	39
122	177	9
122	199	7
122	186	34
122	163	55
122	138	53
122	168	52
122	143	43
122	148	93
122	173	74
122	130	14
122	123	55
122	187	34
122	165	43
122	125	40
122	184	69
122	135	73
122	182	80
123	164	41
123	199	38
123	124	22
123	195	38
123	176	81
123	180	23
123	185	49
123	125	43
123	166	31
123	171	36
123	193	9
123	175	54
123	130	41
123	127	98
123	140	39
123	131	71
123	186	99
123	183	34
123	167	71
123	196	43
123	147	94
123	138	96
123	179	99
123	144	89
123	143	65
123	190	34
123	192	30
123	154	75
123	159	69
123	181	8
123	188	68
123	158	36
124	190	96
124	128	11
124	165	29
124	188	57
124	169	96
124	131	41
124	194	48
124	195	25
124	134	31
124	132	84
124	192	42
124	185	43
124	129	75
124	133	27
124	176	92
124	166	80
124	143	80
124	142	78
124	136	52
124	168	97
124	181	43
124	167	91
124	126	49
124	174	54
124	149	80
124	184	95
125	169	17
125	172	71
125	185	12
125	167	90
125	178	65
125	193	85
125	188	54
125	170	73
125	127	69
125	181	46
125	174	42
125	134	65
125	173	40
125	195	27
125	131	30
125	130	94
125	135	76
125	180	87
125	146	42
125	148	53
125	139	46
125	133	44
125	177	79
125	179	61
125	150	67
125	191	71
125	184	77
125	194	58
125	143	20
125	164	56
125	168	66
125	129	21
125	144	70
125	157	64
126	188	26
126	177	14
126	187	28
126	192	38
126	127	40
126	180	70
126	185	37
126	167	87
126	128	83
126	172	26
126	175	89
126	169	7
126	145	53
126	133	40
126	198	68
126	178	18
126	179	39
126	135	75
126	170	94
126	154	66
126	152	54
126	189	26
126	197	88
126	161	9
126	173	63
126	142	46
127	190	46
127	191	93
127	185	97
127	197	6
127	187	16
127	196	12
127	134	63
127	174	57
127	138	70
127	179	9
127	130	98
127	170	17
127	141	6
127	173	18
127	133	92
127	128	31
127	199	99
127	153	54
127	180	64
127	149	43
127	168	71
127	146	82
127	139	27
127	186	18
127	151	77
127	177	80
127	129	22
127	150	13
127	163	79
127	142	24
128	169	63
128	184	37
128	177	11
128	181	91
128	173	91
128	194	32
128	191	84
128	187	54
128	176	70
128	183	81
128	197	87
128	180	85
128	190	78
128	185	18
128	193	91
128	141	17
128	147	48
128	174	15
128	135	18
128	188	42
128	189	37
128	130	55
128	178	27
128	162	35
128	136	86
128	139	79
128	166	49
128	156	10
129	190	98
129	199	62
129	183	18
129	132	17
129	193	64
129	134	11
129	191	43
129	198	39
129	195	36
129	180	81
129	131	22
129	194	51
129	174	33
129	184	72
129	186	78
129	141	58
129	148	10
129	139	54
129	192	86
129	196	58
129	150	72
129	178	42
129	151	73
129	142	37
129	154	57
129	159	37
129	153	42
129	135	80
129	143	34
130	187	81
130	179	85
130	193	33
130	188	51
130	173	7
130	132	63
130	172	73
130	195	96
130	135	90
130	131	82
130	177	77
130	174	77
130	192	92
130	176	90
130	180	97
130	175	78
130	147	64
130	181	49
130	178	29
130	134	11
130	184	32
130	190	97
130	136	9
130	196	12
130	158	30
130	153	84
130	137	70
130	145	89
130	194	77
130	171	37
130	151	64
130	169	98
130	141	21
131	185	78
131	133	76
131	190	88
131	199	86
131	172	8
131	180	71
131	144	25
131	182	46
131	138	35
131	191	50
131	151	45
131	136	70
131	145	44
131	154	98
131	186	47
131	134	59
131	140	72
131	141	97
131	166	69
131	142	30
131	198	88
132	199	48
132	174	89
132	190	33
132	197	49
132	135	40
132	173	85
132	181	99
132	183	16
132	194	59
132	184	75
132	191	26
132	185	74
132	180	90
132	148	30
132	136	30
132	147	93
132	193	81
132	198	64
132	158	17
132	188	92
132	167	14
132	142	46
133	196	95
133	189	11
133	175	92
133	191	29
133	194	82
133	188	54
133	142	79
133	183	87
133	198	51
133	176	73
133	186	60
133	199	48
133	179	82
133	190	5
133	136	49
133	192	97
133	144	87
133	141	61
133	143	84
133	178	61
133	184	7
133	161	53
133	135	12
133	156	43
133	138	39
133	137	36
133	180	16
133	195	59
133	154	18
133	139	19
134	178	99
134	176	36
134	145	72
134	151	78
134	181	84
134	195	21
134	186	80
134	140	20
134	149	91
134	188	43
134	150	86
134	141	21
134	182	61
134	193	79
134	142	13
134	146	25
134	161	73
135	198	68
135	187	60
135	190	91
135	142	86
135	177	10
135	146	37
135	192	42
135	179	15
135	141	69
135	186	11
135	193	61
135	163	93
135	165	47
135	180	10
135	182	66
136	197	17
136	194	12
136	178	92
136	141	68
136	186	40
136	146	56
136	148	27
136	184	42
136	147	38
136	189	60
136	192	64
136	190	94
136	179	9
136	191	67
136	185	98
136	156	21
136	152	47
136	163	89
136	162	20
136	166	9
136	180	8
136	183	57
136	173	70
137	190	24
137	197	41
137	187	65
137	184	24
137	138	30
137	182	67
137	146	54
137	196	46
137	183	78
137	153	16
137	199	59
137	147	94
137	145	34
137	189	32
137	144	9
137	155	19
137	154	93
137	186	37
137	150	94
137	198	97
137	172	90
137	160	95
137	178	85
138	189	70
138	183	48
138	182	84
138	192	5
138	181	46
138	154	38
138	140	7
138	180	82
138	157	26
138	151	34
138	179	15
138	199	62
138	184	96
138	139	68
138	142	22
138	166	89
138	161	51
138	153	57
138	196	86
138	171	15
139	189	73
139	141	54
139	186	19
139	191	74
139	198	34
139	194	47
139	147	76
139	143	38
139	154	84
139	146	96
139	196	80
139	153	69
139	140	40
139	161	12
139	150	91
139	159	68
139	160	70
139	156	75
139	183	26
139	155	30
139	192	96
139	173	46
140	145	28
140	184	84
140	194	26
140	141	40
140	183	35
140	149	50
140	156	38
140	182	35
140	188	58
140	158	20
140	193	26
140	198	55
140	151	34
140	142	10
140	161	20
140	143	55
140	164	69
140	173	38
140	187	74
140	197	63
140	195	7
140	155	51
140	169	19
141	144	37
141	196	5
141	199	61
141	187	17
141	152	11
141	198	13
141	186	71
141	143	51
141	197	92
141	156	20
141	150	18
141	159	67
141	148	83
141	184	49
141	195	36
142	183	86
142	145	97
142	191	97
142	149	50
142	153	23
142	185	91
142	161	59
142	197	63
142	190	49
142	164	7
142	159	8
142	143	98
142	193	9
142	150	43
142	172	47
142	184	29
142	169	34
142	144	93
142	160	37
142	173	7
142	179	5
142	158	75
143	195	95
143	144	45
143	186	97
143	198	61
143	189	77
143	196	87
143	191	98
143	149	48
143	146	61
143	147	14
143	163	97
143	161	90
143	166	47
143	155	32
143	151	70
143	153	60
143	197	68
143	179	96
143	184	26
143	181	12
144	146	47
144	186	27
144	148	28
144	147	59
144	158	62
144	199	61
144	198	34
144	189	91
144	194	91
144	156	11
144	163	45
144	152	89
144	187	56
144	171	53
144	169	96
144	162	18
144	190	21
144	192	19
144	177	43
144	155	95
145	190	78
145	146	11
145	186	24
145	197	32
145	199	93
145	152	25
145	191	86
145	160	85
145	148	99
145	156	22
145	193	27
145	166	49
145	155	65
145	198	39
145	154	68
145	164	44
145	153	90
145	169	21
145	163	49
145	175	48
145	179	35
146	189	51
146	152	20
146	150	57
146	196	90
146	158	44
146	148	64
146	162	57
146	163	87
146	192	97
146	149	23
146	195	5
146	157	93
146	159	29
146	154	7
146	166	85
146	187	14
146	170	70
146	186	77
147	198	27
147	199	83
147	156	81
147	195	68
147	155	15
147	197	10
147	157	22
147	152	31
147	151	29
147	161	89
147	159	66
147	191	89
147	176	66
147	165	23
147	177	95
147	171	52
147	162	85
147	192	24
148	154	24
148	197	55
148	193	83
148	162	22
148	195	26
148	153	93
148	192	39
148	159	67
148	191	98
148	156	72
148	160	82
148	190	34
148	167	28
148	158	97
148	183	98
149	199	31
149	154	55
149	151	78
149	153	17
149	150	78
149	157	48
149	152	86
149	169	44
149	197	42
149	177	17
149	198	90
149	170	48
149	195	92
149	193	49
150	191	16
150	196	46
150	155	8
150	159	37
150	157	90
150	198	93
150	197	41
150	164	67
150	173	31
150	153	7
150	175	87
150	186	6
150	166	66
151	193	87
151	153	81
151	194	76
151	161	19
151	197	90
151	160	72
151	168	11
151	196	25
151	164	5
151	199	20
151	155	47
151	182	89
151	184	76
152	155	26
152	195	8
152	156	97
152	163	66
152	170	9
152	159	95
152	178	95
152	153	38
152	198	9
152	168	54
152	164	96
153	197	95
153	199	73
153	164	15
153	170	47
153	155	94
153	162	33
153	194	87
153	156	34
153	198	24
153	166	28
153	167	79
153	188	17
153	161	17
153	158	45
153	177	93
153	179	47
153	173	10
154	162	83
154	165	83
154	197	31
154	195	42
154	168	10
154	171	82
154	176	29
154	166	73
154	173	82
154	156	80
154	172	87
154	179	60
154	161	91
154	199	67
154	182	20
154	198	73
154	193	26
155	159	37
155	156	100
155	173	55
155	165	73
155	176	38
155	196	84
155	171	91
155	158	72
155	174	12
155	161	38
156	160	35
156	166	96
156	161	35
156	169	53
156	158	34
156	179	80
156	181	93
156	185	21
156	186	13
156	163	23
156	176	56
156	197	39
156	177	40
157	198	83
157	162	93
157	163	84
157	199	39
157	167	89
157	169	9
157	174	99
157	166	81
157	165	9
157	159	89
157	182	26
157	168	77
157	160	27
157	176	48
157	179	91
157	187	12
158	164	33
158	162	6
158	175	72
158	174	25
158	167	69
158	165	64
158	180	41
158	179	54
158	188	91
158	168	32
158	178	19
158	177	80
158	172	75
159	167	75
159	171	34
159	163	40
159	168	61
159	173	39
159	162	21
159	178	5
159	186	17
159	189	72
159	169	40
159	180	29
160	163	24
160	170	17
160	167	77
160	162	28
160	161	7
160	181	78
160	169	35
160	189	25
160	164	84
160	184	65
160	185	86
160	194	54
160	174	45
161	163	75
161	171	32
161	177	82
161	167	39
161	175	90
161	180	78
161	183	14
161	162	91
161	188	70
161	191	27
161	187	38
161	165	27
161	190	98
162	163	54
162	165	100
162	171	46
162	183	47
162	184	45
162	178	30
162	187	10
162	172	10
162	174	40
163	164	39
163	166	23
163	173	68
163	169	99
163	167	68
163	177	28
163	182	71
163	190	28
163	179	91
163	186	22
164	170	27
164	168	31
164	172	54
164	180	23
164	177	70
164	181	5
164	171	96
164	174	68
164	176	20
164	167	79
164	199	56
164	183	85
165	168	30
165	169	61
165	180	67
165	179	19
165	170	80
165	174	7
165	181	56
165	177	95
165	176	67
165	184	97
165	189	40
165	185	40
165	196	81
165	194	99
165	167	26
165	172	25
165	198	27
165	171	41
166	170	17
166	177	35
166	173	53
166	183	88
166	182	88
166	175	63
166	193	19
166	197	95
167	174	27
167	171	12
167	179	23
167	186	14
167	180	72
167	188	73
167	185	86
167	184	7
167	192	41
167	190	25
168	171	99
168	180	59
168	173	45
168	194	98
168	174	91
168	179	25
168	192	97
168	181	49
168	182	35
168	183	96
169	172	39
169	181	11
169	178	88
169	170	39
169	186	50
169	177	33
169	183	78
169	197	91
169	180	52
169	179	53
170	185	47
170	189	14
170	175	41
170	186	28
170	194	96
170	198	47
170	181	12
171	174	68
171	187	33
171	180	39
171	181	55
171	182	72
171	188	52
171	193	29
172	181	68
172	188	42
172	173	8
172	192	42
172	189	66
172	175	8
172	174	53
172	176	9
172	182	100
172	187	89
172	179	86
173	179	54
173	185	7
173	180	70
173	175	85
173	199	86
173	198	69
174	180	80
174	181	87
174	194	41
174	184	86
174	199	50
174	182	70
174	196	6
174	179	15
174	185	83
174	192	68
174	175	37
175	185	98
175	176	51
175	187	74
175	188	59
175	184	32
175	197	43
175	177	54
176	188	77
176	184	6
176	199	34
176	180	38
176	178	22
176	189	95
176	186	97
176	193	76
176	195	73
177	178	80
177	182	53
177	184	83
177	185	70
177	189	88
177	191	37
177	188	59
177	195	30
178	185	7
178	181	73
178	179	41
178	184	11
178	194	7
178	195	87
178	193	83
178	189	70
178	183	98
178	186	22
178	182	77
178	199	34
179	180	57
179	193	74
179	187	89
179	192	44
179	199	25
179	198	84
179	181	15
179	196	48
180	181	41
180	184	80
180	187	74
180	193	48
180	191	26
180	189	16
180	192	19
180	195	9
180	188	53
180	185	33
181	187	85
181	186	31
181	185	9
181	191	22
181	194	71
181	188	54
181	183	31
181	199	80
182	183	87
182	184	16
182	186	41
182	190	86
182	185	66
182	188	54
182	192	89
182	194	94
183	191	99
183	196	22
183	184	83
183	195	62
183	188	64
184	193	34
184	195	50
184	196	93
185	188	77
185	186	27
185	199	16
185	187	43
186	195	8
186	187	97
186	197	36
186	193	76
187	188	6
187	190	79
187	199	22
187	198	62
187	196	92
187	194	91
188	189	76
188	194	13
189	190	75
189	191	39
189	195	74
189	192	6
190	198	90
190	191	94
191	193	52
191	194	17
191	199	86
191	196	95
191	197	35
192	197	70
192	196	26
192	198	32
192	194	20
192	199	51
193	194	34
194	197	89
195	196	35
195	198	74
196	198	46
196	197	19
197	198	16
