NAME: W_SPARSE_180_90
n: 180
m: 8100
0	46	15
0	105	8
0	48	50
0	134	79
0	72	94
0	50	20
0	70	97
0	78	62
0	122	37
0	81	27
0	73	12
0	178	90
0	114	84
0	58	58
0	120	39
0	60	45
0	6	73
0	129	8
0	96	73
0	64	38
0	109	6
0	10	88
0	175	28
0	176	90
0	115	11
0	11	57
0	92	60
0	65	77
0	179	80
0	130	5
0	91	97
0	100	78
0	169	84
0	99	29
0	165	51
0	14	40
0	123	100
0	83	89
0	104	94
0	84	40
0	21	58
0	69	78
0	1	84
0	170	34
0	63	91
0	131	6
0	52	54
0	133	52
0	5	97
0	116	81
0	119	95
0	106	69
0	47	57
0	76	66
0	25	82
0	22	82
0	94	74
0	117	15
0	125	84
0	79	91
0	23	67
0	111	21
0	156	39
0	97	59
0	121	68
0	4	37
0	126	13
0	55	38
0	98	75
0	158	20
0	163	79
0	35	86
0	149	58
0	30	8
0	20	28
0	80	66
0	95	94
0	150	79
0	53	18
0	77	93
0	152	26
0	174	39
0	143	8
0	118	31
0	12	60
0	161	26
0	8	68
0	31	27
0	173	100
0	9	77
0	15	85
0	101	52
1	64	79
1	115	61
1	78	82
1	99	88
1	56	19
1	120	7
1	104	40
1	85	41
1	75	79
1	50	76
1	176	74
1	126	7
1	81	65
1	47	18
1	58	38
1	119	20
1	132	29
1	112	45
1	2	36
1	51	14
1	77	14
1	61	51
1	113	16
1	83	12
1	177	60
1	4	98
1	84	37
1	60	89
1	178	67
1	168	64
1	16	14
1	54	93
1	89	88
1	116	13
1	57	43
1	63	51
1	19	61
1	103	69
1	12	15
1	134	33
1	167	71
1	170	84
1	123	74
1	15	54
1	128	83
1	7	76
1	121	14
1	92	24
1	129	82
1	173	78
1	24	45
1	117	54
1	53	94
1	157	21
1	153	45
1	30	80
1	21	13
1	155	83
1	49	44
1	8	76
1	130	60
1	166	88
1	74	43
1	34	38
1	114	91
1	162	64
1	82	30
1	161	51
1	152	76
1	48	60
1	118	40
1	171	51
1	107	9
1	111	46
1	41	55
1	102	5
1	79	55
1	33	81
1	150	88
1	11	50
1	40	29
1	109	17
2	63	41
2	75	97
2	122	34
2	89	81
2	111	23
2	58	83
2	136	89
2	101	52
2	95	54
2	59	61
2	90	43
2	98	74
2	76	82
2	123	53
2	107	7
2	114	39
2	71	67
2	78	54
2	125	37
2	174	23
2	108	34
2	115	61
2	178	24
2	48	31
2	130	71
2	171	6
2	87	14
2	61	17
2	110	78
2	132	83
2	19	30
2	83	15
2	92	37
2	14	97
2	18	48
2	20	70
2	166	75
2	13	88
2	117	78
2	120	85
2	168	46
2	126	52
2	133	30
2	85	95
2	167	34
2	24	12
2	54	99
2	72	42
2	65	29
2	74	52
2	9	64
2	179	50
2	50	72
2	156	25
2	27	12
2	128	48
2	53	91
2	62	38
2	60	58
2	5	71
2	57	31
2	151	23
2	51	15
2	124	75
2	96	59
2	173	66
2	49	50
2	39	71
2	25	24
2	106	13
2	119	80
2	67	97
2	64	32
2	177	74
2	22	61
2	97	45
2	38	99
2	150	21
3	87	78
3	106	29
3	97	26
3	81	57
3	94	72
3	62	59
3	93	35
3	134	41
3	85	23
3	123	37
3	99	19
3	178	49
3	126	83
3	59	85
3	92	67
3	4	13
3	54	58
3	89	23
3	133	89
3	122	23
3	98	42
3	67	38
3	109	13
3	107	40
3	179	29
3	16	26
3	10	66
3	88	10
3	57	98
3	72	68
3	112	78
3	130	46
3	19	37
3	100	58
3	116	43
3	7	22
3	12	57
3	73	38
3	111	85
3	117	99
3	53	18
3	84	92
3	167	74
3	76	9
3	127	68
3	8	45
3	50	47
3	78	11
3	79	10
3	121	98
3	171	68
3	105	25
3	66	21
3	119	72
3	21	57
3	103	82
3	175	97
3	55	11
3	110	21
3	23	87
3	165	18
3	163	53
3	77	75
3	52	90
3	26	21
3	104	96
3	113	43
3	154	91
3	86	39
3	18	11
3	51	35
3	5	79
3	137	23
3	43	24
3	44	97
3	172	87
3	135	11
3	153	57
3	173	86
3	39	48
3	49	81
4	119	80
4	70	29
4	82	84
4	97	52
4	54	74
4	76	11
4	56	60
4	130	39
4	111	38
4	66	17
4	94	63
4	115	51
4	87	25
4	6	56
4	134	40
4	104	50
4	5	12
4	79	39
4	118	79
4	127	79
4	101	21
4	86	71
4	77	37
4	110	43
4	13	42
4	61	62
4	71	24
4	132	20
4	80	5
4	91	39
4	98	74
4	64	13
4	172	98
4	60	56
4	89	69
4	74	69
4	81	8
4	78	90
4	167	76
4	21	89
4	116	63
4	93	93
4	103	74
4	170	87
4	58	48
4	11	28
4	15	22
4	168	98
4	90	82
4	177	13
4	169	93
4	102	15
4	50	13
4	12	44
4	63	50
4	174	36
4	112	32
4	123	84
4	163	91
4	10	41
4	107	17
4	165	79
4	178	81
4	88	68
4	69	99
4	22	51
4	30	50
4	26	99
4	24	34
4	153	19
4	59	34
4	20	68
4	72	91
4	67	43
4	31	97
4	125	28
4	126	88
4	19	38
4	65	82
4	138	38
4	129	72
4	162	35
4	114	91
4	45	66
4	55	28
4	157	91
4	8	6
4	122	38
4	144	43
5	90	15
5	89	22
5	127	36
5	8	53
5	93	59
5	132	49
5	81	47
5	96	17
5	79	14
5	70	48
5	99	90
5	128	7
5	114	36
5	9	86
5	94	38
5	116	27
5	11	54
5	52	99
5	7	29
5	97	89
5	178	64
5	117	83
5	57	54
5	54	42
5	6	34
5	172	47
5	119	50
5	10	13
5	135	57
5	171	62
5	101	47
5	67	62
5	86	22
5	111	23
5	60	45
5	56	61
5	112	13
5	113	13
5	15	23
5	16	49
5	133	82
5	170	94
5	22	77
5	107	72
5	68	58
5	164	65
5	129	33
5	98	46
5	30	52
5	53	10
5	168	9
5	59	68
5	27	85
5	62	83
5	29	32
5	55	58
5	165	22
5	115	71
5	77	61
5	66	68
5	134	40
5	153	30
5	108	40
5	61	64
5	75	81
5	28	60
5	166	52
5	12	79
5	123	8
5	35	87
5	154	16
5	176	10
5	118	42
5	80	84
5	42	76
5	109	37
5	110	20
5	63	36
5	161	43
5	175	74
5	85	67
5	58	78
5	14	23
5	78	93
5	69	10
5	138	12
6	82	33
6	69	88
6	75	42
6	93	74
6	134	29
6	89	40
6	60	43
6	103	73
6	66	88
6	8	15
6	125	30
6	130	94
6	118	10
6	86	19
6	15	57
6	55	15
6	90	51
6	56	46
6	84	69
6	94	91
6	114	77
6	175	51
6	176	66
6	91	75
6	71	16
6	129	68
6	80	19
6	83	41
6	123	51
6	64	44
6	17	12
6	132	6
6	104	100
6	97	56
6	28	78
6	65	60
6	77	98
6	140	45
6	137	53
6	117	21
6	131	46
6	169	36
6	72	84
6	7	88
6	87	97
6	112	44
6	98	53
6	22	87
6	78	72
6	139	37
6	99	78
6	27	67
6	115	96
6	58	72
6	122	73
6	170	5
6	167	49
6	9	44
6	10	90
6	179	82
6	163	86
6	67	48
6	105	86
6	101	96
6	155	25
6	158	6
6	161	82
6	151	29
6	38	28
6	74	81
6	116	28
6	16	51
6	25	52
6	63	8
6	135	40
6	106	25
6	153	59
6	45	23
6	138	21
6	136	33
6	108	74
6	34	54
6	159	28
6	168	47
6	150	33
6	109	52
6	172	67
6	85	50
7	97	87
7	114	53
7	76	96
7	110	83
7	123	57
7	133	83
7	124	51
7	106	33
7	67	64
7	72	89
7	126	36
7	117	39
7	96	87
7	93	98
7	111	53
7	64	99
7	55	75
7	134	36
7	57	96
7	8	49
7	68	86
7	87	58
7	75	15
7	74	40
7	95	93
7	86	84
7	84	52
7	65	12
7	10	82
7	56	52
7	19	54
7	121	72
7	125	25
7	171	67
7	61	32
7	102	69
7	170	76
7	176	76
7	9	77
7	18	19
7	175	74
7	163	11
7	73	76
7	90	40
7	173	92
7	24	20
7	162	43
7	168	90
7	129	65
7	139	83
7	88	98
7	109	51
7	26	52
7	80	71
7	78	77
7	127	19
7	27	24
7	83	53
7	85	34
7	156	10
7	12	74
7	131	9
7	159	77
7	92	96
7	167	16
7	152	18
7	153	14
7	138	57
7	103	6
7	140	25
7	108	8
7	99	46
7	31	96
7	112	7
7	53	58
7	15	19
7	79	82
7	101	12
7	91	67
8	67	89
8	89	49
8	91	47
8	136	77
8	102	97
8	108	100
8	75	51
8	87	53
8	98	31
8	117	61
8	126	51
8	131	64
8	112	57
8	113	30
8	80	70
8	86	54
8	78	52
8	93	27
8	139	6
8	121	65
8	140	14
8	69	93
8	70	21
8	95	100
8	97	37
8	65	10
8	82	29
8	16	100
8	119	28
8	58	50
8	64	30
8	101	43
8	99	16
8	10	62
8	76	12
8	77	29
8	100	19
8	81	18
8	88	62
8	110	9
8	171	89
8	172	28
8	26	85
8	60	51
8	30	43
8	24	93
8	66	61
8	92	20
8	116	17
8	130	60
8	177	78
8	71	51
8	170	84
8	106	82
8	105	54
8	62	54
8	166	96
8	36	21
8	157	61
8	33	95
8	13	43
8	129	63
8	104	86
8	142	99
8	161	30
8	19	50
8	160	7
8	44	95
8	159	35
8	175	82
8	12	18
8	17	87
8	173	67
8	134	61
8	49	72
8	156	13
8	158	16
8	23	86
8	149	6
8	73	48
8	20	48
8	32	13
8	146	79
8	74	40
9	90	41
9	70	48
9	134	90
9	130	18
9	82	94
9	109	51
9	84	41
9	112	55
9	92	18
9	57	44
9	66	16
9	115	83
9	124	24
9	10	77
9	61	93
9	80	74
9	16	22
9	99	59
9	15	11
9	86	43
9	108	35
9	60	24
9	125	69
9	129	85
9	56	71
9	73	55
9	85	47
9	133	23
9	132	32
9	111	25
9	58	43
9	120	71
9	19	68
9	97	68
9	136	87
9	17	67
9	174	59
9	12	49
9	128	18
9	83	95
9	23	5
9	25	14
9	122	12
9	87	12
9	121	84
9	59	6
9	104	82
9	178	69
9	139	29
9	123	52
9	64	29
9	164	28
9	20	36
9	94	15
9	11	37
9	27	53
9	77	26
9	169	30
9	141	73
9	35	33
9	63	31
9	126	6
9	103	87
9	62	83
9	138	13
9	75	84
9	67	32
9	28	52
9	172	52
9	162	29
9	113	96
9	45	84
9	40	42
9	168	17
9	39	69
9	81	92
9	114	80
9	88	48
9	71	40
9	153	77
9	102	48
9	42	53
9	29	17
9	142	66
10	94	96
10	137	71
10	83	78
10	126	66
10	61	32
10	108	95
10	110	47
10	111	89
10	64	7
10	98	48
10	82	79
10	59	76
10	78	96
10	92	65
10	19	58
10	74	39
10	131	94
10	73	56
10	69	95
10	85	11
10	12	95
10	130	5
10	127	63
10	119	88
10	63	85
10	70	82
10	115	6
10	134	97
10	179	80
10	96	68
10	175	23
10	62	90
10	89	9
10	29	51
10	176	53
10	30	12
10	76	72
10	101	71
10	124	95
10	171	37
10	125	77
10	35	25
10	58	41
10	107	40
10	56	94
10	34	17
10	99	64
10	24	99
10	167	47
10	177	93
10	17	36
10	15	6
10	109	9
10	36	46
10	68	67
10	158	51
10	18	67
10	22	65
10	156	94
10	40	70
10	138	95
10	95	13
10	169	23
10	143	82
10	84	82
10	90	18
10	139	42
10	57	31
10	160	91
10	106	12
10	162	49
10	123	97
10	121	40
11	72	96
11	143	81
11	103	71
11	95	16
11	85	99
11	124	27
11	81	61
11	92	92
11	122	15
11	138	61
11	69	44
11	102	68
11	131	15
11	70	9
11	80	84
11	100	94
11	104	20
11	139	13
11	14	100
11	19	20
11	12	14
11	113	88
11	16	69
11	90	84
11	128	26
11	68	26
11	18	86
11	74	11
11	73	88
11	115	88
11	66	67
11	107	6
11	118	27
11	28	61
11	94	10
11	173	28
11	29	22
11	123	56
11	96	86
11	144	98
11	82	38
11	145	95
11	63	29
11	76	43
11	177	73
11	106	96
11	127	7
11	174	93
11	111	89
11	22	84
11	168	25
11	61	80
11	27	14
11	39	32
11	83	90
11	167	13
11	26	35
11	142	61
11	33	93
11	42	69
11	159	31
11	47	40
11	38	6
11	157	32
11	119	73
11	166	55
11	179	81
11	71	16
11	67	62
11	35	41
11	24	80
11	57	7
11	84	71
11	152	35
11	117	78
11	134	60
12	82	51
12	112	37
12	132	11
12	66	51
12	73	44
12	130	43
12	135	70
12	87	87
12	118	96
12	121	61
12	122	35
12	102	22
12	19	94
12	101	68
12	83	11
12	86	94
12	92	72
12	114	78
12	17	20
12	109	67
12	107	20
12	80	88
12	95	99
12	105	23
12	141	23
12	61	19
12	69	95
12	138	25
12	177	39
12	129	92
12	89	62
12	32	74
12	172	39
12	174	78
12	76	6
12	134	81
12	120	86
12	74	23
12	31	96
12	100	71
12	63	89
12	175	7
12	113	39
12	127	60
12	143	12
12	137	60
12	13	84
12	79	45
12	139	20
12	140	76
12	22	98
12	126	22
12	27	46
12	167	31
12	171	93
12	91	98
12	39	12
12	142	23
12	37	89
12	124	92
12	178	71
12	103	52
12	42	16
12	108	35
12	25	79
12	24	12
12	49	9
12	111	64
12	161	90
12	165	42
12	28	61
12	29	16
12	75	29
12	169	76
12	53	95
12	34	85
12	116	8
13	130	31
13	87	12
13	71	72
13	93	72
13	84	67
13	16	72
13	68	40
13	129	30
13	15	53
13	61	87
13	107	73
13	113	92
13	92	37
13	119	12
13	20	54
13	145	90
13	64	32
13	134	8
13	90	13
13	23	89
13	127	65
13	142	99
13	146	68
13	81	91
13	97	82
13	132	47
13	117	35
13	111	88
13	86	87
13	144	18
13	102	63
13	112	56
13	24	66
13	128	80
13	89	60
13	70	74
13	18	32
13	88	99
13	80	35
13	63	54
13	121	16
13	108	18
13	32	96
13	75	41
13	118	58
13	140	23
13	59	94
13	35	84
13	26	13
13	171	52
13	98	91
13	99	67
13	69	39
13	25	20
13	38	77
13	96	17
13	37	74
13	66	73
13	43	81
13	136	15
13	77	22
13	21	68
13	44	85
13	162	40
13	14	25
13	91	87
13	147	83
13	175	46
13	143	66
13	104	37
13	105	99
13	135	54
13	39	96
13	50	42
13	139	48
13	177	24
13	103	75
13	76	24
13	33	90
13	167	60
13	40	29
13	49	13
13	120	10
13	164	17
13	115	25
13	47	16
13	41	78
13	169	13
13	170	8
14	144	30
14	104	38
14	110	38
14	62	65
14	76	51
14	97	71
14	107	79
14	145	70
14	132	98
14	89	97
14	112	76
14	141	18
14	19	67
14	17	95
14	81	11
14	121	55
14	96	76
14	117	56
14	137	43
14	73	94
14	140	19
14	122	6
14	94	83
14	61	95
14	109	67
14	75	53
14	111	72
14	131	34
14	87	95
14	148	49
14	123	43
14	88	36
14	133	7
14	74	30
14	67	34
14	90	20
14	29	55
14	176	35
14	139	46
14	114	37
14	64	8
14	175	71
14	102	20
14	125	77
14	103	54
14	77	70
14	65	47
14	115	16
14	100	91
14	126	57
14	108	98
14	70	60
14	147	21
14	60	33
14	36	73
14	170	57
14	95	59
14	83	72
14	63	8
14	120	41
14	173	88
14	93	42
14	135	36
14	161	23
14	31	9
14	22	91
14	113	81
14	41	32
14	85	90
14	105	79
14	26	82
14	52	85
14	27	7
14	47	11
14	169	90
14	128	27
14	134	69
14	167	27
14	156	59
14	48	21
14	82	53
14	23	96
14	130	56
14	78	86
15	96	47
15	61	64
15	117	19
15	143	11
15	122	96
15	144	85
15	138	84
15	111	69
15	128	30
15	114	67
15	115	16
15	101	71
15	86	5
15	76	33
15	125	82
15	129	39
15	75	55
15	81	98
15	67	55
15	64	5
15	103	40
15	126	52
15	63	64
15	89	27
15	112	33
15	80	22
15	139	64
15	95	53
15	145	96
15	124	71
15	136	13
15	135	99
15	27	7
15	69	31
15	119	24
15	92	53
15	19	82
15	178	89
15	134	6
15	70	39
15	104	66
15	87	65
15	100	14
15	23	92
15	91	85
15	102	98
15	65	69
15	147	71
15	40	46
15	88	55
15	26	71
15	31	98
15	127	48
15	177	87
15	71	44
15	167	89
15	39	30
15	107	28
15	94	81
15	130	51
15	146	32
15	166	89
15	141	88
15	84	89
15	168	40
15	118	44
15	30	84
15	113	12
15	44	84
15	54	34
15	108	70
15	78	58
15	175	87
15	49	60
15	174	29
15	170	70
15	169	45
15	25	10
15	132	61
15	152	16
16	131	12
16	88	17
16	93	77
16	129	22
16	141	90
16	115	10
16	86	91
16	142	93
16	147	24
16	145	64
16	126	43
16	64	40
16	110	26
16	150	42
16	21	65
16	148	78
16	140	71
16	119	16
16	125	46
16	136	98
16	22	69
16	138	71
16	94	58
16	135	71
16	111	92
16	77	22
16	105	42
16	97	25
16	96	83
16	17	69
16	108	86
16	143	79
16	144	100
16	128	68
16	19	26
16	117	98
16	26	43
16	62	90
16	84	14
16	29	37
16	89	14
16	18	12
16	25	47
16	66	31
16	90	23
16	172	90
16	134	25
16	113	6
16	81	81
16	75	64
16	38	99
16	146	12
16	76	78
16	179	24
16	30	72
16	120	57
16	168	52
16	78	76
16	130	28
16	74	28
16	31	33
16	118	72
16	165	7
16	91	79
16	20	87
16	63	42
16	79	63
16	32	69
16	40	79
16	139	7
16	92	38
16	167	85
16	85	66
16	127	39
16	107	20
16	173	83
16	45	41
16	73	41
16	82	68
16	158	77
16	87	76
16	60	17
17	91	99
17	73	35
17	130	25
17	63	96
17	117	90
17	108	53
17	122	51
17	87	38
17	119	81
17	135	23
17	71	25
17	107	89
17	125	72
17	129	47
17	112	11
17	89	34
17	100	28
17	102	12
17	20	49
17	132	39
17	105	78
17	88	45
17	68	51
17	25	16
17	138	64
17	31	91
17	23	17
17	28	13
17	82	64
17	27	85
17	65	17
17	127	75
17	35	68
17	92	62
17	77	12
17	149	15
17	139	66
17	98	68
17	72	93
17	21	15
17	148	35
17	24	83
17	39	98
17	141	28
17	178	68
17	30	9
17	137	90
17	69	85
17	81	79
17	37	49
17	118	27
17	36	62
17	143	95
17	167	61
17	90	36
17	49	43
17	166	27
17	94	19
17	34	32
17	48	67
17	93	83
17	164	68
17	128	15
17	26	11
17	145	30
17	99	52
17	136	32
17	78	8
17	83	34
17	144	9
17	50	62
17	174	36
17	162	71
17	22	44
17	160	91
17	165	59
17	40	75
17	76	89
17	86	64
17	133	67
17	43	81
17	177	80
18	139	30
18	79	31
18	107	67
18	120	40
18	98	18
18	129	12
18	76	78
18	65	72
18	148	17
18	88	21
18	71	54
18	146	80
18	106	74
18	115	83
18	116	15
18	104	83
18	21	89
18	126	48
18	121	73
18	112	41
18	84	88
18	93	33
18	141	21
18	67	30
18	94	16
18	132	62
18	82	19
18	108	37
18	26	69
18	99	59
18	113	7
18	125	45
18	70	97
18	140	7
18	89	34
18	136	80
18	145	9
18	33	26
18	135	48
18	114	81
18	144	82
18	27	99
18	80	55
18	83	43
18	90	31
18	127	64
18	68	59
18	42	94
18	44	68
18	41	50
18	133	57
18	131	48
18	174	22
18	23	48
18	102	30
18	167	64
18	134	68
18	52	10
18	111	59
18	87	76
18	45	83
18	39	28
18	119	52
18	74	9
18	162	58
18	110	70
18	47	77
18	64	68
18	69	40
18	177	89
18	172	25
18	29	19
18	97	20
18	46	7
18	24	54
18	163	56
18	151	69
18	157	79
18	58	50
18	168	95
18	78	41
19	142	21
19	150	84
19	127	46
19	82	81
19	113	18
19	123	13
19	111	6
19	140	31
19	102	41
19	21	22
19	67	78
19	114	97
19	112	70
19	75	99
19	131	77
19	68	76
19	78	15
19	110	70
19	149	72
19	133	85
19	144	60
19	153	14
19	87	10
19	91	81
19	99	7
19	103	46
19	119	40
19	146	18
19	70	78
19	116	47
19	121	55
19	26	77
19	77	41
19	74	42
19	39	97
19	25	44
19	28	63
19	93	8
19	97	13
19	38	27
19	32	22
19	107	98
19	41	95
19	175	95
19	31	66
19	95	79
19	117	52
19	141	93
19	85	41
19	124	48
19	139	74
19	100	39
19	29	12
19	152	10
19	89	41
19	143	43
19	109	5
19	137	83
19	24	80
19	171	99
19	46	39
19	30	60
19	34	84
19	128	72
19	76	78
19	122	67
19	138	15
19	48	18
19	27	95
19	33	29
19	179	44
19	178	97
19	94	12
19	88	92
19	169	59
19	79	60
19	129	88
20	107	24
20	94	83
20	106	52
20	88	93
20	127	95
20	67	69
20	113	74
20	134	93
20	110	7
20	123	21
20	121	26
20	24	39
20	66	91
20	152	91
20	75	70
20	81	59
20	116	89
20	83	75
20	103	99
20	25	57
20	111	13
20	136	42
20	124	49
20	26	56
20	131	76
20	33	75
20	72	95
20	29	65
20	73	17
20	153	63
20	32	63
20	140	79
20	114	43
20	120	11
20	148	7
20	82	92
20	85	63
20	40	62
20	126	88
20	129	76
20	125	86
20	179	68
20	21	91
20	36	17
20	154	26
20	100	79
20	118	96
20	30	96
20	28	61
20	104	31
20	92	21
20	109	38
20	105	99
20	142	76
20	99	13
20	98	42
20	71	94
20	79	11
20	43	27
20	69	99
20	128	95
20	132	77
20	119	48
20	172	68
20	41	41
20	175	48
20	151	22
20	27	81
20	77	42
20	137	65
20	23	99
20	60	47
20	145	26
20	176	48
20	74	79
20	173	39
20	150	81
20	38	87
20	87	98
20	59	74
21	69	93
21	116	31
21	144	40
21	120	89
21	79	96
21	155	15
21	89	38
21	98	49
21	151	17
21	90	96
21	97	95
21	140	42
21	130	84
21	94	51
21	27	53
21	143	50
21	136	31
21	99	17
21	145	35
21	68	73
21	81	69
21	76	67
21	102	8
21	95	16
21	78	33
21	127	13
21	113	86
21	88	15
21	112	34
21	122	94
21	36	79
21	26	24
21	91	91
21	96	90
21	154	85
21	33	42
21	106	51
21	108	78
21	107	18
21	83	26
21	115	16
21	41	8
21	135	9
21	22	50
21	25	81
21	129	5
21	32	52
21	42	52
21	44	53
21	123	12
21	34	80
21	149	66
21	29	61
21	104	40
21	138	35
21	101	94
21	80	83
21	147	92
21	178	81
21	30	54
21	117	56
21	146	33
21	47	38
21	84	52
21	176	55
21	77	68
21	169	93
21	110	70
21	141	36
21	131	29
21	24	29
21	28	47
21	126	57
21	55	50
21	38	11
21	93	15
21	73	20
21	92	10
21	133	73
21	171	72
21	174	97
21	163	62
21	85	65
21	43	84
21	48	27
21	57	11
22	106	18
22	108	64
22	100	59
22	116	21
22	152	21
22	141	66
22	90	65
22	76	75
22	127	9
22	122	57
22	93	80
22	138	11
22	132	77
22	134	61
22	107	11
22	29	65
22	73	9
22	123	71
22	70	12
22	101	30
22	140	10
22	129	96
22	25	34
22	86	44
22	99	34
22	85	52
22	69	64
22	75	53
22	156	6
22	135	31
22	80	43
22	43	52
22	92	68
22	130	41
22	102	34
22	87	61
22	148	97
22	27	82
22	111	27
22	28	64
22	95	42
22	32	16
22	114	76
22	137	95
22	120	62
22	151	59
22	34	79
22	46	95
22	47	38
22	49	96
22	149	31
22	179	15
22	150	38
22	177	62
22	91	41
22	166	96
22	94	39
22	57	68
22	72	78
22	167	83
22	60	7
22	143	41
22	74	63
22	37	70
22	146	18
22	38	8
22	51	15
22	121	98
22	113	79
22	45	35
22	145	21
22	147	100
22	115	26
22	136	19
23	105	18
23	77	61
23	76	41
23	117	94
23	146	75
23	122	15
23	111	38
23	152	48
23	102	100
23	26	90
23	80	39
23	71	12
23	84	72
23	69	28
23	136	36
23	28	69
23	82	37
23	27	8
23	31	71
23	113	16
23	151	66
23	116	92
23	103	39
23	85	94
23	83	46
23	127	56
23	94	33
23	92	85
23	104	96
23	112	32
23	88	98
23	25	44
23	145	95
23	39	8
23	124	18
23	29	22
23	155	51
23	24	82
23	90	29
23	89	98
23	87	62
23	100	46
23	133	26
23	107	82
23	109	50
23	119	98
23	144	8
23	52	47
23	99	75
23	175	79
23	75	80
23	173	89
23	86	51
23	91	32
23	106	6
23	128	87
23	38	91
23	51	96
23	50	17
23	142	60
23	37	43
23	95	84
23	42	74
23	81	9
23	132	77
23	179	11
23	170	77
23	150	60
23	148	63
23	166	55
23	163	78
23	35	30
23	65	96
23	73	68
23	110	36
24	77	77
24	95	90
24	113	26
24	123	47
24	98	22
24	143	94
24	87	100
24	132	20
24	88	30
24	100	70
24	109	13
24	106	83
24	138	55
24	104	68
24	156	17
24	105	96
24	135	47
24	152	5
24	94	76
24	103	41
24	147	47
24	151	75
24	102	19
24	150	67
24	120	89
24	35	38
24	108	89
24	129	41
24	36	27
24	90	70
24	141	54
24	110	21
24	28	81
24	78	18
24	74	68
24	130	29
24	140	61
24	76	43
24	116	72
24	137	32
24	144	73
24	149	74
24	38	62
24	154	49
24	43	53
24	41	32
24	118	54
24	99	37
24	45	63
24	134	20
24	85	60
24	111	63
24	97	52
24	126	80
24	124	51
24	128	13
24	145	25
24	107	26
24	27	20
24	32	100
24	79	84
24	139	34
24	89	53
24	71	97
24	46	58
24	26	57
24	172	40
24	60	28
24	148	7
24	31	31
24	40	40
24	59	28
24	42	63
24	175	81
24	57	97
24	127	89
24	142	78
24	163	17
24	114	28
24	177	16
24	62	68
25	108	35
25	153	93
25	138	75
25	84	19
25	99	14
25	143	60
25	76	22
25	117	46
25	130	34
25	85	55
25	154	50
25	131	65
25	101	77
25	79	81
25	146	20
25	152	49
25	98	58
25	118	46
25	127	18
25	31	18
25	112	96
25	123	77
25	26	30
25	92	88
25	71	31
25	102	68
25	80	68
25	29	51
25	157	62
25	93	84
25	129	17
25	114	89
25	110	78
25	147	29
25	136	16
25	97	98
25	100	24
25	140	29
25	41	65
25	87	94
25	96	87
25	35	85
25	103	42
25	111	84
25	158	7
25	151	50
25	149	75
25	74	91
25	88	55
25	141	29
25	46	42
25	106	86
25	135	37
25	115	10
25	28	37
25	122	44
25	72	97
25	32	25
25	150	72
25	174	82
25	107	43
25	94	24
25	77	46
25	83	59
25	57	76
25	40	7
25	58	27
25	128	44
25	142	35
25	166	54
25	64	96
25	165	75
25	78	67
25	66	31
26	128	81
26	103	85
26	126	66
26	147	45
26	81	23
26	101	16
26	100	19
26	109	91
26	113	23
26	84	44
26	96	56
26	148	74
26	138	97
26	143	91
26	119	40
26	28	84
26	75	21
26	111	81
26	151	77
26	154	13
26	106	14
26	118	88
26	156	5
26	79	67
26	93	61
26	117	93
26	142	62
26	27	46
26	104	33
26	82	59
26	152	84
26	77	80
26	105	18
26	130	43
26	132	67
26	99	79
26	34	8
26	42	38
26	45	11
26	135	100
26	112	28
26	134	72
26	150	23
26	108	72
26	139	31
26	73	18
26	144	61
26	78	14
26	136	99
26	129	59
26	37	62
26	110	20
26	46	91
26	160	88
26	157	63
26	47	41
26	86	7
26	179	81
26	48	64
26	30	73
26	88	24
26	54	55
26	178	57
26	155	48
26	35	10
26	175	47
26	159	95
26	102	72
26	177	92
26	90	50
26	145	63
26	167	93
26	140	98
26	107	97
26	176	20
26	131	70
26	60	18
26	41	82
26	172	89
26	80	36
27	106	42
27	100	38
27	119	8
27	154	43
27	155	48
27	90	68
27	134	23
27	132	64
27	156	75
27	113	51
27	112	97
27	96	52
27	82	20
27	130	21
27	157	86
27	102	90
27	85	90
27	117	9
27	95	95
27	89	18
27	99	18
27	76	15
27	73	55
27	129	38
27	140	49
27	151	53
27	80	56
27	158	70
27	143	47
27	40	25
27	103	34
27	153	97
27	39	62
27	107	83
27	136	65
27	37	39
27	81	69
27	139	19
27	77	57
27	88	89
27	45	59
27	141	7
27	144	6
27	31	65
27	123	77
27	53	83
27	33	40
27	47	82
27	56	8
27	32	13
27	138	94
27	98	65
27	74	24
27	51	89
27	128	6
27	97	60
27	91	64
27	171	61
27	120	30
27	34	27
27	104	12
27	49	63
27	142	58
27	54	12
27	152	81
27	179	43
27	160	43
27	121	91
27	65	88
27	161	11
27	66	72
27	116	83
28	83	27
28	141	18
28	112	36
28	126	42
28	150	29
28	155	41
28	96	15
28	139	23
28	110	17
28	142	25
28	95	28
28	92	27
28	87	19
28	124	49
28	144	26
28	154	77
28	88	38
28	37	6
28	35	58
28	98	81
28	160	43
28	151	71
28	29	82
28	125	14
28	134	91
28	146	86
28	36	51
28	74	25
28	80	64
28	121	23
28	91	37
28	120	53
28	38	36
28	76	85
28	82	33
28	103	47
28	135	73
28	44	27
28	85	39
28	115	89
28	31	38
28	145	83
28	43	84
28	41	39
28	47	27
28	75	11
28	162	46
28	99	78
28	105	61
28	128	16
28	137	62
28	84	32
28	122	41
28	114	59
28	90	11
28	116	33
28	108	96
28	79	71
28	93	14
28	157	56
28	143	20
28	118	96
28	34	36
28	49	56
28	46	21
28	54	11
28	178	43
28	101	36
28	129	66
28	89	26
28	45	98
28	62	65
28	136	17
28	161	80
28	130	47
28	158	57
28	53	27
28	59	96
28	170	40
28	65	31
28	104	74
28	39	42
28	55	15
28	81	55
28	138	98
28	61	34
28	153	61
29	130	90
29	137	96
29	139	70
29	95	92
29	75	89
29	114	60
29	106	9
29	127	85
29	77	34
29	82	48
29	84	32
29	151	76
29	107	22
29	33	47
29	87	82
29	144	22
29	34	15
29	145	46
29	78	83
29	99	85
29	117	47
29	135	69
29	149	27
29	159	59
29	31	28
29	148	55
29	41	75
29	116	52
29	36	15
29	88	19
29	43	57
29	108	15
29	122	97
29	38	25
29	91	64
29	160	76
29	98	47
29	37	93
29	97	74
29	104	44
29	147	52
29	157	43
29	120	73
29	102	12
29	109	49
29	30	44
29	119	34
29	111	20
29	112	64
29	89	31
29	76	74
29	35	31
29	129	83
29	61	23
29	94	29
29	48	92
29	56	73
29	90	39
29	79	58
29	50	55
29	132	27
29	103	30
29	51	55
29	86	65
29	64	97
29	85	44
29	115	72
29	123	59
29	158	82
29	80	45
29	175	68
29	171	13
29	125	16
29	153	56
29	44	9
29	113	78
29	142	95
29	154	33
29	105	37
29	161	78
30	130	66
30	115	81
30	120	10
30	158	83
30	123	66
30	111	16
30	141	25
30	144	32
30	79	93
30	105	88
30	93	67
30	96	34
30	102	66
30	126	99
30	95	62
30	101	7
30	121	25
30	99	83
30	76	39
30	108	8
30	37	92
30	89	54
30	78	19
30	113	13
30	41	6
30	100	9
30	114	74
30	85	93
30	103	77
30	122	30
30	152	92
30	127	77
30	149	27
30	131	31
30	147	68
30	106	48
30	32	40
30	40	6
30	35	84
30	112	64
30	162	56
30	150	32
30	118	53
30	39	33
30	53	99
30	117	88
30	46	79
30	148	86
30	42	99
30	110	94
30	84	5
30	77	7
30	142	74
30	43	48
30	86	34
30	132	15
30	146	75
30	156	51
30	44	63
30	59	13
30	83	92
30	140	63
30	56	22
30	129	35
30	151	67
30	91	44
30	68	62
30	128	73
30	45	99
30	66	47
30	55	40
30	161	43
30	73	88
31	110	58
31	158	91
31	79	11
31	140	72
31	133	76
31	129	43
31	92	75
31	33	74
31	80	76
31	105	49
31	34	64
31	119	27
31	159	50
31	142	20
31	155	21
31	157	99
31	93	99
31	164	59
31	143	63
31	113	43
31	121	44
31	111	57
31	151	44
31	165	82
31	81	10
31	162	44
31	125	84
31	131	64
31	123	73
31	32	39
31	82	9
31	104	75
31	134	30
31	54	97
31	147	92
31	47	16
31	52	31
31	56	75
31	145	68
31	139	16
31	108	9
31	53	8
31	58	22
31	144	40
31	60	82
31	116	57
31	44	33
31	77	95
31	94	81
31	101	16
31	112	12
31	152	35
31	136	42
31	84	6
31	132	26
31	85	60
31	141	38
31	64	87
31	42	54
31	122	82
31	150	97
31	40	55
31	69	44
31	154	79
31	50	70
32	136	30
32	154	84
32	78	48
32	112	71
32	96	43
32	113	35
32	114	23
32	103	45
32	91	6
32	104	95
32	149	80
32	102	81
32	98	27
32	99	82
32	135	82
32	166	24
32	140	36
32	133	30
32	124	29
32	94	21
32	162	75
32	106	48
32	40	47
32	117	55
32	134	66
32	155	25
32	150	29
32	87	36
32	129	33
32	153	64
32	119	60
32	137	17
32	148	59
32	47	78
32	123	71
32	164	9
32	84	39
32	90	82
32	44	47
32	130	18
32	158	44
32	33	33
32	146	79
32	101	20
32	38	41
32	48	55
32	144	99
32	111	78
32	122	54
32	131	87
32	92	22
32	36	75
32	81	23
32	105	48
32	58	60
32	116	74
32	57	30
32	120	22
32	157	89
32	45	47
32	52	17
32	165	44
32	56	14
32	161	36
32	51	74
32	177	67
32	143	99
32	160	80
32	49	28
32	55	79
32	163	11
32	54	88
32	125	59
32	64	11
32	142	96
32	37	16
32	174	99
32	179	20
32	53	35
32	42	42
32	70	64
33	156	36
33	155	69
33	163	56
33	106	48
33	95	12
33	85	60
33	107	62
33	112	97
33	136	45
33	140	91
33	158	91
33	93	51
33	97	20
33	82	57
33	105	65
33	108	39
33	111	49
33	137	37
33	110	37
33	35	70
33	139	97
33	121	82
33	100	15
33	128	88
33	161	58
33	109	43
33	116	72
33	142	96
33	81	53
33	45	8
33	84	71
33	98	59
33	131	82
33	135	20
33	89	21
33	56	17
33	125	40
33	149	7
33	57	82
33	152	46
33	150	22
33	119	34
33	51	73
33	40	95
33	49	92
33	117	49
33	99	96
33	63	88
33	104	14
33	90	15
33	148	39
33	83	30
33	46	57
33	115	50
33	147	48
33	92	23
33	165	29
33	70	29
33	48	25
33	43	88
33	94	28
33	120	54
33	132	37
33	73	23
33	88	20
33	36	30
33	151	40
34	156	66
34	97	88
34	100	83
34	147	10
34	109	49
34	37	79
34	86	26
34	138	8
34	38	68
34	95	10
34	131	31
34	88	45
34	93	60
34	166	48
34	122	90
34	134	68
34	115	65
34	137	75
34	144	93
34	152	8
34	104	8
34	127	76
34	87	57
34	125	28
34	45	6
34	46	51
34	80	25
34	151	49
34	154	89
34	50	94
34	150	61
34	158	58
34	39	72
34	52	59
34	92	99
34	126	42
34	117	60
34	49	79
34	167	10
34	116	11
34	160	54
34	148	34
34	143	38
34	84	48
34	40	69
34	41	34
34	53	39
34	56	11
34	164	25
34	140	31
34	106	34
34	55	25
34	133	6
34	161	78
34	113	64
34	135	87
34	105	10
34	121	76
34	145	45
34	107	69
34	68	23
34	82	64
34	178	30
34	94	27
34	112	33
34	176	86
34	51	80
34	57	20
34	67	71
34	118	21
34	168	56
34	59	71
34	174	14
34	159	13
34	83	19
35	150	96
35	98	19
35	94	30
35	110	76
35	157	26
35	108	32
35	91	88
35	40	81
35	161	20
35	168	13
35	118	82
35	167	32
35	162	32
35	93	91
35	133	97
35	135	79
35	88	26
35	159	27
35	130	49
35	144	12
35	103	32
35	132	17
35	104	66
35	140	58
35	42	20
35	120	99
35	123	21
35	139	35
35	83	51
35	87	37
35	114	89
35	141	77
35	136	48
35	96	37
35	121	81
35	52	54
35	165	55
35	101	70
35	149	97
35	82	83
35	84	43
35	49	99
35	105	26
35	143	23
35	39	96
35	58	54
35	50	44
35	148	98
35	59	81
35	44	71
35	54	90
35	138	62
35	164	31
35	81	11
35	90	25
35	89	38
35	129	30
35	142	39
35	67	66
35	158	19
35	62	69
35	70	82
35	37	82
35	57	47
35	63	43
35	61	50
35	126	58
35	119	36
35	73	87
35	43	74
35	112	82
35	97	29
35	151	85
35	128	93
35	117	57
35	85	14
36	146	36
36	115	8
36	37	15
36	101	86
36	82	72
36	118	49
36	106	96
36	123	7
36	139	12
36	151	19
36	127	57
36	94	94
36	96	68
36	42	41
36	143	66
36	116	47
36	159	28
36	107	41
36	165	19
36	83	89
36	103	99
36	144	35
36	44	35
36	130	30
36	128	88
36	119	56
36	145	32
36	157	39
36	158	46
36	167	25
36	136	50
36	90	82
36	110	12
36	109	78
36	142	65
36	125	75
36	87	94
36	102	63
36	129	20
36	164	40
36	45	26
36	47	19
36	52	18
36	121	17
36	131	89
36	50	72
36	112	92
36	89	33
36	162	7
36	161	56
36	114	76
36	153	76
36	85	46
36	117	99
36	49	91
36	148	72
36	59	28
36	51	62
36	62	76
36	166	8
36	160	32
36	88	71
36	141	52
36	137	60
36	93	87
36	56	27
36	149	7
36	135	36
36	58	63
36	98	8
36	64	69
36	63	15
36	41	58
36	170	36
36	132	35
36	86	13
36	179	62
36	54	57
36	57	45
36	68	80
36	66	39
36	126	12
36	175	27
36	65	27
37	100	45
37	102	80
37	89	13
37	91	79
37	83	48
37	117	76
37	139	7
37	144	36
37	120	72
37	94	74
37	119	34
37	133	77
37	45	38
37	111	58
37	107	28
37	122	39
37	157	77
37	151	72
37	125	10
37	123	55
37	138	92
37	135	56
37	93	40
37	143	98
37	154	33
37	40	33
37	51	66
37	43	93
37	142	51
37	38	79
37	104	16
37	155	77
37	140	29
37	105	83
37	156	33
37	124	34
37	132	82
37	41	50
37	88	63
37	113	12
37	59	47
37	96	81
37	121	91
37	134	72
37	161	95
37	169	46
37	152	20
37	106	48
37	160	99
37	95	52
37	50	9
37	170	86
37	58	24
37	47	82
37	98	28
37	86	6
37	54	67
37	85	35
37	84	86
37	149	94
37	137	81
37	127	20
37	103	73
37	128	85
37	66	77
37	76	99
37	97	16
37	145	24
37	129	16
37	163	23
37	168	69
37	159	97
37	171	70
37	49	97
37	174	43
38	88	24
38	99	73
38	110	19
38	120	65
38	97	85
38	127	42
38	155	26
38	116	64
38	139	62
38	98	72
38	143	83
38	161	85
38	138	12
38	151	39
38	115	9
38	149	67
38	166	89
38	103	84
38	85	19
38	111	97
38	125	64
38	169	11
38	164	98
38	158	83
38	84	63
38	95	87
38	50	29
38	43	53
38	148	69
38	44	19
38	122	23
38	92	63
38	47	70
38	172	70
38	86	80
38	104	15
38	41	17
38	145	88
38	152	89
38	171	91
38	102	55
38	119	68
38	93	98
38	124	54
38	89	19
38	66	49
38	142	63
38	59	48
38	163	82
38	154	16
38	165	91
38	42	47
38	52	29
38	135	32
38	55	54
38	113	27
38	118	37
38	128	86
38	56	19
38	126	16
38	170	59
38	67	58
38	162	22
38	147	73
38	107	64
38	58	64
38	61	61
38	75	12
38	78	40
38	133	40
38	62	56
38	156	29
38	53	44
38	167	70
38	57	85
38	96	37
39	146	42
39	85	45
39	152	16
39	160	98
39	142	67
39	164	58
39	156	39
39	92	42
39	127	97
39	154	89
39	149	87
39	137	43
39	147	66
39	168	5
39	97	6
39	96	80
39	87	96
39	98	82
39	105	89
39	172	60
39	116	16
39	117	34
39	89	85
39	115	81
39	42	81
39	88	6
39	162	6
39	169	88
39	50	96
39	93	88
39	159	31
39	46	56
39	130	87
39	45	68
39	119	69
39	111	57
39	110	30
39	157	47
39	173	40
39	91	79
39	150	41
39	126	83
39	132	64
39	54	60
39	109	27
39	143	78
39	139	75
39	118	30
39	114	61
39	99	97
39	108	84
39	123	76
39	61	48
39	64	98
39	165	55
39	141	36
39	60	94
39	48	100
39	166	11
39	65	65
39	58	72
39	121	31
39	40	13
39	131	17
39	72	65
39	100	25
39	151	95
39	155	7
39	77	47
39	56	37
39	53	51
39	81	57
39	94	35
39	140	100
39	43	78
40	169	11
40	104	87
40	105	78
40	170	57
40	150	36
40	106	57
40	119	18
40	128	84
40	166	52
40	44	73
40	108	55
40	167	84
40	109	38
40	120	95
40	156	11
40	161	70
40	107	29
40	113	12
40	151	46
40	164	70
40	162	9
40	121	31
40	143	69
40	126	52
40	94	95
40	160	84
40	174	88
40	139	51
40	97	82
40	116	19
40	90	90
40	45	41
40	124	74
40	129	73
40	149	49
40	54	41
40	99	78
40	51	47
40	148	52
40	42	90
40	88	35
40	111	60
40	146	21
40	165	89
40	65	11
40	118	99
40	100	76
40	66	32
40	48	98
40	136	83
40	46	98
40	58	92
40	52	37
40	172	76
40	123	60
40	159	89
40	72	63
40	157	76
40	98	89
40	142	77
40	70	67
40	95	59
40	130	13
40	96	44
40	55	71
40	117	84
40	73	79
40	80	71
40	154	62
40	59	27
40	173	57
40	63	39
40	68	29
41	142	76
41	110	91
41	153	66
41	125	14
41	158	53
41	159	41
41	43	60
41	169	52
41	128	85
41	127	78
41	172	89
41	151	10
41	162	26
41	107	9
41	92	88
41	49	72
41	165	83
41	93	23
41	146	15
41	120	98
41	155	80
41	44	81
41	115	48
41	168	85
41	121	41
41	112	56
41	163	20
41	116	65
41	170	38
41	130	89
41	47	25
41	133	72
41	88	57
41	90	90
41	148	34
41	94	23
41	52	44
41	143	44
41	87	59
41	50	19
41	154	32
41	164	36
41	175	51
41	96	25
41	160	51
41	65	43
41	60	87
41	89	31
41	106	16
41	174	18
41	123	65
41	171	63
41	109	61
41	91	74
41	122	51
41	150	36
41	173	98
41	46	87
41	70	29
41	105	33
41	118	34
41	156	30
41	55	64
41	42	33
41	149	87
41	101	77
41	140	12
41	76	68
41	77	34
41	78	82
41	157	27
41	74	27
41	117	24
41	147	29
41	103	75
41	114	12
41	167	58
42	120	18
42	134	92
42	140	44
42	151	66
42	96	38
42	119	75
42	160	11
42	105	55
42	111	71
42	99	35
42	146	79
42	115	59
42	90	19
42	107	43
42	141	91
42	150	58
42	103	22
42	144	25
42	49	20
42	175	70
42	152	83
42	169	62
42	126	16
42	56	91
42	161	18
42	130	26
42	89	15
42	121	80
42	133	9
42	93	44
42	124	17
42	132	54
42	135	20
42	145	37
42	102	28
42	63	79
42	65	19
42	92	93
42	91	94
42	57	55
42	47	9
42	157	69
42	166	90
42	164	35
42	110	64
42	137	96
42	53	19
42	48	58
42	167	42
42	123	23
42	51	75
42	154	86
42	153	72
42	62	34
42	176	79
42	76	11
42	52	20
42	80	53
42	117	17
42	58	65
42	60	94
42	72	86
42	159	80
42	139	96
42	45	68
42	82	98
42	67	44
42	127	32
43	166	25
43	138	41
43	101	99
43	135	78
43	160	95
43	157	31
43	174	77
43	107	13
43	124	29
43	137	76
43	158	12
43	143	72
43	47	94
43	125	50
43	150	96
43	156	84
43	152	21
43	128	44
43	126	19
43	170	100
43	139	63
43	146	33
43	118	72
43	53	87
43	115	39
43	155	43
43	45	33
43	123	45
43	159	60
43	131	18
43	154	19
43	109	27
43	117	79
43	163	87
43	114	32
43	95	79
43	106	31
43	113	80
43	111	60
43	103	20
43	153	42
43	162	28
43	52	92
43	98	55
43	46	64
43	58	46
43	99	18
43	168	98
43	142	96
43	65	75
43	122	49
43	96	39
43	49	7
43	55	89
43	94	40
43	172	37
43	136	93
43	89	98
43	108	90
43	67	61
43	173	91
43	76	79
43	51	98
43	54	22
43	140	55
43	130	37
43	75	31
43	104	76
43	121	45
43	175	64
43	110	7
43	144	15
43	97	81
43	63	28
44	121	95
44	148	89
44	101	23
44	120	26
44	104	60
44	177	31
44	165	87
44	116	98
44	171	37
44	132	54
44	106	62
44	151	86
44	113	44
44	140	81
44	153	87
44	173	6
44	134	35
44	112	46
44	136	83
44	150	17
44	94	37
44	97	58
44	45	96
44	98	35
44	176	78
44	105	10
44	90	35
44	158	11
44	95	57
44	144	86
44	107	40
44	57	30
44	146	31
44	55	78
44	92	95
44	46	10
44	59	71
44	93	70
44	58	54
44	109	54
44	119	52
44	64	61
44	115	22
44	62	28
44	99	79
44	47	92
44	49	98
44	175	91
44	50	84
44	69	52
44	170	94
44	137	49
44	102	66
44	76	31
44	56	33
44	67	67
44	103	42
44	159	54
44	114	52
44	126	32
44	127	31
44	70	74
44	110	47
44	155	54
44	91	92
44	172	36
44	135	92
44	143	56
44	166	48
44	122	59
44	125	10
44	131	25
44	161	46
45	127	62
45	124	83
45	128	51
45	163	58
45	155	43
45	160	72
45	120	86
45	152	29
45	135	27
45	104	89
45	159	34
45	147	100
45	94	11
45	51	65
45	168	17
45	169	56
45	122	63
45	174	24
45	178	52
45	54	38
45	92	62
45	101	8
45	139	38
45	46	82
45	167	92
45	177	25
45	55	72
45	102	64
45	56	64
45	115	69
45	144	42
45	109	99
45	123	40
45	47	33
45	58	78
45	119	6
45	107	28
45	111	54
45	103	26
45	170	27
45	138	61
45	121	62
45	48	91
45	49	56
45	95	79
45	112	66
45	106	87
45	105	85
45	156	92
45	175	17
45	129	15
45	153	56
45	150	9
45	151	68
45	100	87
45	125	82
45	57	54
45	141	39
45	143	10
45	171	64
45	140	39
45	148	12
45	173	53
45	59	23
45	79	10
45	50	7
45	137	75
45	154	22
45	97	98
46	137	42
46	142	42
46	178	45
46	109	58
46	96	87
46	129	7
46	140	18
46	100	95
46	103	85
46	176	56
46	93	47
46	108	88
46	158	90
46	51	29
46	102	45
46	160	27
46	139	98
46	94	74
46	55	41
46	48	82
46	61	50
46	148	57
46	167	56
46	127	96
46	162	93
46	132	78
46	172	79
46	59	36
46	47	76
46	62	68
46	128	31
46	49	62
46	68	18
46	118	49
46	161	8
46	57	54
46	116	62
46	151	9
46	114	12
46	170	60
46	136	100
46	115	69
46	173	93
46	75	85
46	112	9
46	121	98
46	149	16
46	60	99
46	174	89
46	104	47
46	147	56
46	124	94
46	53	19
46	97	31
46	71	69
46	69	14
46	113	12
46	152	35
46	92	53
46	63	87
46	66	67
46	123	87
46	135	80
46	163	45
46	72	11
46	125	78
47	103	90
47	106	56
47	125	34
47	132	42
47	166	32
47	95	12
47	104	76
47	102	63
47	48	69
47	107	46
47	118	54
47	143	85
47	177	65
47	134	57
47	133	6
47	150	50
47	175	97
47	110	86
47	113	63
47	168	33
47	140	78
47	162	78
47	130	82
47	99	86
47	58	27
47	152	67
47	155	34
47	149	55
47	151	24
47	142	31
47	145	6
47	160	74
47	179	65
47	119	37
47	51	66
47	144	62
47	141	13
47	128	71
47	124	37
47	167	38
47	97	73
47	126	38
47	127	25
47	122	45
47	112	56
47	72	40
47	105	38
47	174	74
47	77	94
47	49	72
47	146	50
47	96	51
47	98	90
47	163	32
47	94	7
47	109	37
47	115	18
47	64	32
47	81	77
47	137	33
47	129	60
47	157	90
47	53	42
47	61	38
47	158	15
47	78	62
47	136	57
47	60	75
47	83	51
47	56	8
47	79	66
48	161	66
48	114	39
48	49	21
48	157	19
48	121	22
48	117	13
48	151	21
48	136	56
48	51	17
48	145	62
48	150	32
48	129	30
48	109	59
48	131	60
48	113	35
48	149	14
48	175	32
48	99	29
48	122	77
48	166	16
48	172	95
48	97	77
48	126	83
48	61	94
48	98	51
48	139	90
48	170	51
48	124	73
48	178	97
48	94	52
48	102	7
48	65	21
48	173	12
48	66	84
48	134	51
48	128	39
48	69	28
48	56	15
48	115	56
48	153	49
48	55	35
48	116	48
48	133	97
48	62	36
48	72	47
48	146	23
48	96	21
48	76	15
48	120	66
48	174	63
48	138	48
48	54	25
48	108	75
48	167	39
48	176	73
48	103	45
48	118	51
48	112	79
48	60	61
48	177	83
48	143	87
48	110	40
48	58	36
48	63	10
48	160	87
48	53	39
48	105	36
48	87	98
48	106	57
48	171	24
48	100	8
48	165	79
49	169	50
49	176	33
49	131	75
49	115	17
49	149	25
49	138	88
49	101	21
49	133	95
49	123	70
49	177	16
49	114	32
49	162	90
49	146	22
49	124	36
49	116	36
49	130	54
49	108	40
49	105	14
49	174	42
49	144	81
49	175	84
49	168	48
49	142	53
49	127	40
49	99	36
49	135	95
49	155	12
49	160	79
49	98	99
49	132	63
49	170	80
49	137	94
49	166	16
49	67	49
49	62	79
49	178	95
49	179	86
49	164	67
49	60	47
49	59	45
49	64	75
49	75	40
49	140	26
49	73	52
49	163	64
49	154	95
49	172	34
49	141	93
49	107	73
49	125	13
49	106	86
49	109	42
49	97	12
49	129	87
49	110	82
49	111	49
49	68	10
49	147	33
49	77	100
49	158	54
49	112	87
49	56	16
49	102	73
49	54	18
49	95	6
49	70	75
49	139	34
50	119	78
50	96	60
50	123	60
50	136	8
50	129	29
50	151	8
50	118	95
50	176	86
50	160	47
50	130	9
50	148	56
50	107	76
50	142	73
50	158	23
50	53	25
50	103	79
50	141	69
50	165	76
50	114	68
50	135	69
50	126	61
50	98	56
50	101	40
50	134	52
50	140	82
50	117	11
50	111	66
50	168	18
50	164	85
50	62	47
50	175	78
50	167	33
50	55	17
50	97	89
50	133	91
50	171	84
50	170	67
50	60	68
50	159	97
50	99	75
50	172	12
50	72	31
50	146	22
50	177	40
50	65	73
50	102	96
50	104	6
50	169	69
50	145	86
50	74	58
50	144	91
50	106	7
50	80	84
50	57	18
50	67	84
50	138	24
50	147	22
50	110	46
50	64	46
50	116	94
50	109	83
50	166	97
50	83	36
50	88	12
50	149	76
50	81	49
50	85	12
50	179	15
50	108	69
50	82	87
50	91	54
50	70	82
50	178	68
51	122	65
51	117	65
51	144	69
51	104	97
51	135	18
51	145	99
51	100	17
51	119	23
51	150	85
51	54	12
51	127	91
51	136	71
51	126	77
51	147	41
51	151	31
51	121	36
51	123	25
51	97	85
51	107	83
51	163	27
51	173	20
51	52	32
51	114	7
51	141	55
51	56	41
51	58	48
51	156	80
51	158	5
51	124	16
51	132	44
51	179	88
51	169	86
51	161	37
51	170	10
51	59	50
51	176	26
51	99	18
51	177	70
51	68	62
51	134	70
51	160	89
51	101	78
51	64	15
51	110	68
51	162	6
51	55	14
51	71	14
51	108	58
51	60	54
51	154	41
51	157	84
51	53	66
51	75	49
51	102	9
51	65	9
51	178	12
51	159	53
51	72	60
51	81	68
51	109	47
51	87	80
51	129	66
51	174	97
51	82	48
51	92	85
51	125	9
51	103	47
51	77	60
51	86	84
51	91	57
51	130	23
52	142	46
52	102	44
52	120	81
52	132	39
52	153	23
52	104	41
52	152	11
52	163	56
52	141	57
52	145	72
52	175	15
52	147	19
52	162	11
52	173	86
52	61	6
52	57	54
52	148	92
52	176	86
52	129	96
52	116	48
52	123	78
52	106	65
52	155	45
52	150	86
52	168	41
52	112	73
52	99	61
52	179	9
52	63	54
52	113	38
52	118	91
52	177	39
52	160	76
52	98	34
52	103	63
52	154	73
52	127	54
52	60	41
52	72	42
52	62	8
52	54	12
52	58	26
52	169	86
52	124	21
52	70	96
52	161	39
52	137	40
52	159	98
52	128	82
52	146	44
52	149	18
52	131	27
52	76	34
52	109	43
52	87	42
52	164	96
52	171	22
52	79	42
52	78	38
52	91	11
52	174	9
52	59	14
52	119	90
52	81	16
52	157	88
53	139	49
53	151	78
53	112	84
53	119	51
53	129	73
53	117	75
53	143	46
53	160	38
53	152	47
53	114	8
53	111	70
53	164	61
53	107	80
53	155	18
53	56	9
53	125	47
53	145	51
53	168	54
53	126	97
53	141	6
53	118	87
53	138	92
53	161	17
53	64	36
53	178	58
53	172	91
53	55	61
53	154	71
53	101	78
53	169	63
53	175	43
53	57	28
53	60	61
53	153	17
53	131	95
53	100	15
53	104	81
53	63	29
53	166	87
53	71	54
53	174	78
53	150	38
53	134	42
53	157	83
53	148	85
53	128	10
53	144	100
53	173	42
53	83	85
53	179	66
53	136	92
53	66	7
53	69	91
53	103	67
53	110	16
53	142	50
53	140	12
53	122	29
53	68	83
53	74	58
53	84	42
53	61	28
53	105	64
53	73	62
53	95	78
53	115	66
53	99	24
53	149	19
54	161	81
54	101	66
54	125	19
54	153	38
54	169	80
54	175	66
54	179	60
54	157	14
54	166	55
54	57	15
54	126	45
54	172	52
54	134	33
54	141	39
54	150	37
54	120	10
54	110	61
54	109	92
54	176	67
54	121	31
54	143	84
54	173	35
54	127	20
54	123	39
54	148	12
54	124	8
54	68	39
54	146	23
54	160	69
54	71	68
54	136	57
54	111	71
54	154	52
54	65	60
54	130	14
54	63	86
54	164	63
54	73	35
54	113	85
54	128	27
54	104	55
54	77	50
54	112	40
54	67	74
54	108	50
54	145	93
54	129	98
54	137	55
54	76	7
54	162	23
54	132	86
54	140	94
54	131	39
54	102	44
54	155	82
54	60	37
54	94	27
54	138	55
54	151	23
54	115	14
54	58	89
54	69	44
54	122	93
54	79	66
54	80	16
54	81	75
54	116	44
54	87	11
55	158	13
55	177	86
55	178	63
55	179	43
55	156	38
55	106	95
55	110	49
55	127	69
55	162	74
55	130	81
55	133	100
55	168	70
55	112	50
55	109	13
55	163	17
55	105	94
55	116	63
55	153	81
55	138	98
55	136	31
55	157	30
55	124	69
55	141	89
55	107	12
55	169	62
55	126	95
55	134	48
55	104	49
55	108	94
55	65	97
55	118	48
55	131	86
55	56	97
55	121	36
55	165	94
55	166	92
55	145	77
55	119	12
55	115	84
55	143	87
55	144	38
55	103	99
55	135	85
55	102	45
55	142	21
55	151	88
55	139	76
55	76	96
55	64	38
55	176	93
55	70	47
55	161	62
55	58	56
55	68	5
55	73	38
55	173	46
55	63	39
55	101	60
55	125	36
55	154	31
55	67	16
55	171	26
55	149	20
55	128	82
55	81	13
55	146	43
55	83	10
55	167	92
55	90	57
56	106	70
56	135	19
56	174	51
56	107	24
56	111	22
56	131	63
56	153	25
56	168	45
56	105	8
56	134	40
56	60	11
56	115	76
56	113	97
56	59	15
56	173	89
56	118	71
56	116	23
56	170	67
56	140	17
56	68	5
56	132	57
56	112	33
56	124	81
56	150	51
56	72	97
56	108	66
56	163	31
56	144	91
56	117	13
56	133	94
56	176	78
56	109	48
56	103	10
56	120	41
56	119	86
56	145	67
56	62	61
56	165	65
56	156	10
56	66	67
56	149	68
56	175	19
56	136	36
56	80	67
56	169	17
56	74	27
56	162	53
56	81	11
56	64	97
56	157	92
56	152	73
56	154	33
56	139	46
56	142	79
56	95	88
56	158	68
56	104	58
56	151	55
56	121	18
56	71	29
57	153	58
57	130	89
57	115	22
57	136	66
57	151	41
57	146	20
57	160	70
57	116	48
57	137	79
57	141	86
57	132	17
57	138	75
57	177	50
57	154	87
57	109	41
57	176	15
57	129	30
57	70	97
57	147	22
57	148	51
57	134	31
57	133	86
57	110	6
57	61	95
57	66	54
57	112	70
57	173	9
57	168	86
57	170	39
57	103	31
57	149	41
57	65	46
57	71	14
57	178	40
57	79	91
57	108	20
57	122	75
57	77	94
57	113	85
57	156	46
57	125	78
57	60	27
57	118	61
57	172	73
57	78	29
57	179	49
57	85	63
57	68	88
57	143	51
57	120	78
57	82	88
57	106	62
57	126	45
57	84	88
57	150	87
57	91	77
57	73	21
57	104	71
57	166	79
57	174	41
57	62	27
57	63	65
57	163	68
57	93	69
57	74	15
58	154	8
58	105	33
58	121	86
58	178	17
58	118	40
58	169	84
58	109	51
58	170	94
58	133	61
58	148	90
58	106	31
58	60	13
58	136	56
58	173	36
58	155	69
58	115	16
58	131	19
58	166	95
58	126	23
58	137	92
58	122	91
58	164	29
58	151	95
58	172	81
58	165	75
58	123	69
58	143	6
58	70	68
58	139	71
58	64	66
58	147	89
58	130	64
58	141	29
58	61	31
58	175	83
58	176	86
58	167	98
58	174	25
58	117	85
58	125	16
58	110	13
58	107	32
58	156	12
58	75	73
58	81	12
58	62	73
58	158	81
58	161	92
58	104	28
58	124	58
58	140	35
58	171	41
58	149	87
58	71	47
58	146	61
58	86	33
58	93	42
58	73	9
58	90	83
58	134	7
58	89	71
58	79	73
58	83	11
58	152	12
58	108	57
58	135	84
58	65	12
58	162	56
58	168	33
58	112	77
58	111	69
58	157	92
58	84	68
58	101	96
59	128	61
59	171	97
59	129	22
59	111	48
59	138	63
59	165	84
59	179	59
59	126	81
59	117	63
59	146	18
59	163	65
59	107	25
59	132	37
59	153	43
59	127	42
59	112	56
59	105	9
59	137	97
59	134	90
59	144	23
59	73	60
59	166	75
59	135	67
59	156	45
59	121	9
59	151	58
59	178	81
59	164	78
59	148	98
59	149	46
59	142	62
59	79	16
59	68	46
59	168	69
59	177	9
59	130	74
59	147	8
59	65	37
59	139	9
59	170	90
59	161	93
59	162	46
59	155	94
59	118	42
59	110	78
59	70	40
59	113	83
59	72	97
59	89	29
59	88	41
59	114	10
59	74	22
59	60	42
59	86	33
59	136	76
59	150	44
59	75	93
59	125	62
59	106	76
59	116	82
59	160	54
59	158	50
59	123	29
59	115	22
59	124	80
59	145	93
60	143	88
60	145	79
60	130	47
60	137	77
60	120	39
60	169	22
60	156	91
60	134	69
60	136	88
60	152	100
60	155	57
60	62	15
60	64	88
60	167	40
60	174	61
60	115	71
60	179	40
60	122	60
60	123	91
60	63	59
60	128	24
60	121	30
60	129	21
60	153	73
60	171	73
60	117	8
60	175	60
60	112	80
60	166	58
60	65	44
60	113	25
60	170	38
60	162	83
60	160	98
60	157	36
60	173	41
60	126	35
60	108	12
60	68	47
60	81	9
60	114	75
60	149	31
60	87	64
60	88	77
60	80	29
60	150	66
60	147	19
60	72	76
60	140	26
60	97	68
60	161	72
60	94	52
60	91	78
60	109	71
60	93	57
60	90	15
60	100	9
61	134	46
61	129	33
61	126	96
61	65	88
61	122	58
61	124	54
61	154	66
61	173	7
61	64	41
61	164	22
61	146	71
61	153	18
61	167	72
61	175	74
61	74	83
61	125	82
61	172	59
61	158	51
61	138	82
61	177	97
61	79	28
61	168	22
61	121	31
61	144	8
61	80	58
61	169	51
61	171	30
61	160	36
61	120	82
61	157	23
61	179	100
61	73	23
61	70	72
61	116	97
61	132	43
61	142	31
61	81	34
61	165	49
61	71	71
61	150	74
61	149	99
61	152	97
61	82	50
61	156	63
61	145	73
61	170	82
61	68	54
61	87	51
61	148	28
61	115	48
61	139	18
61	174	31
61	118	63
61	90	98
61	130	76
61	72	36
62	171	70
62	118	49
62	168	8
62	140	47
62	159	17
62	175	28
62	122	59
62	67	27
62	130	32
62	147	5
62	152	99
62	123	50
62	111	13
62	124	21
62	114	37
62	172	43
62	155	7
62	64	6
62	117	75
62	150	18
62	174	17
62	126	23
62	137	97
62	70	5
62	161	84
62	128	62
62	133	35
62	173	45
62	109	34
62	77	65
62	115	71
62	143	45
62	160	98
62	119	39
62	63	39
62	162	72
62	157	94
62	71	13
62	149	27
62	74	40
62	153	42
62	154	78
62	78	92
62	82	82
62	69	62
62	121	61
62	158	18
62	79	99
62	75	28
62	73	57
62	138	50
62	134	35
62	141	7
62	127	89
62	129	26
62	85	14
62	66	59
62	96	37
62	170	80
62	177	26
62	167	90
62	145	56
62	83	94
62	99	27
62	103	85
62	116	11
62	142	22
63	148	74
63	170	13
63	146	63
63	158	35
63	162	78
63	167	72
63	174	12
63	157	53
63	175	35
63	132	32
63	140	71
63	150	93
63	153	52
63	168	78
63	133	97
63	128	89
63	143	65
63	116	94
63	169	12
63	110	71
63	136	18
63	141	11
63	73	43
63	127	88
63	172	11
63	70	49
63	159	61
63	164	76
63	145	35
63	117	98
63	139	14
63	125	22
63	137	94
63	118	14
63	119	91
63	166	8
63	80	64
63	82	93
63	152	60
63	79	69
63	173	48
63	178	98
63	85	48
63	83	72
63	115	28
63	88	74
63	163	53
63	120	74
63	68	15
63	171	74
63	69	48
63	74	43
63	124	76
63	114	50
63	95	46
63	126	55
63	92	17
63	97	14
63	76	71
63	151	55
63	96	55
63	109	66
63	123	10
63	177	88
63	64	59
63	112	59
64	115	40
64	141	33
64	143	20
64	134	44
64	133	35
64	128	77
64	118	90
64	121	85
64	139	20
64	164	15
64	163	35
64	117	44
64	116	60
64	137	24
64	149	64
64	127	99
64	155	95
64	114	16
64	151	71
64	165	65
64	126	26
64	170	46
64	122	16
64	136	40
64	76	93
64	162	25
64	178	99
64	161	97
64	112	66
64	153	10
64	120	19
64	147	73
64	124	18
64	131	41
64	177	38
64	66	62
64	138	81
64	172	57
64	154	80
64	174	38
64	169	48
64	70	73
64	142	66
64	159	97
64	150	41
64	81	90
64	173	85
64	92	49
64	129	94
64	125	9
64	140	80
64	65	35
64	72	99
64	176	8
64	97	29
64	146	51
64	145	41
64	168	69
64	73	24
64	78	80
64	96	33
64	179	31
64	110	33
64	130	12
64	89	19
64	148	31
64	108	92
64	160	13
65	111	29
65	166	48
65	170	22
65	114	46
65	163	55
65	136	90
65	125	72
65	150	59
65	140	61
65	144	19
65	178	14
65	149	34
65	72	72
65	177	91
65	137	56
65	117	43
65	128	6
65	148	63
65	154	27
65	164	99
65	73	79
65	156	69
65	165	47
65	138	15
65	155	78
65	167	27
65	172	64
65	68	70
65	77	42
65	81	88
65	70	34
65	139	5
65	171	75
65	115	15
65	84	7
65	112	42
65	118	31
65	121	58
65	119	37
65	124	79
65	173	56
65	87	61
65	168	18
65	157	7
65	116	100
65	122	85
65	152	17
65	153	23
65	93	29
65	130	30
65	90	24
65	160	77
65	92	32
65	66	15
65	179	98
65	120	66
65	85	13
65	133	90
65	127	28
65	78	10
65	67	77
65	129	23
65	145	40
66	129	18
66	177	84
66	167	13
66	138	23
66	131	93
66	165	31
66	140	17
66	137	11
66	120	99
66	147	82
66	164	71
66	130	57
66	69	53
66	127	13
66	133	20
66	153	32
66	119	56
66	73	73
66	171	79
66	143	87
66	144	19
66	113	67
66	150	71
66	152	50
66	154	68
66	72	60
66	151	90
66	121	92
66	70	79
66	176	52
66	136	39
66	158	67
66	139	48
66	170	63
66	86	49
66	78	47
66	80	20
66	156	79
66	88	52
66	178	12
66	128	56
66	149	28
66	123	35
66	77	56
66	90	22
66	145	25
66	99	94
66	96	28
66	97	34
66	155	90
66	157	47
66	100	96
66	82	68
66	172	96
66	179	87
66	94	54
66	126	45
66	87	37
66	98	92
67	149	40
67	148	49
67	116	77
67	126	83
67	171	11
67	123	55
67	71	37
67	130	59
67	125	41
67	147	94
67	160	19
67	169	5
67	161	56
67	119	15
67	144	36
67	175	83
67	68	10
67	70	36
67	132	53
67	167	51
67	69	22
67	142	55
67	158	87
67	129	78
67	124	32
67	137	70
67	153	54
67	113	36
67	174	61
67	120	22
67	139	88
67	73	5
67	163	22
67	134	51
67	141	11
67	72	47
67	127	55
67	121	64
67	76	5
67	86	99
67	117	78
67	138	37
67	77	56
67	80	17
67	172	12
67	114	99
67	74	14
67	97	28
67	157	17
67	85	17
67	88	7
67	122	82
67	78	32
67	98	59
67	165	74
67	115	34
67	94	38
67	168	49
67	177	66
67	101	19
67	128	38
67	118	17
67	178	37
67	159	77
67	151	5
67	102	93
68	142	60
68	127	46
68	123	64
68	150	61
68	135	61
68	70	55
68	161	82
68	145	24
68	172	82
68	154	78
68	162	28
68	71	35
68	148	58
68	130	33
68	140	46
68	164	90
68	167	94
68	144	27
68	133	75
68	147	76
68	179	72
68	116	71
68	134	80
68	151	72
68	152	87
68	139	86
68	137	83
68	122	41
68	69	51
68	160	17
68	159	8
68	119	71
68	74	55
68	124	28
68	146	88
68	84	40
68	75	57
68	141	90
68	176	42
68	115	73
68	118	36
68	100	15
68	97	68
68	120	62
68	96	81
68	72	25
68	85	86
68	149	77
68	157	85
68	92	77
68	79	61
68	98	70
68	128	5
68	102	23
68	114	14
68	138	84
68	112	35
69	146	38
69	70	91
69	169	26
69	119	73
69	135	8
69	178	35
69	168	90
69	144	6
69	133	75
69	137	82
69	173	77
69	160	76
69	123	61
69	141	19
69	151	70
69	161	21
69	127	45
69	153	43
69	115	27
69	130	17
69	176	37
69	171	21
69	147	26
69	74	53
69	77	13
69	79	68
69	90	70
69	174	48
69	116	12
69	83	45
69	177	47
69	163	81
69	92	60
69	136	11
69	121	14
69	91	87
69	143	38
69	98	58
69	166	7
69	95	91
69	140	48
69	78	73
69	101	10
69	175	88
69	129	30
69	126	81
69	94	7
69	172	92
69	96	68
69	157	48
69	117	89
69	120	87
69	87	18
69	148	44
69	72	55
69	82	39
69	139	30
69	145	88
69	112	86
69	88	15
70	160	63
70	130	49
70	151	63
70	177	13
70	156	66
70	122	17
70	72	28
70	120	38
70	168	75
70	135	86
70	146	34
70	172	76
70	136	73
70	174	88
70	127	71
70	170	99
70	143	82
70	71	70
70	128	44
70	154	15
70	132	15
70	79	13
70	148	34
70	77	7
70	163	42
70	142	97
70	171	70
70	159	15
70	74	52
70	175	48
70	91	98
70	75	90
70	95	13
70	86	74
70	93	37
70	152	69
70	150	52
70	117	80
70	178	78
70	89	51
70	147	60
70	145	42
70	158	14
70	179	63
70	73	17
70	85	61
70	99	60
70	81	52
70	126	62
70	167	37
70	121	41
70	124	79
70	125	68
70	84	12
70	104	67
70	94	39
70	161	72
70	129	62
70	92	66
70	103	62
70	123	34
71	118	92
71	146	19
71	175	30
71	120	60
71	132	71
71	164	64
71	172	46
71	73	82
71	157	10
71	141	58
71	148	80
71	165	59
71	81	18
71	143	74
71	83	22
71	147	43
71	122	66
71	78	25
71	176	72
71	151	22
71	142	76
71	144	46
71	137	40
71	79	70
71	129	86
71	117	51
71	87	90
71	158	95
71	76	64
71	131	22
71	133	98
71	93	29
71	125	11
71	88	53
71	80	68
71	126	63
71	128	22
71	82	38
71	152	69
71	159	51
71	150	71
71	86	100
71	173	18
71	139	78
71	145	95
71	174	33
71	95	91
71	106	75
71	104	79
71	160	22
71	138	54
71	101	38
71	124	86
71	91	48
71	96	7
72	128	92
72	143	37
72	138	62
72	155	92
72	166	6
72	149	17
72	141	40
72	161	48
72	151	12
72	173	31
72	174	17
72	152	94
72	147	45
72	154	33
72	163	43
72	170	8
72	82	97
72	146	15
72	74	46
72	167	38
72	129	81
72	79	22
72	131	25
72	80	39
72	162	41
72	139	24
72	83	10
72	119	51
72	177	56
72	76	92
72	168	94
72	164	63
72	145	65
72	122	42
72	157	90
72	81	62
72	99	67
72	86	79
72	126	89
72	135	19
72	156	69
72	125	100
72	78	96
72	101	41
72	107	81
72	136	44
72	120	38
72	169	18
72	108	9
72	84	62
72	153	34
72	96	53
72	172	32
72	92	41
72	109	9
72	158	25
72	89	72
72	140	94
73	163	82
73	139	29
73	179	6
73	171	99
73	126	51
73	77	66
73	131	40
73	174	65
73	161	80
73	80	30
73	144	16
73	124	11
73	142	15
73	148	42
73	141	68
73	127	34
73	158	31
73	121	29
73	156	64
73	82	39
73	133	98
73	169	48
73	129	66
73	128	13
73	84	77
73	120	79
73	165	75
73	90	35
73	143	77
73	119	80
73	88	49
73	79	70
73	98	20
73	140	39
73	130	49
73	147	21
73	83	57
73	86	56
73	136	59
73	76	12
73	134	43
73	166	95
73	178	82
73	75	77
73	95	78
73	151	33
73	154	77
73	145	24
73	107	29
73	132	32
73	99	88
73	78	70
73	176	85
74	120	25
74	129	71
74	137	11
74	75	48
74	124	14
74	128	71
74	154	91
74	165	57
74	150	53
74	176	68
74	155	52
74	157	98
74	161	47
74	132	38
74	149	92
74	147	60
74	81	57
74	152	16
74	170	99
74	133	67
74	172	33
74	153	51
74	78	36
74	84	53
74	177	18
74	173	62
74	142	13
74	156	94
74	88	51
74	136	99
74	77	65
74	131	74
74	169	27
74	175	91
74	134	64
74	85	14
74	138	94
74	166	6
74	91	85
74	143	57
74	151	91
74	101	72
74	94	88
74	163	68
74	148	44
74	141	90
74	93	96
74	92	92
74	102	36
74	168	74
74	107	63
74	100	53
74	125	18
74	114	24
74	110	24
74	83	80
74	162	38
74	140	55
74	96	7
74	116	87
75	136	74
75	161	27
75	129	33
75	152	11
75	155	13
75	126	34
75	154	90
75	170	41
75	157	60
75	138	34
75	171	49
75	140	16
75	76	95
75	128	7
75	166	60
75	137	73
75	81	46
75	169	12
75	85	54
75	163	29
75	168	26
75	121	41
75	176	11
75	153	41
75	145	92
75	84	60
75	124	88
75	78	14
75	95	100
75	179	19
75	133	55
75	96	62
75	91	24
75	174	74
75	97	61
75	149	17
75	150	10
75	142	26
75	164	78
75	104	85
75	88	89
75	146	98
75	151	42
75	178	99
75	86	54
75	110	91
75	112	35
75	106	67
75	135	28
75	141	32
75	77	97
75	162	97
75	147	22
75	102	78
75	83	61
76	122	61
76	133	19
76	164	94
76	152	62
76	174	18
76	128	60
76	146	34
76	136	61
76	134	91
76	158	50
76	163	91
76	157	94
76	149	8
76	166	56
76	159	37
76	79	36
76	125	94
76	150	41
76	143	18
76	156	5
76	169	42
76	179	40
76	176	38
76	167	42
76	81	90
76	84	61
76	175	86
76	165	56
76	135	49
76	77	50
76	100	75
76	78	50
76	126	53
76	130	71
76	95	70
76	87	30
76	123	9
76	83	48
76	105	23
76	147	31
76	106	52
76	85	96
76	112	41
76	137	51
76	145	53
76	108	19
76	111	52
76	114	60
76	177	92
76	107	52
76	155	84
76	127	80
76	170	64
76	141	74
76	142	16
76	168	55
77	145	89
77	174	61
77	153	41
77	172	60
77	141	12
77	177	90
77	155	15
77	159	53
77	137	37
77	129	76
77	156	90
77	158	98
77	79	42
77	125	19
77	154	62
77	142	70
77	168	14
77	150	52
77	143	47
77	152	24
77	95	87
77	133	80
77	128	17
77	146	10
77	157	74
77	83	82
77	161	97
77	162	16
77	140	56
77	81	72
77	80	24
77	87	24
77	138	36
77	91	56
77	166	77
77	108	75
77	130	59
77	163	38
77	93	69
77	123	18
77	114	93
77	131	17
77	102	58
77	134	64
77	97	89
77	89	56
77	98	42
77	88	26
77	116	81
77	118	60
77	170	56
77	112	72
77	178	53
77	117	82
78	151	27
78	161	56
78	165	52
78	138	80
78	168	46
78	129	62
78	136	17
78	164	57
78	125	92
78	170	32
78	84	34
78	126	30
78	133	7
78	162	96
78	135	90
78	86	15
78	132	55
78	178	65
78	152	21
78	153	100
78	159	91
78	174	87
78	83	36
78	131	59
78	158	12
78	167	8
78	92	44
78	89	50
78	91	72
78	171	93
78	124	82
78	141	71
78	166	89
78	177	70
78	128	44
78	143	20
78	142	95
78	155	75
78	79	37
78	81	23
78	156	92
78	140	39
78	179	80
78	87	79
78	104	14
78	100	12
78	88	52
78	149	62
78	105	49
78	94	6
78	85	64
78	146	76
78	110	55
78	112	61
78	107	85
78	103	79
78	111	28
78	145	44
78	121	24
78	118	69
78	137	27
78	163	10
78	176	80
79	174	46
79	176	40
79	173	52
79	150	50
79	152	79
79	132	36
79	157	22
79	168	86
79	86	76
79	178	6
79	128	97
79	127	65
79	138	84
79	156	88
79	125	72
79	147	96
79	160	83
79	155	90
79	158	52
79	162	45
79	151	34
79	165	80
79	163	78
79	169	71
79	179	34
79	146	51
79	149	43
79	153	88
79	131	86
79	177	53
79	93	74
79	133	32
79	139	30
79	109	27
79	126	94
79	89	35
79	95	56
79	137	47
79	94	13
79	170	25
79	159	55
79	175	21
79	110	33
79	111	78
79	130	48
79	136	88
79	154	92
79	100	49
79	120	51
80	129	51
80	142	56
80	156	7
80	136	73
80	168	76
80	161	55
80	157	97
80	133	24
80	138	63
80	154	72
80	88	8
80	140	80
80	126	86
80	86	54
80	91	35
80	163	84
80	174	33
80	96	50
80	147	93
80	148	74
80	177	51
80	151	62
80	176	79
80	158	57
80	173	72
80	93	24
80	90	43
80	172	87
80	152	100
80	162	76
80	132	52
80	99	79
80	101	52
80	164	15
80	95	65
80	150	98
80	171	33
80	144	52
80	98	76
80	108	30
80	97	42
80	102	77
80	115	45
80	120	30
80	81	73
80	87	90
80	89	10
80	105	63
80	179	34
80	155	6
81	147	94
81	131	36
81	172	5
81	162	28
81	165	37
81	86	85
81	82	48
81	140	5
81	177	59
81	166	73
81	139	20
81	90	35
81	174	9
81	85	18
81	154	63
81	142	66
81	129	37
81	96	36
81	128	38
81	152	83
81	95	15
81	170	89
81	88	83
81	94	36
81	138	32
81	153	98
81	84	36
81	87	23
81	89	26
81	132	96
81	148	30
81	101	53
81	109	95
81	83	12
81	110	13
81	176	79
81	156	88
81	103	21
81	145	9
81	99	78
81	104	78
81	93	14
81	150	33
81	173	77
81	161	30
81	98	21
81	149	25
81	143	19
81	108	94
81	111	64
81	124	14
81	127	50
81	135	42
82	155	93
82	85	66
82	156	29
82	129	80
82	139	49
82	134	32
82	152	100
82	159	7
82	128	88
82	176	95
82	142	68
82	164	33
82	137	91
82	133	89
82	86	64
82	89	20
82	168	79
82	169	80
82	149	83
82	102	42
82	103	31
82	104	28
82	170	88
82	100	59
82	179	57
82	148	66
82	132	63
82	84	95
82	109	69
82	135	46
82	153	19
82	130	15
82	151	80
82	177	78
82	163	73
82	154	87
82	175	94
82	95	73
82	167	15
82	94	44
82	91	9
82	131	9
82	143	69
82	107	31
82	145	71
82	113	12
82	140	86
82	111	54
82	119	65
83	156	34
83	160	59
83	129	75
83	144	19
83	173	46
83	178	99
83	139	74
83	90	45
83	87	19
83	153	85
83	163	48
83	175	53
83	168	92
83	135	81
83	143	10
83	89	24
83	148	83
83	86	10
83	157	26
83	155	74
83	171	58
83	133	45
83	169	99
83	177	87
83	137	25
83	166	96
83	94	98
83	91	97
83	85	22
83	109	16
83	134	26
83	145	72
83	138	78
83	146	16
83	88	54
83	102	95
83	152	42
83	98	66
83	161	56
83	93	46
83	113	13
83	132	79
83	158	32
83	172	11
83	107	94
83	150	84
83	103	89
83	119	6
83	115	23
83	147	88
84	166	75
84	158	61
84	172	23
84	178	48
84	161	25
84	152	55
84	142	24
84	159	77
84	153	54
84	140	92
84	85	17
84	162	59
84	92	81
84	138	57
84	88	73
84	95	10
84	177	68
84	165	25
84	98	68
84	160	73
84	99	71
84	143	19
84	156	11
84	149	20
84	94	77
84	110	61
84	175	85
84	145	45
84	96	58
84	101	54
84	157	10
84	171	33
84	131	26
84	136	29
84	100	22
84	147	86
84	93	20
84	116	62
84	120	91
84	168	66
84	144	31
84	130	20
84	109	63
84	89	57
84	107	58
84	135	20
85	147	99
85	148	67
85	133	77
85	171	36
85	158	7
85	179	10
85	145	30
85	154	85
85	159	37
85	151	65
85	97	89
85	167	18
85	87	33
85	99	25
85	93	41
85	150	98
85	92	75
85	132	45
85	136	60
85	144	67
85	172	18
85	88	72
85	104	18
85	168	20
85	111	57
85	94	94
85	178	65
85	131	73
85	89	64
85	141	33
85	170	8
85	100	65
85	103	71
85	165	61
85	98	19
85	153	41
85	86	72
85	109	47
85	122	11
85	134	47
85	106	83
85	91	95
85	118	77
85	142	44
85	143	10
85	124	99
86	138	75
86	175	41
86	139	65
86	137	66
86	135	70
86	162	42
86	167	51
86	88	73
86	177	98
86	87	43
86	163	44
86	174	61
86	168	9
86	96	66
86	141	83
86	104	85
86	166	43
86	92	49
86	91	17
86	179	11
86	145	21
86	142	35
86	176	27
86	95	65
86	107	26
86	136	79
86	93	25
86	173	82
86	178	19
86	117	18
86	140	54
86	146	80
86	157	61
86	132	87
86	112	88
86	109	35
86	148	74
86	120	82
86	90	6
86	172	26
86	170	43
86	161	38
86	125	7
86	114	99
86	119	26
86	159	66
87	159	80
87	147	49
87	153	78
87	164	16
87	92	49
87	134	56
87	160	77
87	152	39
87	148	52
87	155	60
87	170	44
87	176	62
87	93	7
87	133	66
87	150	46
87	178	55
87	179	95
87	169	23
87	138	78
87	175	7
87	171	71
87	144	65
87	146	97
87	161	51
87	177	70
87	88	45
87	145	82
87	108	52
87	91	94
87	163	10
87	168	7
87	167	92
87	172	6
87	158	13
87	162	99
87	110	33
87	102	28
87	115	33
87	103	52
87	120	12
87	117	46
87	121	29
87	96	21
87	122	80
87	118	49
87	112	56
87	165	82
87	97	27
88	163	53
88	167	6
88	179	23
88	139	49
88	171	40
88	137	71
88	136	33
88	142	33
88	170	25
88	89	31
88	95	44
88	97	91
88	149	88
88	146	60
88	166	99
88	173	13
88	90	69
88	155	83
88	150	54
88	148	48
88	162	21
88	134	68
88	153	34
88	147	73
88	156	51
88	93	22
88	98	60
88	164	19
88	176	54
88	110	57
88	103	40
88	141	96
88	151	96
88	96	16
88	157	34
88	175	72
88	159	91
88	144	81
88	154	55
88	138	17
88	143	65
88	108	94
88	165	17
88	104	26
88	91	6
88	169	10
88	126	37
89	177	32
89	156	33
89	154	56
89	136	55
89	167	21
89	169	74
89	155	72
89	153	66
89	166	62
89	165	35
89	142	65
89	95	34
89	96	15
89	161	39
89	160	57
89	139	72
89	102	88
89	152	95
89	137	59
89	147	30
89	163	83
89	168	43
89	138	87
89	108	63
89	106	97
89	145	19
89	173	29
89	135	46
89	107	68
89	94	51
89	90	82
89	172	60
89	117	29
89	103	23
89	140	50
89	104	56
89	113	13
89	162	25
89	170	55
89	114	44
89	105	52
89	171	36
89	124	77
89	111	81
89	151	89
89	141	68
89	159	18
89	91	90
89	121	12
89	112	56
90	154	6
90	151	15
90	148	23
90	168	79
90	141	55
90	156	65
90	174	24
90	97	92
90	139	21
90	175	55
90	157	93
90	98	71
90	163	58
90	138	95
90	143	23
90	99	23
90	165	97
90	170	97
90	108	50
90	149	81
90	136	40
90	160	58
90	92	28
90	93	25
90	155	12
90	145	96
90	109	70
90	115	27
90	153	12
90	102	66
90	113	23
90	114	7
90	158	94
90	166	16
90	107	65
90	164	23
90	146	43
90	101	17
90	142	49
90	152	29
90	124	84
90	144	76
90	116	19
91	160	55
91	171	76
91	167	79
91	96	85
91	141	88
91	173	65
91	138	43
91	164	33
91	157	36
91	148	55
91	165	23
91	154	70
91	139	74
91	95	65
91	94	34
91	174	61
91	163	21
91	159	21
91	179	70
91	146	20
91	110	34
91	98	50
91	175	12
91	108	32
91	150	10
91	155	90
91	177	30
91	124	41
91	122	46
91	156	52
91	127	88
91	149	46
91	106	94
91	119	34
91	144	73
91	99	13
91	112	61
91	125	91
92	173	75
92	158	76
92	177	39
92	175	31
92	174	50
92	146	58
92	138	14
92	141	47
92	157	56
92	149	87
92	104	90
92	178	84
92	147	90
92	140	84
92	172	44
92	93	54
92	94	19
92	159	89
92	154	86
92	142	5
92	100	92
92	163	69
92	115	9
92	106	53
92	165	90
92	108	48
92	110	73
92	153	56
92	97	39
92	150	61
92	101	26
92	120	75
92	124	36
92	168	77
92	144	20
92	114	66
92	123	78
92	112	62
92	107	74
92	96	50
92	125	71
92	171	89
92	131	89
92	170	9
92	102	73
92	151	97
93	174	21
93	140	78
93	149	68
93	163	42
93	141	83
93	179	52
93	150	36
93	99	64
93	164	88
93	139	82
93	152	43
93	147	72
93	171	12
93	100	95
93	101	39
93	151	91
93	96	16
93	142	74
93	110	75
93	159	50
93	167	27
93	114	15
93	145	52
93	172	96
93	166	27
93	165	22
93	148	24
93	111	34
93	104	62
93	112	59
93	144	8
93	109	36
93	158	45
93	161	77
93	122	38
93	125	42
93	173	10
93	106	68
93	116	59
93	143	25
93	108	97
93	156	51
93	162	87
93	95	50
93	105	81
93	123	44
93	115	87
93	120	82
93	146	49
94	157	85
94	169	86
94	158	66
94	172	49
94	179	94
94	140	44
94	146	48
94	152	62
94	154	29
94	144	44
94	104	7
94	156	57
94	160	25
94	113	91
94	145	37
94	106	91
94	150	79
94	114	72
94	95	38
94	96	79
94	143	48
94	120	66
94	167	65
94	98	90
94	155	71
94	163	18
94	177	85
94	102	68
94	162	49
94	109	64
94	124	48
94	149	74
94	148	84
94	130	32
94	131	38
94	103	50
94	128	69
94	173	90
94	99	83
94	122	89
94	170	91
94	137	15
94	142	38
95	169	39
95	162	95
95	146	69
95	152	46
95	176	76
95	98	70
95	97	49
95	165	21
95	96	45
95	177	54
95	157	21
95	104	93
95	154	62
95	158	37
95	100	53
95	149	29
95	110	78
95	142	67
95	107	48
95	170	60
95	144	52
95	166	15
95	164	38
95	113	11
95	161	66
95	102	80
95	175	18
95	121	86
95	167	85
95	143	73
95	123	81
95	172	12
95	174	30
95	150	47
95	114	51
95	151	6
95	122	43
95	179	33
95	153	29
96	97	34
96	142	81
96	98	12
96	145	49
96	167	17
96	103	62
96	144	75
96	177	81
96	170	85
96	102	58
96	150	95
96	111	83
96	166	97
96	152	93
96	174	10
96	169	66
96	112	44
96	116	77
96	117	54
96	164	69
96	119	11
96	159	23
96	161	66
96	101	61
96	113	68
96	171	78
96	122	19
96	147	12
96	126	86
96	125	99
96	157	29
96	108	22
96	105	80
96	165	55
96	160	7
96	173	14
96	107	16
96	110	67
96	135	24
96	104	94
96	100	20
96	149	66
97	149	26
97	144	9
97	170	83
97	168	34
97	159	27
97	171	67
97	172	89
97	173	76
97	146	72
97	169	38
97	102	53
97	110	15
97	177	80
97	163	30
97	143	84
97	111	93
97	156	82
97	179	82
97	98	73
97	105	69
97	165	76
97	158	67
97	152	62
97	118	22
97	113	11
97	154	16
97	101	41
97	174	17
97	176	94
97	162	20
97	100	54
97	116	39
97	112	69
97	121	13
97	166	82
97	153	74
97	122	15
97	107	7
97	106	80
97	120	37
97	134	73
98	150	15
98	159	93
98	166	14
98	170	17
98	102	66
98	106	94
98	107	61
98	108	71
98	158	90
98	148	58
98	156	54
98	163	19
98	105	45
98	103	80
98	109	8
98	155	60
98	174	55
98	113	67
98	118	43
98	160	29
98	171	9
98	173	47
98	177	54
98	175	22
98	125	99
98	179	53
98	145	41
98	130	97
98	110	69
98	101	18
98	165	56
98	139	63
98	149	36
98	117	94
98	157	74
98	115	34
98	131	38
99	172	27
99	149	12
99	179	63
99	159	69
99	168	67
99	171	81
99	102	62
99	101	72
99	100	10
99	165	22
99	147	75
99	151	33
99	160	91
99	155	34
99	148	87
99	145	65
99	108	28
99	162	82
99	111	53
99	150	77
99	105	37
99	167	30
99	146	25
99	118	43
99	104	39
99	166	97
99	114	97
99	176	89
99	169	8
99	109	10
99	113	94
99	112	29
99	133	27
99	153	67
99	106	84
99	131	39
99	138	44
99	173	90
99	125	86
99	130	16
99	139	40
99	128	17
99	152	92
100	178	52
100	149	98
100	163	69
100	170	25
100	156	60
100	154	63
100	147	91
100	106	66
100	109	25
100	101	87
100	155	20
100	171	83
100	107	25
100	169	50
100	172	47
100	150	26
100	153	98
100	165	80
100	164	85
100	120	23
100	111	30
100	166	12
100	113	33
100	152	95
100	127	57
100	167	41
100	168	62
100	119	11
100	176	72
100	151	74
100	160	96
100	148	23
100	125	76
100	157	45
100	135	68
100	179	5
100	116	61
100	140	46
100	124	6
100	137	78
101	179	86
101	173	72
101	149	81
101	155	69
101	159	90
101	177	21
101	165	88
101	156	56
101	175	82
101	161	18
101	160	24
101	154	34
101	150	33
101	171	20
101	157	51
101	158	13
101	162	99
101	112	59
101	109	66
101	105	52
101	118	86
101	120	98
101	176	98
101	178	47
101	128	20
101	168	60
101	166	28
101	164	71
101	106	43
101	148	9
101	151	43
101	127	42
101	123	87
101	130	70
101	116	54
101	102	76
101	125	98
101	153	72
101	172	49
101	141	93
101	119	60
101	163	62
101	115	22
102	178	78
102	168	17
102	158	98
102	172	80
102	109	59
102	104	89
102	167	96
102	174	62
102	176	70
102	169	59
102	112	73
102	156	77
102	166	94
102	103	12
102	155	38
102	105	18
102	110	28
102	111	64
102	117	68
102	107	67
102	115	29
102	179	55
102	128	19
102	149	84
102	154	92
102	130	75
102	133	45
102	173	97
102	131	15
102	106	79
102	138	95
102	140	34
102	135	22
102	125	90
102	108	35
102	146	42
102	162	93
103	149	91
103	174	79
103	154	13
103	152	27
103	161	77
103	179	57
103	160	26
103	177	33
103	106	66
103	168	34
103	166	100
103	112	35
103	104	86
103	113	61
103	170	74
103	156	14
103	109	45
103	159	40
103	163	42
103	157	54
103	165	45
103	124	90
103	169	52
103	175	21
103	153	64
103	130	44
103	133	76
103	107	97
103	134	33
103	116	33
103	126	72
103	120	37
103	115	14
103	151	100
103	164	42
103	129	59
103	108	10
103	178	9
103	158	76
103	171	40
104	151	69
104	175	52
104	159	77
104	107	56
104	166	47
104	177	77
104	158	65
104	110	53
104	154	11
104	173	5
104	156	23
104	115	26
104	162	84
104	179	87
104	117	16
104	171	61
104	114	58
104	116	47
104	124	18
104	153	93
104	111	83
104	128	83
104	119	66
104	122	28
104	155	76
104	127	64
104	129	84
104	164	85
104	170	34
104	126	80
104	112	34
104	140	97
104	137	92
104	160	7
104	146	13
104	113	64
105	153	10
105	156	37
105	151	52
105	165	56
105	176	89
105	155	13
105	173	56
105	178	51
105	106	64
105	119	26
105	172	20
105	170	61
105	166	82
105	116	75
105	123	75
105	108	39
105	169	94
105	174	31
105	159	55
105	160	20
105	129	39
105	120	5
105	161	48
105	131	52
105	164	62
105	171	87
105	163	56
105	130	68
105	111	13
105	135	61
105	138	78
105	121	49
105	141	48
105	158	89
106	157	98
106	160	87
106	159	48
106	179	56
106	154	32
106	112	24
106	156	91
106	174	8
106	114	60
106	161	40
106	172	45
106	166	7
106	118	55
106	165	63
106	175	48
106	116	81
106	120	44
106	124	52
106	164	68
106	123	11
106	110	82
106	173	37
106	162	51
106	109	48
106	168	29
106	176	27
106	177	38
106	129	35
106	155	54
106	132	93
106	121	40
106	140	23
106	126	55
106	136	40
106	169	92
107	154	95
107	160	35
107	164	65
107	163	62
107	111	49
107	108	66
107	115	62
107	121	49
107	175	61
107	176	46
107	169	26
107	155	12
107	109	50
107	166	47
107	165	80
107	128	50
107	117	64
107	173	41
107	118	35
107	170	72
107	114	12
107	156	51
107	124	40
107	172	90
107	139	8
107	168	34
107	112	75
107	137	66
107	119	98
107	146	63
107	123	66
107	153	56
108	177	78
108	165	16
108	159	93
108	160	83
108	161	87
108	175	40
108	163	74
108	174	80
108	154	50
108	116	90
108	167	39
108	122	89
108	117	50
108	115	50
108	155	74
108	119	76
108	173	8
108	128	50
108	166	50
108	170	11
108	132	73
108	156	68
108	133	24
108	127	19
108	158	70
108	111	95
108	138	63
108	157	6
109	174	40
109	173	15
109	179	85
109	172	100
109	111	15
109	168	34
109	160	41
109	171	98
109	163	13
109	120	13
109	123	50
109	125	43
109	126	42
109	176	77
109	167	48
109	115	5
109	178	100
109	129	63
109	162	46
109	127	72
109	164	31
109	158	47
109	133	87
109	135	18
109	118	8
109	110	40
109	122	7
109	155	18
109	177	57
110	177	13
110	179	9
110	156	29
110	165	93
110	178	41
110	112	67
110	168	41
110	159	39
110	118	81
110	117	48
110	157	37
110	158	8
110	161	68
110	163	21
110	119	41
110	126	70
110	173	61
110	164	56
110	172	30
110	114	21
110	160	88
110	131	58
110	125	61
110	127	46
110	123	93
110	135	56
110	136	30
110	121	54
110	166	88
110	124	63
110	170	75
110	169	70
110	140	66
110	137	47
110	142	7
110	116	57
110	138	79
110	153	6
110	122	41
110	144	65
110	176	63
111	157	40
111	162	60
111	113	26
111	176	25
111	173	16
111	166	16
111	174	54
111	170	25
111	160	15
111	118	67
111	172	26
111	163	56
111	116	42
111	114	55
111	136	22
111	164	10
111	158	86
111	126	70
111	128	85
111	119	44
111	125	69
111	120	13
111	139	26
111	143	76
111	123	29
111	134	26
111	146	11
111	117	96
111	140	20
111	135	93
111	149	60
112	174	15
112	169	75
112	171	65
112	172	71
112	114	84
112	120	89
112	173	26
112	118	53
112	161	25
112	127	58
112	130	63
112	121	73
112	131	24
112	158	16
112	132	54
112	113	49
112	123	33
112	119	47
112	116	55
112	170	65
112	128	93
112	142	60
112	163	73
112	140	20
112	133	23
112	124	94
112	139	78
112	175	41
112	179	78
112	153	50
112	178	26
113	170	69
113	176	68
113	161	50
113	166	29
113	169	11
113	177	34
113	163	98
113	171	8
113	164	14
113	125	67
113	136	69
113	128	32
113	165	83
113	175	50
113	132	59
113	120	43
113	138	88
113	137	37
113	145	72
113	124	31
113	119	19
113	167	28
113	117	29
113	121	72
113	178	50
113	134	94
113	162	69
113	116	54
114	161	59
114	179	52
114	171	59
114	176	98
114	178	68
114	120	27
114	175	14
114	125	40
114	130	38
114	127	59
114	124	88
114	170	21
114	165	23
114	121	41
114	162	9
114	123	33
114	137	41
114	144	71
114	160	81
114	141	60
114	168	17
114	135	33
114	150	94
114	118	81
114	117	12
114	177	15
114	115	71
115	173	76
115	175	57
115	117	95
115	121	70
115	124	17
115	127	82
115	168	50
115	169	52
115	177	34
115	171	43
115	133	21
115	164	83
115	167	17
115	116	83
115	119	20
115	125	39
115	165	20
115	122	47
115	179	47
115	138	21
115	135	87
115	145	96
115	136	89
115	174	45
115	139	94
115	152	46
115	131	14
115	134	74
115	123	45
115	140	65
116	118	9
116	170	21
116	172	29
116	168	88
116	117	84
116	169	50
116	175	68
116	135	61
116	128	67
116	177	45
116	121	34
116	167	85
116	137	61
116	179	9
116	136	48
116	162	28
116	132	70
116	130	82
116	147	34
116	146	63
116	151	37
116	174	67
116	164	97
117	121	73
117	166	61
117	120	31
117	165	33
117	175	37
117	179	40
117	119	83
117	178	98
117	168	99
117	126	63
117	127	68
117	169	65
117	135	14
117	123	37
117	167	55
117	131	62
117	139	71
117	177	98
117	140	26
117	170	11
117	138	6
117	136	27
117	149	88
117	152	84
117	172	8
117	163	70
117	145	57
117	137	27
117	143	25
117	154	64
117	147	24
117	148	85
118	122	68
118	177	24
118	126	49
118	173	29
118	123	90
118	166	96
118	119	44
118	168	76
118	175	15
118	140	100
118	142	60
118	121	49
118	139	12
118	144	62
118	128	37
118	129	11
118	176	91
118	136	66
118	127	83
118	148	33
118	157	88
118	138	14
118	143	67
119	121	38
119	123	60
119	168	29
119	126	38
119	178	83
119	135	98
119	122	75
119	127	38
119	130	16
119	139	56
119	137	88
119	134	93
119	165	8
119	147	99
119	120	44
119	150	54
119	175	22
119	169	33
119	179	26
119	143	44
119	132	60
120	166	9
120	177	70
120	171	23
120	125	97
120	130	31
120	175	95
120	132	74
120	127	30
120	173	43
120	131	16
120	169	83
120	129	71
120	140	18
120	172	10
120	138	70
120	133	76
120	179	94
120	147	99
120	135	94
120	149	61
120	148	53
120	161	66
120	157	78
120	158	60
120	136	7
120	154	17
121	175	50
121	127	39
121	167	59
121	122	68
121	169	40
121	177	71
121	124	39
121	137	25
121	171	62
121	179	19
121	147	10
121	123	62
121	132	43
121	129	12
121	172	9
121	133	92
121	128	8
121	130	58
121	131	18
121	174	78
121	160	99
122	174	31
122	170	30
122	131	100
122	130	87
122	138	27
122	171	6
122	124	65
122	129	85
122	127	17
122	132	54
122	133	30
122	143	69
122	136	48
122	141	42
122	173	64
122	175	91
122	146	27
122	134	39
122	155	77
122	154	84
122	159	26
122	147	31
122	179	97
122	153	74
123	179	31
123	175	38
123	129	41
123	170	8
123	128	87
123	132	52
123	126	75
123	130	73
123	125	55
123	137	7
123	174	37
123	142	12
123	145	28
123	127	20
123	177	34
123	131	69
123	147	29
123	139	34
123	136	91
123	156	45
123	124	7
123	176	50
123	144	39
123	154	95
124	125	32
124	177	8
124	127	44
124	179	54
124	171	31
124	130	6
124	129	92
124	137	91
124	134	95
124	128	80
124	173	42
124	147	77
124	176	63
124	175	79
124	153	35
124	131	87
124	155	68
124	156	48
124	160	46
124	161	27
124	140	97
124	141	26
124	163	91
124	126	60
124	143	59
124	150	39
124	158	27
124	178	33
124	159	18
125	175	16
125	179	73
125	178	27
125	172	40
125	129	93
125	131	74
125	139	83
125	130	81
125	132	93
125	128	89
125	126	77
125	137	81
125	140	78
125	133	37
125	141	17
125	138	80
125	134	92
125	145	68
125	177	68
125	144	19
125	151	89
125	136	50
125	156	78
125	143	54
125	147	78
125	176	10
125	168	25
126	172	16
126	131	18
126	175	27
126	173	50
126	129	64
126	138	46
126	136	80
126	135	12
126	139	41
126	145	28
126	144	11
126	132	52
126	174	53
126	178	39
126	147	52
126	152	78
126	149	54
127	178	50
127	128	92
127	130	73
127	176	95
127	144	59
127	140	26
127	131	87
127	145	91
127	174	99
127	154	27
127	155	78
127	136	76
127	134	23
127	153	76
127	138	6
127	156	46
127	137	76
127	152	37
127	141	22
127	149	91
127	150	98
128	140	91
128	136	78
128	143	43
128	147	13
128	175	12
128	141	81
128	179	56
128	135	96
128	159	60
128	150	8
128	156	83
128	139	60
128	130	57
128	177	31
128	131	86
128	163	58
128	172	39
129	134	8
129	136	69
129	177	21
129	131	72
129	141	80
129	139	36
129	138	6
129	143	23
129	158	67
129	148	32
129	151	87
129	161	38
129	146	74
129	168	35
129	152	13
130	136	31
130	179	8
130	176	87
130	145	76
130	137	18
130	147	99
130	151	43
130	133	40
130	152	8
130	135	17
130	160	44
130	154	58
130	141	55
130	178	58
130	169	89
130	155	42
130	163	72
130	159	49
131	133	21
131	178	89
131	136	33
131	143	70
131	140	82
131	135	53
131	177	71
131	132	16
131	149	47
131	147	69
131	145	22
131	151	81
131	152	74
131	155	83
131	144	95
131	148	19
131	138	41
131	142	16
131	163	73
131	165	41
131	150	36
131	154	74
131	173	22
131	156	44
132	135	71
132	144	19
132	178	92
132	134	27
132	138	41
132	151	57
132	153	7
132	140	5
132	150	89
132	157	51
132	179	44
132	159	58
132	160	68
132	154	47
132	161	99
132	156	70
132	146	77
132	164	75
133	179	87
133	136	22
133	134	56
133	139	39
133	135	37
133	152	24
133	159	39
133	149	71
133	158	57
133	144	6
133	137	34
133	150	71
133	165	38
133	161	66
133	142	88
133	148	88
133	155	43
133	151	15
133	147	58
133	157	47
134	138	9
134	140	11
134	136	78
134	149	48
134	151	82
134	152	26
134	135	62
134	155	77
134	142	52
134	146	35
134	141	70
134	153	54
134	145	91
134	143	10
134	156	12
134	139	93
134	170	21
134	158	91
134	165	57
134	175	39
135	143	34
135	146	28
135	151	80
135	145	63
135	157	68
135	137	7
135	153	23
135	142	93
135	167	97
135	152	62
135	161	71
135	149	15
136	142	57
136	144	6
136	153	61
136	159	83
136	151	90
136	139	6
136	146	100
136	157	14
136	145	84
136	164	59
136	158	20
136	149	24
136	171	89
136	162	66
136	166	57
136	147	75
136	150	14
136	165	50
137	141	42
137	140	21
137	154	49
137	151	39
137	156	65
137	142	7
137	145	21
137	163	70
137	166	34
137	150	87
137	148	69
137	169	51
137	159	66
137	165	27
137	138	61
138	140	50
138	145	49
138	146	52
138	151	17
138	150	12
138	163	74
138	155	82
138	142	43
138	143	47
138	144	12
138	158	100
138	159	65
138	154	12
138	175	62
138	147	7
138	168	47
138	160	43
138	148	13
139	142	43
139	143	72
139	145	67
139	146	33
139	155	93
139	140	42
139	148	84
139	156	21
139	154	68
139	163	14
139	158	87
139	150	99
139	152	97
139	159	5
139	153	94
139	172	76
139	173	60
140	145	51
140	148	37
140	149	56
140	151	99
140	143	9
140	146	43
140	155	26
140	144	13
140	166	24
140	147	87
140	158	77
140	152	73
140	153	53
140	164	41
140	177	83
140	156	36
141	151	82
141	147	29
141	144	19
141	149	32
141	158	28
141	146	30
141	163	89
141	169	79
141	166	63
141	160	51
141	148	56
141	168	93
141	164	44
141	145	82
141	179	21
141	156	8
141	167	93
141	170	38
142	147	35
142	149	98
142	156	94
142	155	90
142	144	66
142	162	86
142	153	22
142	154	23
142	161	88
142	166	23
142	169	83
142	157	93
142	178	36
142	151	84
142	160	68
142	164	76
142	167	37
143	150	28
143	147	77
143	152	74
143	153	68
143	162	68
143	161	85
143	145	72
143	144	55
143	159	49
143	155	87
143	149	12
143	170	95
143	172	78
143	151	16
143	163	40
143	146	21
143	169	27
143	177	76
144	146	20
144	145	20
144	149	15
144	161	54
144	160	38
144	163	38
144	157	96
144	159	29
144	172	15
144	169	60
144	156	65
144	151	86
144	153	84
144	150	62
144	171	80
144	173	53
145	147	53
145	149	9
145	148	48
145	156	71
145	152	49
145	158	57
145	146	51
145	153	47
145	157	46
145	160	50
145	162	34
145	176	92
145	161	100
145	175	95
145	150	32
145	151	80
145	166	97
145	167	58
145	179	53
146	148	33
146	151	95
146	152	23
146	158	93
146	160	58
146	149	96
146	168	37
146	173	100
146	153	39
146	179	96
146	178	31
146	175	48
146	166	93
147	148	5
147	151	96
147	161	7
147	155	73
147	166	65
147	153	9
147	159	44
147	167	65
147	149	29
147	164	78
147	171	74
147	152	78
148	149	70
148	158	14
148	160	91
148	159	5
148	155	51
148	161	76
148	162	12
148	173	97
148	171	90
148	157	26
148	178	99
148	169	25
148	151	67
148	175	14
148	163	26
148	164	6
149	152	6
149	153	29
149	157	66
149	161	68
149	150	10
149	163	71
149	160	99
149	155	62
149	159	71
149	174	25
149	168	26
149	156	91
149	166	59
149	178	44
149	169	98
150	151	90
150	154	42
150	158	69
150	153	54
150	164	21
150	152	62
150	161	55
150	163	84
150	167	33
150	156	20
150	160	25
150	174	57
150	179	7
150	155	53
150	171	18
150	166	40
151	153	79
151	157	88
151	163	17
151	166	28
151	159	60
151	161	80
151	175	22
151	155	79
151	158	21
151	169	28
151	176	65
151	177	36
151	167	31
151	172	98
151	179	88
152	153	32
152	167	72
152	154	45
152	170	79
152	163	68
152	160	56
152	175	71
152	165	5
152	172	63
152	158	47
152	159	19
153	162	90
153	164	92
153	159	54
153	155	18
153	160	10
153	169	31
153	163	6
153	176	87
153	161	32
153	173	94
153	165	84
154	155	14
154	167	96
154	166	31
154	163	7
154	156	60
154	164	79
154	162	62
154	172	45
154	175	85
154	159	44
154	174	41
154	176	15
154	177	10
154	171	87
155	156	30
155	164	80
155	161	75
155	158	72
155	176	46
155	163	36
155	170	8
155	160	9
155	174	34
155	177	62
155	169	32
155	172	84
155	171	70
155	178	14
155	162	31
156	169	17
156	165	37
156	172	26
156	174	51
156	167	51
156	166	100
156	164	8
156	171	23
156	161	25
156	177	40
157	164	6
157	165	73
157	159	69
157	167	13
157	163	30
157	168	93
157	178	68
157	170	94
157	166	78
157	176	53
157	161	38
157	175	46
158	160	37
158	161	57
158	165	28
158	171	63
158	178	89
158	172	27
158	168	32
158	169	52
158	166	44
158	159	72
158	179	63
159	163	53
159	160	73
159	170	35
159	178	76
159	173	63
159	179	16
159	167	12
159	165	39
159	162	52
159	177	46
159	164	8
160	163	44
160	168	21
160	165	44
160	176	11
160	161	44
160	177	48
160	175	95
160	171	52
160	167	59
160	170	80
161	166	24
161	170	64
161	174	96
161	176	89
161	172	88
161	165	71
161	178	85
161	164	60
161	168	57
162	164	24
162	173	39
162	170	27
162	167	89
162	178	88
162	177	69
162	179	8
162	174	63
162	163	80
162	175	97
162	169	23
163	167	10
163	169	50
163	166	41
163	168	78
163	171	12
163	178	65
163	173	97
163	177	29
163	175	84
163	172	36
163	176	13
163	164	90
163	165	96
164	167	99
164	165	84
164	169	28
164	179	72
164	170	27
164	175	5
165	166	69
165	167	61
165	169	92
165	179	33
165	168	10
165	177	99
165	178	57
165	174	92
165	176	52
165	172	27
166	169	34
166	170	30
166	176	6
166	172	64
166	178	43
166	174	99
166	179	10
167	170	43
167	174	39
167	178	63
167	173	67
167	171	6
167	168	64
167	177	65
168	170	31
168	175	93
168	178	34
168	173	90
168	171	37
168	179	58
168	177	83
168	174	69
168	169	56
169	170	81
169	174	44
169	176	39
169	179	47
169	173	10
169	172	34
169	171	46
170	173	50
170	172	26
170	171	28
170	175	54
170	179	44
170	177	79
171	177	49
171	175	95
171	176	58
171	178	78
172	173	15
172	176	19
172	174	7
172	179	49
172	177	39
173	177	76
174	176	33
174	179	25
175	176	64
175	179	63
176	178	95
176	179	21
176	177	8
177	179	37
177	178	85
