NAME: W_SPARSE_140_56
n: 140
m: 3920
0	102	74
0	88	40
0	57	80
0	3	29
0	30	62
0	38	62
0	98	78
0	76	34
0	78	76
0	32	48
0	50	55
0	96	9
0	70	75
0	7	23
0	35	64
0	36	17
0	106	68
0	4	43
0	47	22
0	79	27
0	63	87
0	53	59
0	84	83
0	108	39
0	82	89
0	51	26
0	110	33
0	31	85
0	90	66
0	41	47
0	137	87
0	49	52
0	15	37
0	81	33
0	71	17
0	73	54
0	92	11
0	124	56
0	128	92
0	93	31
0	46	95
0	20	83
0	52	22
0	16	86
0	75	56
0	131	32
0	66	76
0	115	14
0	34	8
0	40	81
0	100	22
1	80	38
1	40	43
1	68	11
1	36	23
1	3	23
1	59	50
1	79	83
1	69	48
1	85	18
1	112	31
1	38	58
1	71	35
1	101	75
1	100	59
1	75	46
1	89	25
1	72	92
1	30	59
1	37	91
1	81	13
1	109	9
1	60	87
1	107	55
1	134	63
1	138	96
1	73	35
1	136	48
1	39	70
1	33	36
1	35	19
1	67	18
1	45	31
1	94	44
1	2	59
1	82	91
1	57	30
1	8	56
1	31	25
1	108	15
1	7	39
1	58	44
1	98	10
1	14	86
1	137	13
1	12	59
1	97	53
1	125	85
1	48	91
1	87	51
1	139	12
1	121	37
1	9	18
1	46	30
1	27	47
1	55	99
1	105	93
2	59	72
2	111	33
2	54	87
2	112	17
2	71	34
2	74	22
2	35	37
2	99	50
2	46	89
2	107	77
2	6	18
2	89	90
2	39	67
2	69	27
2	136	28
2	73	26
2	61	13
2	41	66
2	10	84
2	113	69
2	83	50
2	78	35
2	131	36
2	91	92
2	53	42
2	93	95
2	84	66
2	31	88
2	106	60
2	137	76
2	13	76
2	96	21
2	5	72
2	129	85
2	77	92
2	126	92
2	20	84
2	44	33
2	75	91
2	108	57
2	97	70
2	70	70
2	120	16
2	109	6
2	47	78
2	110	65
2	11	27
2	116	82
2	43	63
2	88	95
2	57	27
3	76	26
3	43	18
3	85	88
3	94	95
3	82	38
3	62	45
3	111	82
3	86	5
3	95	18
3	33	34
3	91	23
3	60	13
3	102	56
3	71	94
3	77	66
3	44	8
3	99	60
3	4	86
3	106	55
3	34	10
3	8	89
3	100	98
3	137	31
3	78	84
3	67	100
3	10	9
3	69	99
3	50	43
3	63	99
3	7	95
3	132	56
3	114	52
3	47	91
3	42	36
3	48	69
3	88	89
3	64	54
3	136	8
3	92	71
3	36	39
3	51	19
3	81	12
3	45	20
3	104	46
3	133	95
3	139	90
3	123	48
3	25	90
3	40	99
3	74	60
3	135	40
3	84	24
3	89	7
3	120	42
3	121	13
3	41	97
4	70	58
4	43	6
4	69	47
4	105	96
4	115	92
4	107	23
4	50	49
4	80	96
4	36	25
4	61	20
4	88	89
4	82	48
4	111	10
4	60	74
4	73	33
4	109	53
4	62	61
4	68	87
4	33	80
4	94	59
4	83	66
4	46	42
4	52	20
4	86	58
4	81	69
4	65	18
4	40	91
4	11	38
4	41	26
4	92	94
4	42	21
4	45	74
4	108	49
4	89	79
4	53	80
4	131	78
4	58	92
4	95	61
4	22	90
4	21	64
4	100	100
4	112	32
4	35	21
4	102	51
4	77	99
4	49	74
4	124	94
4	26	39
4	56	87
4	57	61
4	74	84
4	75	72
4	9	50
4	47	22
5	57	44
5	89	17
5	83	12
5	53	51
5	73	49
5	90	65
5	67	72
5	94	53
5	114	23
5	62	8
5	8	51
5	7	75
5	10	14
5	51	16
5	80	37
5	54	69
5	39	39
5	69	74
5	102	75
5	55	30
5	11	56
5	106	37
5	87	85
5	47	53
5	66	91
5	139	67
5	101	80
5	107	33
5	64	90
5	81	69
5	109	46
5	71	69
5	74	10
5	92	57
5	43	67
5	100	97
5	84	12
5	13	82
5	16	9
5	97	95
5	46	80
5	65	25
5	75	18
5	115	22
5	135	80
5	24	73
5	22	70
5	6	28
5	49	51
5	95	89
5	79	47
5	29	70
5	112	38
5	61	58
5	19	79
5	30	73
5	96	50
5	50	14
5	120	13
5	126	26
6	80	52
6	110	43
6	114	44
6	100	50
6	50	88
6	112	9
6	99	75
6	85	8
6	113	47
6	115	69
6	37	69
6	12	54
6	8	50
6	35	33
6	82	39
6	95	38
6	38	26
6	109	24
6	41	33
6	93	57
6	101	98
6	13	86
6	86	46
6	39	77
6	40	62
6	79	46
6	11	72
6	63	20
6	71	17
6	111	72
6	9	18
6	51	46
6	135	87
6	116	90
6	25	73
6	90	94
6	60	52
6	128	71
6	56	50
6	48	67
6	129	98
6	134	44
6	76	77
6	42	85
6	126	75
6	69	85
6	10	16
7	107	68
7	39	77
7	108	53
7	43	15
7	116	71
7	112	60
7	84	58
7	71	22
7	115	78
7	51	100
7	13	78
7	93	96
7	50	28
7	67	55
7	113	32
7	74	89
7	87	91
7	98	81
7	92	80
7	80	98
7	41	61
7	72	39
7	11	58
7	10	33
7	55	31
7	104	99
7	132	36
7	20	94
7	19	62
7	133	65
7	101	80
7	54	7
7	100	85
7	8	96
7	85	94
7	12	24
7	56	7
7	89	46
7	57	49
7	22	89
7	76	13
7	14	94
7	37	22
7	83	51
7	25	36
7	109	14
7	97	56
8	66	73
8	44	63
8	59	67
8	77	64
8	103	6
8	92	67
8	87	53
8	81	29
8	89	7
8	111	52
8	83	83
8	114	63
8	69	52
8	86	59
8	70	39
8	47	50
8	108	50
8	116	58
8	67	92
8	80	33
8	90	33
8	97	19
8	119	63
8	85	52
8	76	43
8	101	77
8	78	78
8	100	33
8	15	96
8	53	90
8	71	33
8	84	30
8	105	25
8	136	43
8	93	10
8	49	16
8	138	35
8	65	62
8	62	22
8	43	89
8	109	31
8	52	92
8	17	61
8	23	77
8	28	19
8	38	80
8	102	97
8	95	38
8	135	34
8	16	98
8	64	9
8	45	34
8	48	80
8	96	6
8	110	40
8	46	80
8	68	27
8	26	9
8	118	31
9	47	62
9	76	97
9	57	30
9	55	17
9	72	23
9	110	84
9	63	95
9	64	66
9	100	56
9	111	64
9	119	99
9	13	52
9	56	82
9	86	44
9	70	49
9	40	16
9	108	65
9	91	84
9	87	89
9	85	8
9	116	40
9	69	82
9	14	6
9	19	14
9	80	8
9	22	40
9	114	46
9	46	71
9	107	8
9	25	42
9	51	25
9	78	96
9	138	87
9	99	62
9	134	68
9	133	58
9	18	66
9	112	79
9	131	49
9	73	10
9	135	96
9	61	74
9	83	40
9	97	69
9	53	67
9	35	15
9	84	62
9	94	36
10	97	48
10	46	88
10	98	95
10	83	71
10	39	40
10	61	83
10	45	12
10	72	25
10	50	88
10	87	48
10	13	70
10	17	75
10	57	30
10	85	60
10	96	43
10	94	99
10	18	95
10	73	95
10	106	22
10	120	14
10	71	81
10	119	52
10	25	100
10	56	44
10	53	39
10	55	85
10	116	73
10	114	47
10	104	76
10	20	99
10	90	38
10	128	69
10	108	56
10	137	92
10	27	13
10	64	98
10	84	77
10	76	13
10	40	47
10	37	15
10	77	56
11	105	38
11	109	59
11	44	90
11	88	61
11	78	36
11	104	58
11	76	20
11	53	73
11	112	87
11	117	19
11	120	10
11	67	33
11	43	42
11	86	27
11	100	20
11	106	96
11	54	92
11	73	59
11	46	16
11	58	71
11	107	51
11	95	57
11	110	68
11	91	90
11	63	31
11	121	91
11	98	92
11	79	32
11	71	79
11	20	12
11	59	48
11	114	64
11	19	82
11	83	61
11	75	6
11	101	87
11	52	31
11	81	49
11	56	43
11	74	27
11	45	93
11	60	32
11	80	17
11	118	28
11	30	62
11	82	15
11	55	80
11	129	76
11	36	28
11	47	8
11	85	74
11	116	62
11	62	99
11	28	14
11	48	20
12	58	79
12	100	68
12	93	59
12	95	75
12	103	95
12	98	11
12	70	7
12	67	67
12	41	19
12	112	75
12	83	40
12	90	41
12	77	39
12	14	24
12	42	82
12	52	95
12	71	15
12	84	93
12	113	83
12	78	42
12	81	67
12	80	15
12	117	11
12	118	51
12	102	94
12	108	39
12	119	66
12	66	98
12	88	37
12	122	66
12	56	25
12	53	59
12	74	22
12	116	16
12	97	39
12	114	34
12	139	72
12	82	50
12	64	38
12	54	74
12	16	30
12	101	93
12	69	29
12	85	19
12	65	69
12	76	33
12	31	87
12	44	72
12	45	24
12	133	28
12	131	53
12	104	53
12	50	73
12	87	84
12	106	89
12	136	40
12	34	59
12	107	90
13	95	54
13	50	50
13	85	17
13	109	80
13	101	7
13	49	26
13	55	25
13	62	61
13	115	9
13	70	27
13	48	40
13	98	11
13	60	93
13	112	73
13	110	6
13	75	8
13	47	11
13	100	53
13	42	62
13	84	82
13	16	55
13	82	37
13	65	74
13	81	14
13	114	59
13	19	91
13	124	53
13	102	75
13	120	92
13	44	57
13	66	86
13	76	5
13	99	61
13	53	5
13	87	76
13	83	81
13	21	60
13	25	15
13	91	28
13	14	23
13	90	72
13	136	8
13	20	23
13	93	92
13	139	46
13	54	66
13	133	31
13	23	24
13	137	96
13	96	46
13	106	86
14	95	39
14	75	61
14	94	28
14	113	53
14	93	19
14	44	15
14	82	46
14	54	85
14	81	93
14	69	10
14	56	74
14	19	25
14	91	6
14	62	65
14	52	93
14	67	32
14	20	63
14	70	55
14	105	95
14	100	83
14	66	32
14	77	67
14	103	41
14	112	18
14	57	96
14	74	49
14	55	22
14	15	48
14	61	19
14	110	59
14	18	26
14	89	73
14	79	95
14	125	31
14	106	44
14	90	49
14	84	10
14	78	66
14	73	89
14	32	21
14	92	70
14	64	5
14	31	14
14	137	65
14	130	96
14	102	6
14	71	48
14	98	31
14	111	89
15	82	93
15	58	29
15	106	86
15	112	86
15	94	88
15	99	51
15	47	58
15	59	70
15	88	78
15	101	87
15	123	9
15	84	91
15	74	31
15	119	87
15	117	60
15	78	98
15	92	80
15	69	52
15	24	85
15	111	51
15	120	59
15	57	34
15	23	85
15	68	47
15	28	98
15	21	53
15	96	20
15	81	78
15	108	91
15	54	60
15	63	74
15	25	85
15	104	95
15	26	62
15	116	6
15	137	36
15	49	8
15	17	19
15	30	67
15	90	81
15	86	93
15	89	96
15	80	37
15	113	57
15	67	34
15	100	68
15	27	67
15	130	91
15	37	88
15	29	81
16	64	74
16	74	30
16	77	25
16	122	61
16	87	60
16	110	64
16	114	88
16	76	6
16	65	76
16	50	94
16	70	52
16	96	17
16	45	58
16	54	74
16	85	28
16	99	92
16	105	41
16	89	67
16	69	8
16	25	88
16	113	54
16	126	12
16	49	22
16	93	100
16	111	12
16	80	56
16	92	82
16	124	23
16	98	16
16	90	98
16	112	66
16	19	8
16	59	67
16	106	64
16	20	25
16	102	30
16	21	79
16	32	88
16	117	63
16	81	78
16	136	93
16	33	81
16	63	26
16	53	73
16	60	13
16	127	37
16	51	75
16	43	15
17	46	15
17	73	75
17	87	15
17	105	35
17	114	63
17	61	98
17	82	72
17	71	26
17	78	18
17	79	45
17	110	62
17	55	77
17	24	49
17	91	87
17	65	55
17	70	46
17	97	5
17	121	32
17	53	59
17	83	26
17	125	55
17	58	29
17	59	96
17	75	71
17	116	14
17	120	84
17	22	80
17	21	92
17	115	9
17	112	36
17	62	30
17	32	64
17	93	100
17	99	10
17	127	73
17	54	8
17	68	54
17	126	84
17	56	90
17	63	80
17	95	21
17	29	22
17	66	84
17	100	55
17	92	45
17	109	7
17	57	99
17	28	78
17	18	38
17	49	89
17	37	61
17	107	48
17	36	42
17	40	94
17	67	97
17	84	76
18	68	18
18	81	75
18	86	81
18	75	33
18	20	89
18	48	72
18	87	75
18	111	56
18	97	42
18	70	74
18	83	73
18	51	81
18	98	87
18	100	11
18	110	10
18	103	14
18	69	68
18	80	15
18	55	89
18	53	40
18	23	91
18	93	88
18	76	42
18	61	48
18	118	93
18	96	41
18	54	73
18	74	76
18	47	40
18	26	81
18	89	93
18	105	83
18	28	47
18	85	95
18	107	55
18	27	77
18	58	98
18	67	29
18	19	81
18	62	94
18	50	14
18	36	59
18	79	84
18	64	43
18	37	7
18	114	20
18	120	52
18	119	45
18	91	67
18	38	57
18	137	61
18	34	19
18	49	22
18	127	53
18	129	81
18	52	38
18	84	11
18	33	51
18	95	72
19	101	99
19	104	91
19	110	15
19	48	74
19	64	26
19	123	64
19	128	87
19	113	58
19	81	53
19	21	74
19	55	17
19	106	38
19	109	92
19	98	22
19	56	15
19	87	79
19	102	89
19	88	48
19	54	70
19	125	89
19	111	99
19	22	93
19	91	27
19	129	48
19	114	14
19	23	82
19	115	41
19	92	58
19	118	71
19	24	46
19	83	19
19	93	41
19	126	23
19	26	14
19	28	77
19	20	63
19	79	13
19	38	22
19	116	15
19	105	67
19	32	83
19	77	28
19	117	25
19	34	77
19	68	89
19	33	90
19	130	9
19	39	45
19	86	17
19	69	39
19	74	74
20	74	62
20	96	34
20	109	42
20	116	79
20	123	60
20	113	52
20	91	86
20	118	9
20	80	67
20	90	26
20	67	25
20	110	75
20	93	19
20	124	18
20	57	71
20	56	96
20	95	75
20	120	89
20	122	22
20	87	66
20	125	13
20	99	19
20	105	18
20	82	52
20	103	59
20	114	57
20	88	66
20	126	65
20	85	48
20	89	92
20	28	63
20	60	84
20	31	51
20	65	32
20	107	33
20	128	21
20	44	18
20	53	70
20	78	83
20	86	77
20	127	16
20	84	57
20	134	59
20	45	31
20	30	48
20	98	26
20	137	97
21	63	62
21	54	47
21	83	49
21	131	60
21	124	36
21	81	9
21	75	15
21	99	12
21	73	16
21	57	7
21	96	53
21	100	64
21	25	63
21	115	32
21	92	61
21	123	44
21	74	60
21	51	73
21	29	91
21	52	41
21	101	22
21	110	65
21	90	56
21	91	55
21	61	78
21	56	70
21	64	15
21	79	54
21	27	9
21	30	25
21	126	69
21	118	67
21	106	98
21	70	17
21	38	18
21	32	74
21	55	47
21	65	25
21	33	49
21	60	33
21	67	73
21	42	34
21	28	15
21	130	91
21	138	62
21	109	36
21	53	60
21	41	13
21	135	86
22	56	13
22	111	51
22	98	26
22	118	63
22	131	56
22	57	50
22	72	33
22	67	51
22	113	36
22	26	70
22	51	9
22	83	32
22	80	84
22	31	91
22	60	81
22	117	63
22	55	42
22	126	10
22	106	11
22	74	85
22	108	88
22	53	38
22	76	76
22	32	82
22	52	57
22	69	10
22	132	38
22	78	13
22	25	30
22	65	36
22	112	34
22	121	97
22	35	39
22	101	53
22	79	9
22	129	68
22	39	74
22	75	41
22	100	29
22	34	62
22	29	51
22	103	98
22	45	51
22	105	19
22	92	15
22	139	6
22	88	45
22	95	76
22	46	99
23	74	86
23	115	71
23	125	75
23	113	33
23	105	55
23	99	6
23	57	97
23	128	70
23	52	89
23	132	9
23	65	30
23	75	81
23	83	88
23	106	27
23	80	48
23	97	41
23	126	62
23	29	58
23	131	74
23	104	76
23	98	68
23	85	58
23	30	38
23	96	15
23	120	97
23	117	48
23	103	68
23	62	85
23	101	96
23	76	43
23	68	97
23	84	86
23	66	81
23	43	37
23	118	71
23	122	85
23	91	51
23	77	39
23	86	100
23	72	8
23	32	20
23	69	16
23	35	52
23	42	15
23	81	68
23	33	82
23	124	41
23	70	48
23	40	13
23	39	58
24	78	81
24	125	36
24	74	89
24	112	96
24	68	80
24	108	24
24	66	90
24	67	87
24	133	92
24	26	96
24	87	51
24	53	54
24	118	13
24	99	66
24	121	47
24	28	79
24	111	33
24	35	55
24	97	92
24	83	80
24	59	43
24	81	12
24	30	97
24	88	49
24	95	45
24	79	80
24	29	45
24	42	49
24	101	30
24	55	84
24	130	99
24	62	19
24	64	88
24	38	6
24	76	27
24	36	81
24	124	61
24	92	85
24	115	57
24	98	20
24	45	70
24	105	63
24	110	52
24	82	73
24	48	37
24	37	10
24	116	48
25	104	89
25	79	47
25	99	73
25	135	59
25	71	89
25	88	84
25	62	62
25	77	78
25	124	32
25	70	50
25	59	41
25	125	76
25	65	29
25	126	7
25	75	50
25	134	64
25	107	15
25	32	28
25	76	63
25	55	29
25	64	65
25	81	78
25	123	58
25	29	51
25	68	99
25	30	49
25	119	95
25	113	92
25	72	87
25	84	31
25	57	31
25	94	48
25	132	34
25	102	98
25	91	79
25	31	35
25	93	33
25	109	46
25	131	18
25	105	90
25	98	44
25	26	93
25	89	78
25	117	37
25	42	10
25	90	18
25	60	62
25	78	6
25	103	12
25	45	18
25	80	12
25	92	93
26	64	53
26	62	75
26	63	75
26	120	13
26	82	71
26	72	76
26	135	11
26	96	33
26	107	86
26	133	68
26	29	58
26	103	71
26	134	33
26	30	94
26	74	14
26	33	45
26	101	34
26	56	37
26	99	72
26	124	94
26	28	84
26	35	27
26	122	67
26	130	62
26	89	22
26	115	46
26	97	79
26	129	90
26	79	63
26	60	19
26	76	56
26	118	77
26	111	10
26	32	38
26	75	55
26	83	51
26	110	58
26	66	30
26	59	53
26	92	48
26	61	31
26	65	44
26	80	69
26	41	39
26	69	88
26	55	42
26	113	65
26	119	91
26	48	45
26	45	48
26	51	8
27	75	56
27	110	96
27	58	41
27	63	55
27	73	78
27	104	40
27	93	45
27	122	85
27	120	21
27	65	9
27	116	5
27	138	33
27	125	80
27	76	47
27	131	13
27	117	25
27	74	19
27	123	61
27	109	50
27	91	91
27	111	21
27	114	7
27	68	10
27	81	40
27	137	28
27	77	29
27	130	16
27	83	24
27	113	30
27	136	35
27	95	28
27	59	13
27	57	37
27	62	6
27	40	12
27	34	46
27	29	51
27	119	72
27	28	74
27	135	59
27	86	74
27	84	62
27	89	39
27	56	54
27	46	55
27	61	29
27	129	64
27	43	63
27	32	31
27	128	35
27	60	59
27	78	70
28	72	85
28	134	95
28	63	23
28	116	98
28	95	15
28	129	47
28	110	56
28	32	80
28	69	32
28	109	14
28	92	51
28	35	54
28	98	87
28	91	65
28	74	54
28	94	6
28	70	65
28	71	13
28	75	62
28	127	76
28	108	11
28	30	42
28	59	53
28	41	93
28	97	44
28	137	53
28	34	67
28	29	6
28	37	37
28	82	54
28	89	29
28	60	55
28	136	61
28	66	76
28	88	85
28	48	27
28	83	34
28	112	43
28	138	79
28	65	46
28	51	84
28	117	5
28	86	34
28	133	48
28	77	26
29	96	72
29	84	59
29	92	98
29	89	49
29	59	94
29	98	15
29	61	22
29	103	99
29	75	27
29	94	94
29	79	47
29	66	34
29	93	38
29	33	89
29	65	46
29	114	9
29	124	47
29	127	71
29	126	73
29	109	65
29	77	92
29	88	78
29	73	12
29	76	57
29	90	91
29	115	39
29	120	74
29	106	40
29	128	25
29	67	26
29	43	44
29	78	24
29	83	96
29	85	60
29	137	95
29	102	50
29	36	35
29	48	44
29	80	88
29	110	82
29	101	64
29	50	63
29	111	83
29	40	95
29	37	94
29	38	79
29	39	21
29	46	46
29	86	86
30	82	9
30	135	88
30	80	22
30	65	38
30	134	47
30	95	6
30	93	96
30	94	74
30	92	95
30	122	21
30	118	90
30	69	94
30	59	56
30	119	17
30	32	26
30	105	30
30	104	88
30	100	51
30	137	50
30	66	58
30	77	78
30	89	46
30	76	74
30	102	58
30	114	77
30	127	82
30	85	64
30	111	48
30	108	31
30	72	32
30	129	55
30	133	19
30	98	5
30	125	26
30	83	75
30	124	56
30	61	22
30	74	85
30	75	91
30	48	59
30	139	65
30	42	5
31	90	61
31	114	53
31	130	45
31	136	72
31	135	67
31	66	10
31	33	82
31	115	88
31	85	97
31	92	13
31	99	39
31	103	71
31	117	93
31	96	100
31	104	90
31	126	17
31	95	97
31	129	84
31	88	14
31	124	79
31	72	24
31	61	40
31	86	16
31	119	92
31	83	69
31	133	47
31	84	79
31	70	39
31	73	26
31	98	88
31	116	65
31	118	66
31	107	81
31	87	10
31	64	86
31	113	67
31	122	92
31	94	23
31	71	50
31	89	65
31	46	54
31	102	98
31	125	75
31	38	66
31	39	51
31	128	93
31	112	76
31	62	8
31	77	91
31	37	81
31	120	86
32	130	9
32	66	18
32	63	12
32	106	25
32	119	45
32	61	75
32	69	38
32	86	80
32	101	54
32	103	96
32	133	100
32	107	30
32	92	96
32	134	79
32	79	97
32	104	83
32	132	27
32	117	45
32	83	55
32	91	98
32	114	42
32	111	87
32	113	22
32	138	88
32	102	73
32	129	11
32	39	18
32	115	48
32	36	89
32	40	51
32	84	95
32	78	12
32	50	69
32	88	28
32	48	31
32	85	14
32	52	54
32	127	26
32	89	74
32	42	15
32	72	33
32	75	7
32	122	81
32	47	17
32	58	19
32	70	46
32	38	32
32	55	6
32	97	64
33	135	86
33	124	78
33	74	9
33	78	42
33	125	54
33	95	99
33	93	52
33	109	38
33	91	68
33	116	44
33	122	42
33	134	82
33	129	6
33	64	7
33	87	46
33	113	80
33	75	67
33	73	63
33	123	49
33	77	33
33	136	44
33	103	13
33	88	20
33	34	23
33	80	19
33	68	10
33	63	66
33	67	50
33	139	60
33	49	66
33	118	30
33	127	17
33	35	27
33	98	89
33	100	63
33	50	19
33	47	14
33	51	45
33	62	69
33	108	14
33	121	39
33	84	31
33	85	11
33	97	11
33	53	35
33	79	10
33	101	79
33	40	61
34	79	8
34	106	90
34	80	85
34	128	24
34	75	68
34	94	63
34	112	25
34	134	76
34	123	50
34	36	52
34	74	63
34	101	97
34	125	26
34	67	17
34	88	82
34	98	77
34	117	92
34	119	95
34	44	84
34	118	84
34	138	62
34	93	47
34	109	83
34	100	36
34	126	47
34	82	92
34	70	94
34	107	30
34	40	74
34	136	35
34	96	37
34	97	98
34	103	52
34	135	53
34	132	57
34	50	50
34	73	79
34	35	12
34	48	36
34	130	21
34	83	28
34	131	84
34	78	14
34	105	33
34	84	23
34	139	16
35	133	90
35	118	94
35	98	79
35	99	17
35	95	72
35	116	7
35	112	7
35	101	62
35	138	30
35	108	31
35	74	16
35	100	25
35	119	65
35	111	75
35	75	97
35	110	97
35	105	71
35	96	24
35	113	90
35	106	37
35	127	11
35	71	61
35	73	40
35	102	26
35	103	34
35	87	30
35	81	59
35	82	57
35	97	92
35	51	18
35	89	84
35	121	92
35	124	64
35	129	69
35	88	25
35	52	70
35	135	68
35	123	92
35	107	15
35	117	65
35	49	75
35	53	8
35	90	59
35	45	70
35	137	50
35	91	63
35	58	75
35	128	28
36	71	9
36	78	52
36	100	61
36	96	90
36	76	16
36	39	84
36	119	89
36	66	47
36	97	44
36	42	59
36	77	78
36	80	44
36	81	43
36	111	28
36	128	22
36	79	64
36	75	51
36	91	46
36	67	44
36	93	7
36	106	29
36	82	68
36	86	7
36	109	16
36	127	99
36	102	30
36	46	43
36	122	73
36	90	90
36	69	54
36	113	96
36	121	40
36	101	72
36	89	36
36	87	60
36	95	59
36	99	6
36	123	34
36	47	41
36	120	10
36	50	74
36	108	81
36	138	50
36	45	26
36	48	54
36	131	82
37	121	92
37	71	40
37	129	91
37	133	11
37	105	28
37	73	64
37	78	20
37	72	56
37	80	41
37	126	94
37	135	30
37	81	77
37	40	53
37	97	14
37	91	89
37	122	87
37	94	47
37	69	42
37	112	90
37	68	43
37	107	82
37	77	61
37	119	81
37	132	98
37	87	38
37	38	86
37	70	8
37	88	23
37	114	55
37	110	93
37	53	66
37	115	36
37	96	92
37	43	75
37	49	43
37	138	64
37	104	36
37	124	63
37	90	48
37	74	96
37	83	69
37	58	77
37	50	83
37	67	44
37	44	64
37	118	25
37	45	63
37	56	54
37	111	61
38	90	58
38	103	55
38	92	34
38	79	26
38	108	90
38	78	50
38	137	90
38	85	29
38	99	18
38	104	48
38	105	36
38	107	7
38	124	9
38	135	92
38	125	78
38	131	22
38	130	92
38	46	13
38	128	96
38	109	13
38	48	20
38	136	9
38	84	46
38	100	59
38	41	39
38	121	36
38	133	16
38	76	41
38	113	20
38	102	88
38	69	10
38	53	67
38	116	21
38	58	7
38	52	14
38	55	35
38	80	61
38	67	84
38	50	36
38	97	27
38	111	22
38	91	57
39	68	23
39	95	66
39	115	62
39	91	53
39	111	82
39	118	16
39	78	38
39	93	75
39	102	40
39	74	64
39	82	89
39	120	29
39	76	11
39	128	50
39	88	84
39	98	87
39	72	10
39	114	81
39	73	33
39	99	61
39	104	42
39	100	55
39	71	93
39	94	21
39	52	76
39	48	70
39	80	53
39	55	41
39	43	11
39	116	45
39	106	53
39	129	13
39	127	7
39	135	97
39	62	76
40	100	91
40	118	98
40	129	51
40	79	78
40	119	13
40	120	35
40	127	57
40	130	44
40	132	45
40	44	63
40	95	58
40	43	13
40	71	48
40	87	40
40	121	80
40	78	50
40	75	80
40	101	43
40	99	44
40	70	34
40	137	36
40	123	95
40	91	38
40	124	41
40	122	86
40	54	100
40	55	86
40	84	68
40	107	82
40	114	11
40	135	60
40	59	59
40	80	16
40	88	24
40	46	60
40	110	98
40	113	42
40	76	69
40	126	100
40	47	59
40	56	94
40	83	8
40	125	22
40	108	54
41	121	66
41	107	10
41	117	78
41	106	62
41	133	38
41	111	64
41	115	56
41	137	82
41	82	74
41	128	20
41	101	30
41	87	38
41	99	82
41	44	57
41	136	97
41	50	25
41	71	60
41	123	40
41	127	72
41	135	66
41	97	100
41	105	92
41	43	84
41	49	49
41	79	51
41	110	58
41	139	84
41	89	44
41	125	39
41	134	70
41	88	70
41	132	98
41	95	97
41	59	40
41	138	68
41	98	12
41	93	50
41	54	36
41	68	66
41	120	51
41	66	92
42	91	96
42	93	22
42	74	49
42	99	25
42	73	28
42	135	67
42	110	95
42	86	87
42	121	9
42	126	46
42	138	38
42	96	16
42	77	34
42	43	63
42	79	8
42	107	71
42	122	29
42	118	25
42	84	19
42	131	88
42	55	59
42	127	78
42	112	99
42	76	65
42	97	43
42	80	81
42	44	73
42	105	87
42	49	72
42	94	61
42	61	11
42	65	9
42	71	55
42	60	88
42	87	14
43	102	75
43	72	88
43	111	60
43	130	80
43	76	23
43	73	56
43	91	21
43	127	77
43	118	46
43	85	30
43	139	74
43	94	22
43	44	79
43	47	91
43	55	31
43	112	20
43	113	54
43	75	51
43	54	64
43	115	81
43	126	93
43	131	56
43	128	45
43	105	12
43	46	10
43	87	49
43	120	76
43	136	72
43	79	55
43	116	37
43	119	92
43	137	32
43	53	52
43	77	37
43	106	89
43	132	82
43	81	95
43	86	27
43	125	51
43	60	48
43	121	31
43	48	79
43	98	80
44	90	98
44	108	54
44	76	16
44	97	68
44	93	71
44	82	12
44	45	32
44	77	55
44	95	16
44	89	32
44	110	77
44	73	76
44	139	32
44	92	76
44	135	30
44	88	79
44	118	23
44	107	7
44	124	92
44	130	78
44	85	36
44	78	83
44	133	23
44	60	52
44	52	87
44	132	62
44	117	74
44	138	98
44	123	29
44	121	25
44	103	23
44	62	7
44	83	7
44	91	30
44	69	21
44	79	39
44	112	8
45	84	77
45	121	46
45	126	98
45	137	63
45	100	84
45	108	41
45	128	36
45	82	91
45	85	21
45	79	89
45	50	61
45	125	31
45	88	71
45	99	32
45	109	36
45	77	24
45	107	12
45	54	73
45	95	88
45	97	38
45	102	73
45	106	57
45	115	99
45	59	6
45	101	81
45	53	69
45	47	15
45	119	53
45	104	83
45	132	94
45	96	32
45	55	80
45	86	26
45	117	38
45	92	34
45	64	97
46	79	83
46	117	8
46	99	16
46	92	42
46	132	65
46	116	44
46	125	63
46	89	97
46	77	42
46	102	88
46	84	47
46	85	84
46	48	34
46	83	100
46	124	44
46	78	29
46	51	38
46	87	83
46	52	10
46	97	12
46	88	30
46	76	41
46	108	39
46	136	37
46	129	21
46	128	61
46	59	31
46	106	68
46	127	90
46	126	28
46	104	27
46	101	33
46	65	26
46	53	19
46	100	20
46	58	44
46	69	65
46	82	42
46	122	92
46	96	58
47	116	47
47	85	36
47	111	61
47	130	66
47	127	93
47	97	66
47	122	37
47	131	68
47	136	41
47	53	50
47	105	22
47	132	91
47	138	65
47	91	27
47	129	70
47	121	45
47	104	93
47	86	22
47	102	74
47	139	42
47	114	78
47	106	40
47	107	99
47	123	39
47	76	5
47	120	50
47	80	50
47	51	97
47	64	41
47	61	17
47	58	26
47	128	6
47	48	78
47	98	10
47	73	32
47	118	49
48	93	87
48	139	38
48	135	16
48	107	36
48	109	72
48	108	80
48	112	15
48	100	43
48	125	12
48	77	93
48	101	30
48	130	81
48	90	93
48	133	97
48	117	9
48	106	87
48	54	52
48	78	90
48	86	97
48	122	66
48	120	34
48	57	94
48	118	67
48	131	78
48	110	73
48	138	35
48	83	97
48	80	64
48	82	10
48	85	54
48	111	48
48	128	68
48	114	63
48	87	7
48	63	33
49	133	89
49	80	74
49	90	47
49	50	87
49	104	30
49	123	9
49	138	71
49	134	47
49	114	48
49	87	28
49	88	84
49	117	91
49	55	6
49	56	33
49	54	82
49	131	71
49	124	51
49	127	31
49	79	34
49	101	96
49	116	41
49	113	63
49	118	85
49	136	63
49	129	95
49	60	7
49	139	24
49	82	77
49	52	76
49	67	64
49	126	67
49	62	66
49	84	14
49	121	20
49	106	88
49	53	27
49	120	90
49	128	5
49	109	10
49	57	83
49	108	51
49	76	5
49	130	83
50	118	67
50	113	61
50	84	16
50	130	77
50	88	50
50	103	86
50	114	11
50	56	34
50	98	75
50	105	81
50	97	52
50	135	44
50	137	27
50	102	45
50	81	41
50	52	69
50	136	29
50	107	37
50	120	77
50	65	89
50	109	71
50	69	93
50	139	11
50	67	52
50	57	13
50	63	37
50	124	26
50	58	89
50	51	41
50	100	40
51	96	40
51	92	75
51	125	7
51	132	60
51	129	24
51	136	63
51	111	97
51	84	64
51	135	86
51	52	54
51	124	91
51	130	96
51	114	11
51	113	5
51	62	7
51	119	84
51	57	50
51	97	15
51	60	6
51	103	79
51	112	55
51	122	96
51	127	74
51	55	94
51	54	71
51	88	11
51	134	21
51	87	19
51	95	55
51	100	92
51	90	88
51	102	30
51	117	64
51	64	46
51	139	94
51	70	7
52	138	99
52	115	86
52	124	34
52	95	51
52	102	17
52	55	6
52	87	47
52	105	88
52	112	78
52	129	21
52	108	59
52	94	75
52	58	38
52	83	85
52	127	75
52	56	40
52	135	37
52	139	19
52	131	52
52	103	71
52	117	44
52	96	33
52	123	62
52	109	85
52	122	73
52	93	13
52	66	29
52	128	52
52	110	37
52	100	95
52	59	91
52	81	52
52	132	76
52	133	48
52	134	67
53	103	18
53	95	15
53	102	26
53	133	66
53	84	88
53	118	87
53	96	29
53	54	11
53	89	5
53	119	91
53	101	65
53	91	55
53	55	13
53	132	78
53	135	60
53	90	24
53	115	37
53	88	20
53	125	38
53	124	97
53	130	77
53	112	73
53	121	57
53	108	18
53	93	6
53	69	62
53	57	73
53	99	51
53	126	90
53	58	80
53	110	98
53	72	77
53	117	27
53	107	68
53	59	97
53	137	8
53	94	67
53	111	61
53	79	86
54	124	93
54	104	89
54	87	66
54	126	41
54	115	50
54	110	75
54	123	58
54	127	19
54	96	41
54	133	70
54	68	64
54	101	28
54	91	23
54	88	12
54	92	22
54	61	82
54	57	34
54	130	5
54	136	54
54	56	55
54	62	51
54	102	65
54	70	12
54	75	52
54	73	5
54	79	68
54	94	79
54	93	77
54	74	66
55	131	10
55	96	96
55	138	32
55	127	43
55	98	72
55	103	54
55	129	28
55	128	78
55	94	58
55	124	73
55	117	6
55	95	57
55	120	57
55	112	57
55	88	66
55	121	12
55	84	98
55	137	79
55	86	51
55	71	50
55	105	96
55	63	40
55	76	42
55	67	94
55	132	56
55	136	55
55	139	36
55	111	22
55	56	98
55	61	41
55	119	54
55	93	13
56	132	72
56	123	81
56	92	62
56	104	87
56	134	45
56	109	57
56	117	64
56	119	49
56	130	46
56	107	93
56	133	92
56	88	43
56	98	10
56	57	68
56	111	30
56	137	70
56	68	58
56	122	76
56	120	24
56	58	13
56	70	10
56	108	94
56	125	62
56	106	92
56	129	88
56	127	31
56	99	22
56	101	15
56	90	76
56	91	30
56	96	53
56	83	93
56	93	67
56	97	68
57	98	47
57	126	100
57	121	79
57	129	43
57	115	61
57	88	25
57	113	77
57	65	6
57	112	20
57	105	50
57	136	52
57	102	57
57	103	86
57	120	88
57	114	12
57	69	60
57	135	23
57	117	83
57	89	6
57	131	64
57	125	6
57	68	78
57	75	71
57	134	79
57	90	81
57	122	21
57	139	32
57	63	20
57	119	92
57	127	50
57	106	60
57	66	53
57	92	56
57	118	86
57	62	57
57	124	66
58	134	30
58	100	21
58	125	49
58	89	18
58	136	13
58	102	97
58	60	11
58	95	26
58	111	78
58	115	95
58	118	75
58	101	73
58	132	36
58	59	87
58	117	73
58	137	98
58	90	24
58	99	14
58	91	63
58	70	8
58	66	46
58	121	87
58	138	68
58	63	33
58	112	74
58	64	59
58	94	57
58	98	68
58	116	87
58	127	40
58	106	33
58	135	36
58	68	57
58	73	25
58	80	27
58	92	83
58	93	87
59	91	58
59	138	83
59	114	68
59	105	32
59	117	88
59	106	8
59	109	30
59	120	69
59	99	9
59	136	73
59	88	13
59	121	70
59	61	29
59	131	89
59	113	38
59	130	33
59	139	95
59	70	39
59	125	37
59	115	51
59	107	78
59	65	8
59	116	86
59	129	16
59	137	98
59	133	93
59	78	80
59	75	52
59	123	55
59	126	70
59	80	90
59	108	60
59	73	66
59	102	53
60	107	6
60	109	33
60	108	78
60	101	88
60	130	18
60	110	52
60	102	38
60	105	38
60	113	66
60	62	64
60	123	5
60	132	29
60	138	86
60	65	96
60	127	94
60	100	45
60	117	27
60	115	84
60	70	41
60	116	67
60	95	34
60	77	49
60	92	80
60	118	79
60	68	84
60	133	29
60	103	27
60	111	43
60	121	83
60	131	65
60	136	30
60	67	62
61	121	39
61	97	61
61	127	69
61	123	92
61	64	66
61	107	68
61	95	26
61	109	60
61	105	16
61	103	59
61	117	36
61	100	62
61	92	40
61	132	34
61	112	71
61	72	52
61	69	14
61	115	91
61	63	65
61	135	72
61	78	7
61	124	52
61	131	75
61	68	21
61	73	93
61	80	40
61	99	9
61	104	34
62	126	13
62	92	32
62	97	85
62	124	40
62	137	96
62	113	66
62	106	26
62	67	28
62	123	86
62	128	63
62	112	88
62	65	23
62	131	10
62	114	5
62	117	45
62	125	28
62	76	22
62	72	56
62	111	77
62	121	25
62	109	11
62	96	95
62	136	19
62	138	39
62	135	96
62	104	79
62	105	13
62	99	6
62	115	32
62	94	85
62	118	74
62	130	58
62	98	38
62	107	95
63	137	84
63	96	73
63	109	25
63	138	79
63	139	78
63	116	47
63	68	74
63	136	11
63	133	80
63	67	26
63	117	65
63	118	81
63	128	9
63	92	99
63	123	91
63	98	7
63	104	98
63	97	40
63	111	60
63	70	68
63	108	9
63	71	72
63	99	41
63	115	42
63	127	48
63	129	88
63	124	84
63	74	82
63	72	27
63	65	27
63	101	56
63	80	94
63	114	61
64	138	55
64	113	81
64	101	46
64	107	60
64	129	38
64	105	13
64	128	20
64	131	94
64	95	7
64	127	6
64	139	83
64	106	32
64	110	39
64	114	69
64	96	20
64	112	25
64	117	64
64	71	24
64	119	82
64	122	70
64	77	35
64	135	95
64	123	68
64	65	76
64	99	55
64	73	41
64	86	55
64	120	28
65	129	85
65	111	54
65	128	63
65	136	85
65	103	52
65	96	27
65	138	46
65	114	45
65	132	57
65	133	89
65	119	38
65	97	87
65	101	93
65	139	95
65	70	17
65	109	98
65	78	99
65	137	17
65	71	6
65	110	53
65	115	51
65	120	98
65	123	7
65	77	83
65	125	28
65	76	24
65	107	81
65	73	24
65	69	61
65	105	10
65	82	91
65	108	50
65	104	64
65	130	9
65	126	90
65	135	18
65	81	88
65	72	12
66	135	30
66	139	36
66	67	57
66	99	54
66	133	78
66	101	38
66	120	80
66	118	54
66	117	70
66	123	17
66	108	68
66	76	39
66	109	15
66	124	74
66	79	30
66	113	100
66	78	87
66	111	56
66	72	68
66	71	10
66	85	70
66	86	95
66	97	92
66	102	27
66	134	45
66	100	88
66	126	72
66	105	65
66	98	36
66	104	36
66	112	61
66	106	15
66	68	19
66	90	99
66	115	63
67	114	28
67	107	15
67	97	35
67	69	64
67	137	17
67	112	28
67	118	59
67	121	53
67	75	9
67	98	54
67	106	37
67	132	84
67	134	17
67	126	64
67	113	68
67	101	51
67	130	88
67	100	88
67	109	64
67	138	11
67	74	91
67	136	85
67	82	46
67	110	89
67	125	56
67	89	99
67	123	42
67	77	15
68	129	26
68	109	60
68	104	41
68	136	78
68	99	13
68	133	68
68	138	62
68	134	98
68	124	76
68	110	46
68	73	13
68	130	66
68	72	47
68	126	41
68	112	45
68	114	71
68	121	82
68	123	76
68	76	14
68	107	30
68	139	32
68	70	41
68	74	92
68	86	74
68	105	7
68	116	90
68	106	96
68	131	77
68	71	19
68	81	57
68	93	89
68	113	5
68	118	92
68	127	35
69	100	21
69	127	62
69	106	56
69	118	70
69	121	84
69	107	20
69	119	54
69	105	86
69	108	84
69	134	46
69	133	6
69	122	80
69	113	29
69	117	16
69	138	16
69	110	31
69	98	57
69	137	74
69	90	93
69	70	68
69	93	52
69	92	71
69	78	70
69	85	17
69	129	38
69	126	86
69	89	58
70	99	14
70	138	28
70	100	42
70	132	57
70	136	30
70	102	10
70	105	21
70	129	64
70	101	90
70	122	76
70	123	39
70	121	61
70	113	88
70	73	41
70	83	9
70	86	20
70	130	42
70	78	77
70	85	97
70	88	41
70	74	43
70	77	54
70	90	98
70	87	44
70	135	44
70	80	38
70	92	25
70	91	8
71	128	81
71	122	40
71	118	77
71	123	41
71	114	69
71	126	27
71	79	22
71	129	53
71	106	68
71	105	80
71	112	87
71	138	47
71	134	24
71	83	31
71	130	46
71	137	95
71	89	23
71	88	37
71	131	50
71	75	6
71	101	5
71	124	12
71	103	94
71	77	93
71	99	86
72	121	66
72	103	65
72	114	71
72	111	79
72	129	11
72	74	71
72	134	86
72	107	20
72	112	89
72	132	82
72	109	59
72	123	15
72	126	39
72	105	18
72	83	73
72	116	57
72	115	46
72	102	77
72	139	29
72	88	55
72	131	43
72	101	10
72	84	61
72	108	35
72	78	72
72	104	7
72	76	26
73	120	33
73	127	21
73	103	29
73	106	52
73	139	83
73	109	13
73	138	21
73	116	24
73	137	6
73	104	9
73	118	60
73	132	43
73	122	52
73	105	58
73	107	85
73	117	53
73	135	10
73	76	85
73	121	84
73	124	87
73	123	42
73	78	89
73	81	87
73	82	17
73	85	29
73	95	68
73	102	30
73	136	9
73	131	87
74	105	20
74	126	35
74	112	37
74	130	54
74	75	31
74	76	64
74	108	29
74	103	88
74	78	51
74	119	41
74	131	84
74	137	32
74	138	9
74	80	41
74	81	21
74	118	73
74	104	70
74	88	71
74	83	99
74	133	69
74	114	57
74	124	10
74	111	17
74	129	10
74	115	99
75	108	62
75	119	74
75	114	69
75	110	77
75	123	59
75	135	98
75	83	99
75	85	47
75	104	5
75	87	96
75	130	26
75	122	88
75	95	54
75	98	42
75	92	20
75	124	97
75	133	16
75	88	19
75	132	40
76	117	23
76	137	90
76	115	43
76	135	98
76	136	16
76	127	10
76	82	60
76	106	77
76	116	20
76	78	41
76	118	56
76	113	70
76	139	45
76	110	32
76	112	86
76	120	18
76	132	75
76	77	88
76	92	54
76	90	20
76	104	33
77	108	19
77	121	88
77	136	75
77	126	12
77	132	60
77	127	14
77	80	8
77	82	82
77	84	67
77	81	11
77	91	28
77	112	89
77	119	73
77	88	25
77	110	37
77	102	100
77	124	60
77	139	68
78	107	54
78	114	6
78	129	89
78	123	70
78	131	100
78	135	71
78	120	28
78	128	68
78	87	71
78	90	89
78	111	28
78	85	12
78	84	69
78	133	57
78	96	25
78	130	70
78	136	72
78	91	32
78	125	57
78	88	7
78	134	71
78	109	20
78	97	89
78	103	34
78	121	94
79	135	25
79	120	28
79	137	28
79	113	92
79	112	90
79	83	26
79	108	74
79	133	44
79	119	46
79	117	66
79	111	49
79	91	77
79	139	52
79	109	82
79	87	61
79	82	19
79	116	14
79	123	89
79	129	93
79	121	15
79	125	53
79	94	99
79	97	23
79	96	6
79	88	25
79	138	21
79	132	74
80	110	52
80	131	87
80	137	84
80	125	48
80	124	91
80	112	98
80	109	20
80	81	73
80	111	74
80	123	13
80	86	67
80	82	33
80	129	58
80	119	63
80	133	92
80	91	44
80	139	99
80	130	33
80	134	82
80	85	43
80	128	96
80	103	41
80	100	60
80	121	41
80	114	94
81	119	6
81	126	71
81	122	20
81	138	53
81	127	48
81	134	60
81	83	88
81	132	35
81	133	33
81	90	90
81	128	32
81	114	62
81	130	83
81	112	56
81	120	86
81	100	17
81	131	57
81	136	31
82	121	64
82	119	81
82	117	90
82	138	79
82	118	30
82	139	19
82	136	31
82	89	67
82	112	50
82	113	77
82	116	77
82	95	100
82	87	84
82	125	8
82	133	10
82	134	26
82	86	73
82	128	36
82	120	13
82	114	49
82	83	6
82	91	89
82	99	35
82	122	14
82	124	36
82	108	27
82	88	98
82	110	15
83	139	70
83	114	23
83	137	61
83	129	20
83	115	15
83	117	31
83	84	62
83	124	47
83	133	55
83	94	62
83	116	78
83	88	33
83	85	33
83	134	92
84	130	40
84	134	23
84	135	30
84	123	23
84	117	77
84	118	30
84	132	15
84	119	31
84	128	61
84	121	48
84	126	9
84	89	38
84	92	29
84	98	47
84	129	28
84	122	99
84	114	70
84	95	37
84	102	45
84	90	65
84	87	64
85	127	79
85	137	33
85	138	10
85	131	68
85	130	17
85	129	90
85	134	73
85	92	11
85	90	94
85	135	80
85	94	11
85	126	24
85	118	14
85	101	60
85	120	83
85	91	74
85	115	75
85	88	41
85	121	30
85	108	29
86	124	91
86	88	79
86	129	6
86	127	76
86	116	85
86	131	65
86	90	25
86	119	30
86	121	95
86	115	16
86	139	78
86	133	45
86	128	53
86	93	29
86	134	21
86	99	27
86	98	50
86	100	43
86	103	7
86	97	35
86	96	25
86	92	47
87	119	65
87	121	53
87	128	70
87	135	22
87	124	24
87	94	73
87	139	60
87	126	72
87	93	98
87	96	8
87	136	18
87	92	73
87	134	21
87	130	77
87	90	40
87	104	100
87	120	23
87	117	57
87	132	62
87	103	41
87	110	25
88	125	26
88	89	98
88	124	94
88	139	57
88	136	76
88	118	69
88	90	94
88	94	97
88	121	53
88	135	10
88	92	31
88	138	13
88	103	42
88	120	24
88	122	73
88	119	70
88	110	37
88	91	79
89	122	25
89	118	80
89	97	42
89	119	39
89	121	23
89	100	25
89	93	100
89	91	40
89	124	95
89	128	63
89	139	67
89	123	16
89	99	43
89	135	77
89	130	100
89	96	82
89	133	77
89	112	73
89	94	27
89	103	34
90	122	6
90	120	54
90	133	60
90	126	71
90	92	5
90	124	93
90	91	20
90	95	84
90	127	85
90	96	23
90	134	36
90	135	17
90	103	61
90	137	21
90	97	5
90	106	99
90	123	91
90	94	53
90	136	28
90	105	89
90	129	9
90	131	87
90	111	32
90	138	94
90	112	18
90	113	58
91	130	34
91	124	61
91	139	15
91	134	82
91	121	60
91	95	39
91	120	82
91	98	37
91	99	28
91	135	69
91	136	67
91	127	67
91	108	74
91	125	74
91	113	93
91	131	40
91	114	60
91	117	29
91	119	36
92	121	48
92	138	69
92	124	46
92	137	54
92	106	5
92	128	45
92	103	57
92	132	53
92	105	56
92	122	11
92	127	36
92	125	35
92	130	81
92	108	82
93	132	18
93	131	34
93	130	54
93	129	62
93	125	36
93	124	36
93	95	73
93	98	15
93	97	15
93	110	94
93	134	78
93	96	55
93	105	15
93	106	43
93	101	32
93	113	27
93	136	17
93	128	21
94	132	66
94	138	42
94	104	76
94	124	56
94	106	11
94	103	50
94	95	22
94	126	71
94	139	7
94	133	7
94	125	32
94	134	45
94	112	82
94	101	83
94	137	57
94	111	70
94	136	57
94	100	63
94	119	69
94	113	20
95	99	29
95	137	13
95	127	41
95	96	59
95	130	89
95	134	61
95	125	59
95	102	98
95	111	94
95	100	78
95	107	99
95	113	67
95	105	9
95	115	52
95	117	72
95	126	55
95	139	39
95	122	44
95	101	58
95	133	8
95	138	42
96	99	51
96	127	79
96	98	90
96	133	80
96	97	80
96	101	24
96	108	78
96	130	61
96	111	36
96	134	6
96	109	79
96	131	22
96	102	51
96	119	86
96	122	79
97	137	20
97	139	42
97	101	52
97	128	96
97	132	54
97	129	64
97	104	61
97	114	95
97	110	39
97	127	42
97	107	73
97	117	72
97	109	13
97	115	36
98	127	70
98	104	96
98	130	80
98	99	63
98	105	10
98	132	35
98	128	62
98	131	9
98	115	35
98	116	39
98	134	38
98	118	68
98	123	19
98	121	73
98	112	14
99	129	54
99	131	89
99	138	37
99	135	100
99	111	38
99	139	32
99	134	24
99	105	81
99	128	69
99	110	78
99	133	21
99	103	11
99	137	7
99	104	9
99	102	55
100	101	43
100	104	71
100	138	49
100	112	38
100	133	18
100	135	32
100	134	27
100	137	90
100	132	96
100	120	60
100	123	16
100	130	44
100	129	63
101	136	47
101	103	78
101	104	59
101	132	59
101	137	89
101	113	23
101	117	9
101	112	91
101	111	66
101	138	26
101	109	18
101	122	48
101	135	28
102	138	45
102	135	53
102	105	36
102	133	15
102	108	20
102	107	36
102	117	9
102	118	67
102	103	5
102	109	99
102	137	54
102	111	36
103	138	39
103	132	85
103	107	11
103	133	6
103	135	32
103	112	70
103	139	11
103	137	16
103	125	76
104	133	70
104	107	19
104	112	93
104	119	6
104	113	90
104	134	43
104	116	28
104	105	17
105	108	91
105	107	13
105	118	26
105	135	47
105	111	32
105	114	15
105	139	81
105	122	28
105	115	52
105	128	7
105	134	18
106	135	72
106	136	10
106	138	36
106	139	68
106	107	81
106	122	71
106	113	31
106	119	55
106	112	85
106	121	84
106	116	10
106	117	64
106	110	29
107	112	76
107	114	12
107	113	12
107	119	17
107	137	65
107	132	63
107	111	88
108	109	72
108	138	97
108	113	58
108	137	11
108	123	36
108	139	37
108	128	8
109	116	38
109	118	51
109	120	22
109	129	52
109	138	90
109	124	44
109	139	98
109	112	10
109	130	34
110	114	36
110	118	58
110	116	55
110	115	89
110	126	35
110	130	80
110	131	18
110	119	25
110	127	17
110	124	8
110	134	90
111	115	15
111	120	97
111	119	58
111	112	81
112	114	46
112	124	30
112	120	93
112	134	60
112	136	58
112	128	29
112	119	82
113	114	98
113	116	36
113	119	97
113	123	54
113	130	79
113	127	49
113	129	41
113	122	9
114	116	86
114	118	57
114	121	17
114	124	72
114	117	9
114	129	44
114	123	20
114	125	6
114	137	51
114	127	84
114	132	25
114	134	15
115	117	94
115	122	32
115	119	31
115	131	70
115	132	28
115	124	44
115	139	60
116	120	51
116	125	63
116	127	95
116	128	70
116	119	88
116	138	42
116	118	14
116	126	71
116	117	38
117	127	18
117	124	40
117	123	20
117	130	38
117	129	83
118	125	52
118	123	75
118	121	47
118	139	42
118	131	87
118	126	89
119	120	66
119	126	22
119	133	55
119	122	13
119	137	75
119	139	27
119	135	34
119	138	18
120	127	88
120	131	60
120	137	30
120	123	14
120	133	97
121	138	97
121	126	8
121	131	53
121	133	29
121	137	97
121	130	14
122	124	64
122	125	40
122	127	35
122	133	19
122	134	43
123	124	36
123	129	79
123	135	17
123	132	83
123	126	51
123	133	88
123	130	19
124	130	52
124	132	43
124	125	13
124	131	70
124	135	96
125	129	49
125	136	7
125	131	22
125	127	100
125	126	72
125	138	17
126	138	32
126	134	44
126	136	90
126	133	43
126	139	78
127	131	98
127	129	25
127	132	98
128	130	78
128	131	10
128	129	52
128	137	66
128	134	6
129	132	94
129	135	78
129	139	77
129	130	35
130	136	15
130	139	26
130	133	8
130	138	21
130	137	92
130	131	20
130	135	59
131	133	31
131	138	81
132	139	72
132	134	6
133	138	90
133	135	74
134	135	67
134	137	37
134	139	40
135	139	100
136	138	99
136	137	36
