NAME: W_SPARSE_160_64
n: 160
m: 5120
0	123	34
0	37	57
0	159	61
0	113	97
0	94	10
0	96	71
0	2	7
0	53	9
0	109	78
0	116	26
0	99	15
0	54	13
0	1	12
0	66	15
0	125	83
0	49	10
0	5	7
0	46	98
0	85	39
0	117	54
0	56	85
0	60	91
0	120	68
0	126	74
0	33	36
0	111	49
0	154	59
0	88	77
0	119	45
0	97	44
0	79	76
0	78	42
0	101	55
0	8	92
0	47	91
0	11	79
0	41	47
0	107	56
0	48	18
0	152	10
0	75	85
0	98	98
0	15	13
0	59	87
0	77	8
0	115	91
0	51	60
0	112	14
0	81	10
0	69	39
0	92	81
0	21	76
0	9	75
0	87	52
0	17	63
0	14	28
0	28	6
0	110	98
0	122	39
1	121	12
1	85	12
1	114	91
1	66	15
1	74	78
1	91	8
1	124	80
1	123	21
1	58	57
1	102	40
1	119	33
1	61	47
1	122	26
1	99	11
1	64	45
1	157	73
1	68	32
1	115	94
1	7	31
1	37	47
1	93	93
1	46	48
1	77	14
1	2	74
1	95	18
1	34	39
1	105	8
1	151	81
1	39	98
1	116	33
1	35	33
1	78	39
1	47	16
1	71	13
1	15	99
1	5	91
1	13	19
1	143	50
1	10	96
1	17	6
1	126	58
1	154	42
1	4	82
1	23	55
1	57	76
1	18	15
1	51	36
1	67	61
1	149	47
1	96	11
1	54	47
1	107	20
1	29	90
1	20	77
1	90	85
1	92	39
1	109	23
1	108	55
1	52	96
1	8	5
2	112	79
2	115	75
2	58	100
2	79	100
2	96	45
2	51	51
2	54	28
2	36	89
2	45	7
2	48	75
2	92	35
2	86	27
2	35	91
2	94	68
2	72	9
2	106	47
2	156	14
2	87	9
2	38	73
2	102	59
2	108	54
2	85	70
2	62	27
2	70	49
2	110	10
2	73	77
2	60	78
2	95	50
2	76	64
2	123	74
2	6	42
2	63	30
2	4	69
2	97	8
2	56	10
2	44	81
2	80	87
2	116	14
2	16	50
2	121	15
2	43	5
2	46	6
2	82	37
2	57	91
2	146	17
2	154	80
2	59	69
2	159	100
2	49	90
2	66	45
2	99	57
2	128	11
2	41	35
2	29	68
2	83	64
2	136	48
2	42	30
2	17	42
2	11	88
2	67	97
2	9	98
2	64	71
2	74	28
2	141	99
2	103	75
3	46	86
3	106	20
3	118	59
3	121	60
3	96	75
3	129	70
3	51	26
3	66	35
3	100	18
3	108	11
3	104	65
3	128	26
3	74	96
3	62	43
3	123	15
3	79	53
3	113	64
3	48	10
3	14	25
3	38	15
3	70	71
3	91	80
3	95	44
3	69	35
3	82	51
3	84	12
3	97	86
3	107	58
3	151	56
3	156	71
3	10	74
3	152	56
3	17	76
3	8	35
3	7	63
3	63	10
3	158	81
3	148	78
3	20	15
3	159	85
3	19	12
3	114	16
3	76	61
3	42	22
3	98	64
3	120	43
3	144	16
3	154	64
3	67	96
3	150	72
3	37	13
3	102	87
3	11	49
3	130	98
3	157	28
3	12	73
3	15	98
3	56	65
3	57	92
3	59	26
3	117	64
3	139	31
3	75	26
3	140	81
3	105	22
3	49	82
4	40	86
4	49	89
4	78	62
4	119	70
4	75	58
4	52	99
4	56	69
4	122	6
4	82	17
4	81	77
4	120	15
4	74	17
4	47	96
4	50	87
4	97	82
4	53	46
4	51	81
4	42	56
4	90	83
4	103	97
4	80	28
4	93	9
4	45	95
4	5	63
4	112	87
4	121	26
4	14	23
4	17	45
4	94	90
4	85	30
4	12	72
4	41	87
4	89	55
4	77	85
4	68	97
4	150	57
4	46	41
4	43	62
4	95	26
4	159	89
4	15	80
4	24	11
4	38	82
4	151	57
4	27	78
4	18	90
4	110	10
4	86	65
4	92	38
4	129	35
4	144	26
4	100	83
4	117	67
4	6	79
4	54	85
4	11	86
4	58	83
4	102	42
4	139	34
4	29	41
5	123	83
5	103	100
5	83	92
5	78	74
5	66	19
5	73	96
5	128	72
5	93	40
5	67	69
5	80	64
5	101	46
5	85	28
5	79	31
5	127	51
5	77	95
5	51	64
5	53	15
5	65	68
5	47	98
5	57	62
5	61	83
5	72	46
5	98	60
5	158	77
5	87	95
5	69	61
5	9	30
5	154	13
5	155	48
5	39	51
5	56	87
5	52	48
5	92	42
5	71	13
5	43	12
5	90	94
5	131	41
5	64	55
5	159	81
5	54	85
5	117	89
5	42	75
5	99	33
5	49	24
5	104	98
5	100	33
5	21	16
5	109	18
5	156	91
5	82	52
5	151	73
5	17	87
5	44	30
5	143	58
5	81	65
5	149	31
5	14	14
5	121	96
5	26	95
5	6	79
5	111	76
5	139	50
5	11	50
5	116	72
5	136	73
5	8	85
6	122	52
6	61	23
6	129	75
6	125	57
6	81	62
6	50	86
6	78	43
6	12	17
6	118	62
6	121	39
6	117	66
6	80	91
6	70	56
6	116	40
6	83	27
6	98	70
6	17	30
6	39	10
6	74	42
6	92	69
6	88	52
6	44	99
6	43	11
6	45	58
6	54	63
6	94	60
6	154	59
6	96	7
6	133	43
6	131	29
6	24	98
6	101	58
6	113	59
6	123	46
6	46	88
6	111	18
6	41	49
6	64	42
6	58	10
6	53	53
6	85	42
6	8	63
6	25	17
6	68	30
6	79	33
6	14	14
6	82	92
6	47	32
6	130	26
6	149	81
6	31	91
6	57	48
6	28	47
6	75	35
6	34	86
6	42	80
6	60	47
6	137	51
7	89	41
7	76	13
7	69	95
7	63	53
7	85	19
7	86	64
7	98	90
7	122	56
7	133	27
7	72	60
7	52	28
7	78	51
7	128	17
7	134	97
7	48	9
7	113	24
7	60	69
7	12	51
7	96	79
7	16	9
7	157	62
7	54	82
7	92	92
7	17	19
7	125	91
7	80	42
7	19	96
7	87	21
7	103	74
7	82	94
7	129	67
7	153	58
7	42	16
7	65	99
7	15	79
7	61	48
7	102	90
7	107	50
7	90	11
7	79	29
7	95	55
7	112	80
7	127	36
7	43	35
7	53	44
7	94	44
7	21	71
7	146	93
7	46	13
7	47	14
7	147	98
7	59	24
7	62	51
7	115	95
7	10	96
7	119	29
7	11	20
7	108	35
7	109	55
7	56	43
7	100	59
7	118	17
8	107	78
8	127	48
8	134	41
8	79	94
8	116	86
8	108	66
8	48	39
8	66	92
8	135	68
8	56	60
8	98	55
8	59	59
8	10	42
8	62	17
8	9	27
8	15	8
8	76	50
8	57	9
8	123	8
8	99	91
8	55	48
8	100	90
8	65	94
8	81	10
8	92	83
8	159	33
8	16	28
8	58	65
8	124	46
8	104	56
8	105	44
8	83	84
8	148	89
8	150	84
8	87	50
8	27	60
8	85	43
8	97	34
8	156	94
8	84	27
8	113	95
8	119	58
8	115	99
8	86	43
8	149	90
8	14	21
8	20	70
8	61	68
8	157	20
8	21	94
8	17	31
8	78	40
8	101	45
8	94	36
8	144	20
8	145	72
8	23	57
8	77	91
8	138	86
8	128	64
9	54	6
9	43	77
9	73	81
9	115	65
9	62	23
9	99	43
9	109	9
9	51	8
9	68	82
9	105	42
9	101	72
9	42	19
9	65	19
9	49	48
9	50	48
9	123	87
9	130	77
9	88	74
9	93	73
9	67	29
9	118	79
9	132	34
9	85	36
9	19	57
9	72	84
9	102	87
9	110	54
9	97	12
9	124	79
9	76	67
9	136	66
9	56	36
9	159	86
9	59	33
9	18	81
9	60	42
9	154	95
9	89	52
9	74	42
9	119	45
9	11	92
9	30	8
9	94	53
9	95	54
9	28	36
9	70	27
9	128	33
9	127	70
9	78	57
9	61	83
9	75	30
9	15	28
9	104	18
9	55	87
9	103	10
9	10	53
9	156	22
9	151	89
9	31	52
9	106	20
9	146	34
9	91	22
9	98	7
9	120	48
9	145	65
9	143	64
9	53	90
10	64	91
10	106	72
10	96	67
10	117	73
10	133	83
10	87	23
10	136	79
10	43	86
10	107	28
10	131	96
10	16	32
10	18	64
10	75	70
10	63	97
10	55	42
10	111	68
10	78	64
10	69	88
10	98	86
10	82	58
10	71	23
10	110	6
10	93	62
10	97	78
10	132	58
10	74	83
10	77	60
10	70	10
10	105	78
10	51	48
10	154	22
10	100	95
10	21	48
10	88	51
10	129	43
10	124	15
10	108	41
10	58	43
10	67	19
10	153	63
10	114	29
10	148	67
10	118	64
10	159	16
10	155	50
10	27	60
10	29	62
10	115	78
10	57	14
10	89	38
10	120	79
10	11	18
10	145	94
10	149	34
11	129	85
11	59	50
11	90	9
11	103	98
11	83	32
11	136	73
11	123	82
11	54	43
11	113	92
11	53	35
11	80	53
11	61	61
11	128	17
11	13	75
11	97	51
11	48	33
11	95	14
11	114	12
11	76	26
11	51	60
11	110	60
11	55	92
11	23	99
11	117	46
11	91	38
11	126	49
11	46	36
11	109	77
11	82	48
11	14	9
11	18	78
11	99	91
11	24	50
11	100	29
11	88	29
11	66	95
11	108	51
11	81	98
11	77	34
11	122	6
11	148	44
11	154	41
11	84	88
11	19	82
11	50	43
11	158	42
11	45	24
11	149	46
11	94	79
11	31	84
11	52	37
11	68	82
11	119	91
11	21	60
11	71	42
12	90	66
12	139	85
12	51	23
12	13	50
12	56	29
12	59	89
12	138	49
12	101	78
12	55	8
12	124	25
12	45	56
12	88	94
12	47	24
12	57	66
12	105	78
12	86	25
12	137	7
12	73	80
12	89	40
12	97	21
12	92	22
12	54	21
12	61	57
12	134	82
12	94	51
12	84	28
12	96	88
12	100	53
12	62	100
12	112	77
12	93	16
12	114	29
12	23	80
12	133	65
12	72	43
12	19	60
12	48	49
12	20	68
12	15	61
12	103	21
12	156	63
12	14	86
12	99	55
12	67	80
12	109	49
12	125	73
12	30	90
12	128	23
12	149	23
12	34	85
12	75	41
12	136	64
12	40	91
12	153	47
12	119	7
13	101	74
13	83	19
13	89	47
13	47	65
13	71	80
13	62	25
13	80	42
13	88	88
13	64	98
13	95	36
13	121	67
13	82	87
13	70	57
13	105	90
13	130	55
13	85	11
13	59	46
13	76	99
13	103	53
13	51	82
13	49	58
13	107	31
13	50	20
13	75	68
13	127	71
13	81	23
13	46	34
13	73	51
13	119	21
13	138	76
13	106	6
13	158	52
13	112	82
13	109	11
13	24	20
13	20	87
13	74	90
13	91	8
13	100	20
13	159	96
13	115	67
13	30	42
13	16	16
13	136	61
13	69	88
13	156	76
13	25	79
13	133	60
13	55	68
13	96	46
13	78	93
13	58	5
13	132	67
13	39	86
13	90	27
13	118	35
13	23	91
13	92	85
14	66	99
14	141	47
14	118	71
14	67	89
14	94	70
14	86	55
14	75	95
14	122	83
14	131	10
14	71	68
14	108	71
14	76	89
14	140	64
14	137	56
14	70	28
14	105	6
14	126	44
14	82	32
14	22	50
14	60	43
14	77	12
14	111	29
14	57	52
14	47	57
14	112	87
14	117	91
14	78	35
14	135	94
14	114	17
14	138	78
14	89	16
14	101	67
14	51	80
14	85	87
14	109	25
14	103	86
14	120	5
14	93	13
14	68	28
14	80	93
14	128	13
14	37	19
14	65	24
14	106	7
14	151	84
14	129	7
14	132	99
14	155	6
14	23	6
14	15	26
14	98	16
14	159	79
14	17	53
14	53	73
14	16	55
14	35	39
14	58	96
14	20	69
14	61	91
14	81	87
14	125	34
14	124	62
15	60	85
15	123	53
15	84	64
15	132	21
15	136	53
15	94	49
15	63	72
15	55	29
15	101	87
15	79	59
15	54	84
15	78	62
15	109	70
15	137	31
15	69	97
15	56	57
15	89	77
15	125	18
15	134	17
15	17	81
15	18	41
15	77	71
15	67	77
15	95	89
15	76	10
15	103	6
15	98	53
15	90	82
15	26	61
15	118	86
15	72	50
15	139	10
15	57	71
15	121	26
15	31	55
15	122	23
15	80	8
15	66	22
15	23	81
15	21	31
15	138	99
15	87	42
15	29	72
15	159	93
15	131	57
15	35	99
15	59	40
15	135	81
15	140	54
15	141	68
15	124	32
15	19	66
15	156	64
15	114	73
15	106	59
15	52	44
15	32	86
15	48	63
15	68	25
15	49	61
15	92	80
15	149	12
15	155	84
15	129	18
16	79	57
16	130	31
16	64	55
16	139	34
16	96	44
16	127	14
16	81	53
16	132	93
16	134	54
16	54	51
16	85	63
16	92	35
16	104	76
16	88	47
16	83	70
16	121	7
16	89	60
16	51	20
16	140	45
16	101	56
16	105	98
16	131	27
16	138	48
16	76	34
16	114	93
16	75	60
16	97	69
16	84	49
16	141	14
16	103	41
16	116	24
16	61	61
16	125	11
16	60	41
16	63	71
16	19	42
16	128	81
16	142	10
16	58	83
16	111	91
16	67	87
16	102	7
16	36	6
16	59	78
16	82	15
16	57	40
16	123	12
16	18	78
16	155	27
16	21	62
16	30	12
16	50	33
16	124	77
16	29	78
17	116	34
17	97	47
17	73	85
17	60	91
17	95	44
17	140	55
17	84	14
17	128	34
17	120	91
17	91	25
17	94	58
17	121	59
17	134	66
17	118	45
17	139	85
17	130	12
17	24	85
17	55	76
17	51	55
17	131	69
17	22	76
17	135	49
17	141	45
17	25	36
17	67	71
17	93	33
17	129	19
17	119	69
17	64	35
17	71	82
17	98	46
17	108	84
17	124	60
17	103	92
17	109	81
17	72	78
17	99	76
17	159	29
17	56	57
17	61	94
17	36	16
17	115	79
17	125	84
17	142	19
17	100	10
17	52	61
17	76	53
17	136	15
17	154	5
17	107	54
17	23	84
17	68	89
17	80	89
17	53	99
17	69	88
17	37	82
17	147	81
18	96	95
18	140	99
18	139	6
18	63	62
18	78	73
18	109	22
18	82	14
18	79	83
18	53	15
18	52	50
18	92	6
18	136	57
18	89	15
18	125	82
18	131	19
18	107	23
18	58	51
18	60	51
18	70	10
18	121	97
18	143	29
18	86	39
18	73	36
18	55	17
18	134	72
18	123	46
18	127	33
18	110	81
18	95	85
18	133	68
18	144	28
18	97	41
18	25	81
18	29	72
18	51	8
18	30	12
18	93	7
18	137	92
18	158	74
18	64	93
18	84	61
18	132	98
18	27	85
18	126	76
18	94	15
18	77	51
18	37	100
18	116	17
18	118	30
18	28	97
18	68	80
18	20	45
18	59	28
18	106	21
18	88	34
18	122	87
18	76	67
19	100	67
19	129	82
19	135	51
19	103	14
19	75	85
19	120	88
19	92	94
19	94	55
19	115	68
19	52	32
19	89	37
19	118	48
19	77	7
19	65	19
19	22	17
19	139	40
19	107	53
19	143	59
19	93	12
19	117	80
19	83	71
19	88	14
19	102	89
19	66	48
19	137	8
19	116	76
19	33	82
19	141	66
19	28	44
19	123	53
19	70	83
19	63	56
19	60	55
19	127	92
19	62	11
19	104	16
19	30	83
19	55	40
19	38	35
19	132	21
19	31	39
19	113	59
19	37	26
19	85	88
19	81	95
19	47	82
20	137	80
20	69	29
20	109	13
20	106	73
20	141	14
20	82	91
20	59	41
20	104	37
20	87	93
20	21	33
20	119	42
20	70	11
20	139	93
20	56	54
20	133	76
20	97	88
20	112	13
20	27	22
20	23	80
20	79	14
20	110	54
20	138	7
20	142	17
20	132	83
20	114	19
20	29	20
20	95	62
20	22	54
20	53	51
20	96	78
20	108	36
20	99	90
20	31	27
20	37	34
20	88	48
20	60	88
20	103	89
20	128	87
20	77	28
20	100	74
20	25	6
20	143	83
20	146	46
20	64	18
20	28	58
20	91	23
20	147	39
20	63	31
20	134	46
20	33	42
20	45	62
20	101	64
20	24	50
20	65	47
20	92	57
20	85	12
21	113	72
21	140	54
21	141	15
21	143	94
21	145	94
21	96	19
21	107	22
21	75	30
21	100	67
21	117	71
21	97	94
21	83	16
21	102	29
21	81	21
21	123	18
21	99	37
21	22	53
21	71	48
21	114	51
21	101	77
21	24	14
21	65	88
21	79	6
21	33	41
21	147	37
21	90	84
21	58	72
21	111	12
21	34	23
21	61	93
21	103	16
21	76	73
21	125	53
21	62	69
21	78	20
21	82	68
21	127	19
21	142	81
21	29	76
21	110	61
21	148	22
21	43	77
21	31	25
21	67	72
21	26	52
21	119	11
21	106	77
21	91	42
21	47	13
21	157	89
21	120	22
21	95	19
21	44	92
22	115	60
22	71	89
22	88	89
22	89	53
22	81	79
22	90	75
22	111	94
22	124	98
22	105	64
22	146	14
22	114	69
22	84	26
22	59	90
22	56	66
22	61	91
22	116	8
22	82	97
22	129	22
22	131	33
22	26	16
22	63	63
22	104	67
22	58	5
22	102	93
22	130	5
22	97	45
22	80	91
22	106	34
22	86	100
22	139	34
22	37	58
22	144	10
22	140	23
22	62	63
22	65	84
22	66	26
22	78	79
22	142	39
22	132	60
22	108	62
22	110	13
22	85	11
22	103	48
22	74	54
22	134	53
22	45	45
22	158	68
22	99	38
22	117	54
22	43	85
22	64	42
22	155	60
22	136	78
22	60	57
22	157	9
22	23	45
22	46	83
22	122	22
22	125	54
22	107	60
22	41	6
22	123	97
22	30	79
22	156	40
23	116	78
23	67	90
23	95	38
23	123	66
23	83	66
23	97	62
23	100	73
23	76	89
23	61	10
23	135	15
23	141	59
23	122	31
23	125	48
23	138	31
23	88	16
23	133	48
23	139	57
23	112	73
23	24	7
23	145	92
23	132	33
23	29	35
23	65	32
23	117	84
23	87	60
23	130	34
23	144	41
23	28	18
23	30	59
23	38	99
23	96	57
23	90	44
23	99	72
23	78	93
23	34	38
23	40	77
23	43	67
23	80	75
23	74	45
23	75	50
23	31	56
23	64	35
23	142	88
23	137	87
23	33	15
23	57	60
23	119	65
23	84	66
23	106	97
23	42	17
23	79	71
23	157	39
23	59	33
23	41	66
23	147	21
23	93	64
23	68	9
23	46	40
23	134	5
24	120	55
24	68	64
24	92	73
24	100	97
24	121	77
24	91	53
24	132	24
24	70	7
24	101	65
24	116	94
24	81	46
24	145	68
24	84	45
24	139	98
24	140	83
24	89	87
24	86	10
24	88	56
24	28	86
24	122	19
24	148	37
24	27	70
24	79	42
24	117	23
24	85	13
24	62	51
24	74	97
24	63	47
24	99	92
24	104	73
24	115	97
24	147	9
24	67	70
24	111	26
24	39	6
24	95	38
24	142	6
24	78	92
24	30	78
24	112	65
24	60	38
24	103	75
24	87	12
24	108	18
24	90	41
24	93	80
24	96	79
24	150	5
24	138	88
24	83	21
24	159	33
24	133	81
24	82	37
25	116	43
25	141	92
25	68	84
25	82	17
25	102	60
25	119	75
25	59	68
25	89	99
25	126	84
25	143	97
25	136	29
25	109	61
25	72	30
25	114	83
25	144	42
25	147	41
25	76	70
25	31	64
25	79	37
25	130	98
25	104	49
25	99	27
25	150	56
25	77	7
25	81	13
25	93	89
25	120	12
25	149	76
25	138	100
25	28	83
25	29	47
25	58	39
25	95	68
25	83	98
25	34	87
25	80	99
25	61	97
25	101	76
25	91	59
25	97	34
25	132	41
25	84	35
25	63	86
25	148	69
25	133	57
25	142	7
25	70	74
25	108	15
25	60	47
25	65	63
25	112	89
25	98	54
25	32	54
25	44	31
25	49	78
25	128	73
25	48	93
25	88	47
25	106	15
25	57	88
26	130	30
26	86	61
26	112	63
26	137	58
26	97	50
26	108	59
26	118	78
26	145	30
26	102	43
26	79	85
26	121	25
26	82	88
26	78	78
26	62	79
26	150	61
26	75	78
26	133	24
26	149	90
26	27	70
26	98	86
26	109	22
26	125	98
26	34	57
26	65	86
26	85	22
26	66	20
26	147	92
26	80	65
26	129	10
26	60	10
26	99	16
26	95	23
26	67	62
26	71	57
26	138	49
26	84	80
26	64	56
26	68	33
26	152	48
26	131	33
26	115	39
26	40	43
26	93	94
26	143	55
26	114	78
26	107	72
26	124	94
26	61	83
26	83	78
26	100	20
26	88	21
26	127	24
26	134	46
26	39	11
26	96	70
26	119	26
26	142	65
26	43	14
26	140	30
26	113	36
27	127	69
27	60	48
27	105	15
27	97	93
27	114	89
27	149	19
27	150	74
27	120	13
27	138	8
27	94	45
27	152	11
27	110	17
27	134	19
27	137	39
27	73	8
27	83	9
27	84	71
27	117	49
27	144	31
27	113	9
27	66	60
27	131	89
27	34	16
27	106	11
27	38	19
27	64	59
27	136	68
27	100	33
27	109	47
27	72	81
27	145	58
27	85	83
27	90	55
27	45	22
27	121	29
27	80	32
27	41	82
27	112	63
27	102	9
27	42	11
27	67	18
27	69	56
27	104	24
27	111	79
27	116	51
27	126	57
27	123	5
27	77	28
27	98	98
27	52	39
27	158	5
27	43	79
27	103	83
27	46	7
27	57	92
27	70	56
27	40	33
27	39	64
27	65	58
28	65	79
28	76	47
28	139	96
28	84	11
28	126	76
28	153	29
28	148	91
28	86	5
28	111	69
28	71	32
28	31	28
28	79	34
28	102	38
28	83	85
28	146	55
28	69	53
28	123	31
28	129	57
28	134	45
28	36	52
28	92	69
28	82	7
28	33	51
28	141	46
28	30	67
28	66	71
28	140	30
28	151	65
28	61	26
28	90	20
28	103	12
28	104	18
28	115	25
28	43	23
28	85	22
28	75	55
28	135	19
28	38	52
28	93	86
28	138	21
28	131	95
28	107	54
28	128	65
28	49	36
28	44	71
28	78	94
28	72	62
28	125	7
28	127	18
29	70	15
29	65	95
29	77	98
29	110	78
29	140	28
29	75	17
29	72	6
29	138	38
29	32	56
29	111	61
29	125	82
29	137	43
29	149	71
29	86	6
29	145	53
29	103	90
29	91	54
29	71	79
29	83	78
29	102	32
29	35	60
29	112	95
29	156	38
29	152	85
29	63	42
29	97	29
29	150	13
29	79	40
29	42	93
29	31	67
29	78	71
29	151	26
29	38	36
29	134	60
29	108	83
29	96	28
29	87	87
29	136	80
29	90	91
29	154	30
29	124	85
29	115	96
29	126	73
29	100	9
29	54	53
29	52	72
29	74	79
29	101	51
29	119	80
29	33	42
29	133	26
29	141	77
29	34	84
29	130	71
30	96	90
30	64	80
30	82	29
30	86	56
30	115	20
30	116	85
30	109	43
30	101	84
30	125	76
30	114	72
30	118	51
30	113	8
30	122	34
30	110	36
30	34	74
30	106	22
30	104	78
30	32	55
30	127	79
30	131	75
30	75	65
30	76	12
30	138	78
30	135	22
30	124	81
30	112	43
30	70	54
30	145	89
30	130	82
30	121	69
30	33	16
30	120	75
30	45	65
30	67	6
30	147	8
30	97	16
30	37	29
30	100	63
30	132	10
30	99	29
30	39	43
30	65	17
30	66	62
30	78	27
30	139	39
30	51	68
30	102	14
30	144	30
30	54	40
30	57	43
30	74	31
30	90	36
30	98	54
30	141	16
30	71	35
30	53	38
30	40	67
30	36	95
30	91	10
30	88	51
31	89	39
31	125	27
31	66	6
31	150	61
31	143	92
31	68	76
31	144	39
31	132	73
31	80	41
31	106	48
31	147	23
31	36	12
31	97	25
31	67	86
31	104	34
31	145	10
31	154	9
31	37	79
31	71	88
31	83	79
31	101	11
31	39	94
31	102	64
31	119	76
31	116	14
31	93	67
31	141	19
31	122	82
31	81	74
31	114	85
31	45	91
31	49	98
31	107	87
31	113	42
31	79	12
31	34	85
31	87	43
31	108	48
31	40	93
31	51	72
31	133	14
31	74	35
31	95	41
31	152	72
31	138	73
31	127	41
31	41	19
31	38	76
31	69	38
31	75	46
31	158	49
31	157	5
32	67	95
32	121	58
32	109	44
32	78	66
32	131	29
32	110	62
32	141	15
32	94	44
32	73	78
32	70	90
32	69	84
32	118	26
32	100	57
32	97	95
32	101	19
32	38	43
32	95	97
32	82	95
32	39	24
32	158	28
32	66	8
32	123	92
32	80	81
32	132	75
32	34	77
32	83	46
32	90	53
32	134	19
32	120	33
32	106	64
32	68	59
32	157	92
32	124	31
32	130	18
32	138	49
32	111	95
32	87	55
32	93	64
32	148	95
32	86	7
32	105	10
32	146	99
32	71	54
32	154	45
32	133	55
32	127	64
32	128	37
32	99	68
32	159	60
32	74	90
32	76	45
32	135	74
32	125	9
32	116	89
33	151	73
33	79	61
33	95	75
33	99	21
33	77	46
33	157	47
33	83	89
33	88	12
33	78	21
33	85	20
33	112	25
33	123	5
33	134	98
33	150	85
33	122	32
33	92	53
33	113	97
33	147	69
33	117	76
33	116	33
33	144	65
33	132	17
33	38	7
33	114	60
33	148	76
33	102	50
33	86	100
33	97	94
33	125	12
33	149	39
33	145	62
33	66	20
33	115	11
33	37	57
33	98	67
33	104	91
33	136	77
33	107	28
33	103	62
33	48	37
33	76	37
33	119	6
33	40	46
33	158	22
33	34	92
33	141	33
33	143	5
33	131	14
33	91	61
33	155	32
33	94	28
33	44	68
33	109	74
33	36	83
33	110	84
33	53	8
33	121	87
33	138	82
33	35	42
33	106	49
34	149	64
34	80	67
34	67	9
34	72	39
34	155	16
34	134	73
34	85	93
34	115	81
34	103	25
34	119	81
34	137	63
34	82	39
34	87	61
34	127	96
34	93	13
34	124	92
34	108	84
34	148	94
34	128	69
34	35	80
34	131	34
34	89	31
34	88	43
34	123	37
34	159	96
34	106	76
34	107	10
34	46	39
34	152	58
34	44	75
34	99	67
34	92	6
34	114	85
34	38	50
34	122	62
34	111	69
34	71	21
34	140	24
34	139	11
34	157	12
34	83	17
34	121	96
34	112	5
34	52	30
34	117	17
34	147	85
34	97	27
34	132	55
34	153	53
34	41	26
34	49	34
34	151	68
34	58	9
35	111	45
35	108	50
35	68	70
35	81	18
35	100	19
35	112	49
35	142	32
35	97	19
35	71	61
35	69	28
35	157	34
35	117	41
35	124	94
35	118	13
35	121	35
35	150	49
35	36	96
35	83	30
35	141	32
35	131	40
35	144	96
35	78	81
35	132	55
35	151	66
35	95	21
35	122	45
35	143	86
35	43	8
35	137	41
35	49	18
35	87	21
35	99	41
35	42	70
35	114	62
35	120	19
35	147	24
35	38	74
35	79	63
35	93	19
35	91	48
35	155	14
35	47	18
35	145	56
35	86	71
35	129	12
35	152	68
35	39	92
35	107	8
35	85	18
35	60	51
35	89	27
35	115	70
36	105	73
36	91	50
36	107	22
36	148	24
36	154	30
36	104	22
36	111	22
36	95	59
36	146	76
36	115	14
36	134	11
36	80	12
36	140	54
36	84	10
36	136	69
36	44	12
36	132	85
36	81	13
36	118	16
36	122	68
36	109	95
36	87	55
36	86	10
36	145	77
36	38	11
36	70	15
36	89	78
36	150	65
36	108	5
36	129	82
36	152	71
36	141	61
36	153	49
36	135	32
36	55	28
36	100	71
36	110	93
36	99	53
36	85	95
36	94	50
36	78	68
36	74	82
36	46	56
36	52	93
36	77	30
36	157	26
36	40	27
36	57	67
36	103	92
36	142	50
36	156	31
36	88	88
37	117	59
37	146	88
37	108	25
37	93	19
37	138	7
37	112	24
37	114	74
37	88	21
37	84	88
37	134	69
37	133	20
37	116	75
37	127	9
37	156	15
37	137	35
37	141	74
37	149	75
37	135	21
37	111	20
37	48	85
37	91	89
37	94	15
37	106	25
37	73	90
37	75	38
37	151	62
37	50	94
37	143	60
37	100	45
37	109	80
37	49	38
37	99	69
37	71	71
37	74	16
37	78	88
37	155	70
37	86	93
37	118	75
37	107	12
37	87	92
37	59	43
37	102	35
37	57	44
37	121	41
37	90	48
37	43	96
37	64	33
37	53	36
37	105	31
37	131	51
37	115	38
37	128	11
37	139	61
38	97	93
38	158	51
38	120	95
38	77	42
38	85	82
38	95	40
38	116	30
38	139	71
38	109	78
38	108	58
38	105	54
38	71	30
38	133	13
38	130	14
38	124	19
38	45	72
38	123	93
38	143	35
38	91	93
38	118	8
38	111	81
38	127	90
38	134	67
38	138	68
38	47	21
38	96	73
38	110	9
38	106	6
38	119	54
38	44	60
38	83	83
38	151	24
38	46	45
38	129	77
38	157	74
38	49	75
38	52	85
38	122	14
38	140	72
38	76	36
38	73	10
38	155	17
38	57	55
38	42	61
38	98	33
38	86	27
38	40	80
38	100	96
38	90	39
38	87	18
38	89	65
39	111	80
39	90	11
39	93	74
39	130	25
39	125	74
39	98	11
39	147	82
39	156	42
39	44	88
39	159	61
39	78	26
39	100	51
39	143	56
39	77	22
39	113	37
39	139	98
39	95	68
39	158	52
39	142	40
39	53	77
39	131	31
39	51	57
39	120	87
39	82	30
39	116	61
39	136	65
39	152	40
39	105	20
39	127	19
39	52	33
39	123	54
39	126	35
39	46	82
39	48	57
39	150	96
39	140	78
39	102	48
39	96	45
39	97	11
39	87	85
39	54	99
39	76	42
39	157	38
39	91	31
39	110	51
40	159	71
40	79	77
40	129	76
40	128	34
40	154	44
40	127	30
40	99	29
40	143	67
40	152	15
40	76	52
40	103	16
40	108	33
40	83	80
40	94	76
40	115	20
40	98	84
40	121	92
40	147	28
40	149	30
40	133	11
40	134	58
40	119	60
40	73	65
40	140	17
40	75	91
40	150	71
40	100	44
40	93	20
40	146	93
40	95	79
40	86	90
40	118	23
40	120	37
40	123	79
40	54	36
40	81	98
40	151	86
40	84	79
40	96	12
40	126	18
40	138	29
40	101	41
40	85	50
40	64	99
40	105	6
40	48	83
40	107	16
40	110	16
40	65	76
40	116	11
40	58	82
40	117	11
40	113	91
40	41	93
41	117	74
41	150	7
41	90	97
41	112	50
41	87	94
41	84	38
41	129	39
41	156	98
41	80	51
41	94	43
41	101	15
41	115	21
41	149	64
41	105	82
41	100	64
41	98	31
41	147	63
41	132	91
41	47	50
41	45	35
41	81	89
41	158	14
41	82	10
41	51	45
41	138	73
41	102	74
41	141	61
41	113	52
41	44	90
41	83	84
41	142	26
41	136	55
41	134	72
41	60	41
41	122	21
41	79	81
41	91	34
41	110	46
41	133	50
41	157	34
41	59	81
41	155	43
41	114	18
41	118	88
41	131	95
41	106	46
41	143	43
41	56	36
41	58	59
41	135	43
41	61	18
42	146	43
42	79	99
42	99	36
42	145	94
42	134	56
42	100	12
42	131	74
42	152	30
42	147	87
42	159	80
42	120	36
42	114	42
42	83	83
42	110	49
42	133	6
42	102	61
42	148	59
42	122	56
42	153	28
42	77	97
42	118	19
42	101	56
42	126	68
42	119	18
42	116	54
42	107	12
42	109	83
42	87	83
42	157	74
42	93	66
42	151	14
42	149	31
42	158	15
42	91	92
42	144	66
42	155	52
42	86	55
42	132	89
42	150	25
42	52	38
42	64	32
42	94	31
42	117	15
42	121	23
42	130	91
42	141	99
42	137	64
42	68	24
42	125	68
42	85	16
42	140	74
42	81	65
42	80	75
42	53	64
42	51	80
42	72	60
43	134	89
43	44	89
43	46	66
43	45	28
43	103	25
43	110	42
43	154	29
43	125	85
43	93	8
43	115	18
43	87	75
43	152	74
43	89	44
43	138	9
43	81	20
43	150	91
43	146	34
43	127	23
43	86	69
43	99	79
43	91	96
43	96	16
43	113	63
43	133	17
43	51	27
43	50	58
43	59	50
43	135	83
43	147	52
43	155	75
43	109	43
43	55	34
43	90	8
43	111	74
43	130	71
43	97	93
43	108	65
43	54	16
43	57	24
43	131	63
43	92	35
43	82	16
43	114	6
43	106	96
43	118	73
44	87	83
44	112	86
44	120	16
44	148	26
44	159	52
44	126	51
44	143	21
44	88	38
44	111	28
44	127	100
44	89	95
44	49	65
44	151	9
44	118	80
44	144	74
44	138	77
44	136	23
44	141	36
44	78	60
44	96	34
44	156	19
44	155	70
44	117	79
44	119	60
44	115	19
44	129	75
44	140	39
44	83	43
44	82	50
44	93	97
44	94	78
44	123	6
44	53	95
44	124	55
44	107	45
44	54	90
44	46	93
44	145	73
44	65	84
44	56	93
44	50	82
44	101	66
44	95	38
44	77	72
44	62	7
44	73	50
44	66	61
44	131	64
45	98	25
45	46	47
45	100	67
45	136	29
45	91	23
45	106	11
45	114	15
45	113	22
45	95	13
45	90	80
45	153	8
45	150	21
45	139	56
45	131	85
45	87	94
45	92	49
45	148	72
45	47	88
45	116	65
45	53	77
45	78	34
45	99	43
45	159	25
45	105	21
45	82	52
45	158	86
45	85	99
45	154	47
45	86	53
45	94	56
45	97	51
45	81	72
45	120	8
45	54	20
45	107	92
45	110	53
45	119	55
45	152	53
45	102	74
45	83	32
45	151	43
45	79	48
45	132	20
45	63	79
45	115	53
45	58	81
45	129	64
45	51	57
45	65	45
45	84	95
45	74	58
46	102	48
46	83	52
46	93	29
46	98	79
46	107	11
46	48	60
46	135	70
46	81	52
46	148	85
46	86	38
46	52	59
46	146	91
46	96	85
46	152	77
46	95	79
46	115	91
46	79	10
46	100	37
46	92	25
46	56	43
46	89	87
46	140	68
46	62	79
46	112	42
46	156	55
46	101	25
46	137	61
46	149	39
46	125	24
46	85	48
46	132	14
46	50	13
46	134	32
46	143	40
46	91	70
46	138	90
46	119	76
46	69	26
46	116	64
46	58	20
46	155	62
46	117	20
46	47	15
46	108	64
46	120	58
46	145	66
46	159	7
46	133	42
47	82	64
47	124	93
47	94	40
47	117	54
47	91	40
47	133	69
47	119	21
47	83	68
47	155	34
47	154	42
47	95	56
47	108	76
47	84	86
47	54	28
47	130	88
47	140	72
47	158	63
47	110	84
47	122	24
47	59	73
47	49	78
47	146	32
47	61	41
47	103	92
47	159	79
47	51	59
47	113	44
47	50	22
47	56	97
47	153	92
47	145	24
47	134	89
47	80	66
47	64	57
47	152	42
47	88	50
47	125	61
47	137	57
47	147	12
47	67	21
47	109	8
47	131	68
47	127	69
47	142	78
47	55	68
48	95	25
48	92	24
48	145	61
48	149	21
48	112	67
48	107	58
48	83	9
48	122	53
48	104	48
48	53	16
48	154	31
48	89	50
48	100	41
48	158	13
48	157	83
48	52	11
48	142	31
48	119	98
48	123	32
48	117	45
48	129	82
48	91	36
48	118	79
48	138	31
48	49	76
48	153	11
48	60	75
48	148	87
48	134	62
48	106	66
48	132	80
48	156	42
48	57	81
48	155	74
48	66	57
48	50	25
48	94	90
48	124	71
48	116	37
48	98	83
48	101	69
48	110	69
48	65	52
48	105	57
48	130	95
48	64	66
48	69	70
48	135	24
48	131	11
48	79	87
48	121	71
49	89	84
49	107	59
49	123	44
49	118	91
49	112	46
49	150	88
49	158	61
49	122	89
49	153	100
49	146	81
49	120	46
49	55	70
49	108	97
49	125	54
49	92	94
49	84	17
49	114	50
49	155	90
49	100	43
49	99	86
49	154	68
49	65	69
49	111	26
49	126	55
49	116	37
49	52	11
49	103	33
49	109	21
49	156	81
49	63	62
49	134	93
49	149	10
49	68	6
49	94	58
49	110	14
49	151	45
49	50	76
49	136	77
49	87	8
49	142	37
49	66	63
49	143	35
49	54	20
49	137	68
50	118	44
50	100	70
50	103	93
50	119	43
50	84	51
50	158	72
50	153	49
50	133	13
50	131	20
50	134	9
50	106	15
50	112	8
50	91	70
50	108	69
50	154	95
50	120	34
50	93	83
50	87	62
50	57	88
50	137	6
50	122	40
50	136	32
50	96	75
50	146	12
50	117	15
50	83	63
50	116	60
50	58	24
50	63	88
50	104	98
50	107	15
50	94	58
50	114	76
50	88	36
50	141	18
50	151	77
50	109	60
50	99	32
50	124	99
50	55	96
50	86	77
50	62	85
50	125	29
50	113	53
50	123	12
50	138	22
50	139	10
50	51	44
50	130	77
50	142	68
50	127	16
50	74	65
50	98	40
50	111	52
50	60	18
50	95	51
50	52	92
51	87	51
51	117	57
51	149	98
51	120	54
51	147	8
51	130	80
51	107	79
51	140	31
51	56	68
51	153	42
51	94	33
51	99	57
51	154	33
51	104	61
51	103	27
51	158	94
51	112	7
51	126	49
51	144	30
51	65	57
51	155	66
51	152	14
51	61	7
51	95	14
51	118	12
51	63	62
51	85	32
51	98	56
51	84	16
51	102	99
51	124	65
51	88	56
51	106	37
51	89	17
51	92	57
51	156	77
51	67	46
51	109	98
51	62	94
51	131	10
51	134	99
51	100	9
51	81	34
52	122	26
52	95	87
52	136	89
52	87	21
52	130	21
52	151	36
52	56	13
52	159	85
52	89	27
52	149	54
52	131	61
52	104	94
52	141	65
52	110	70
52	99	19
52	57	86
52	119	84
52	150	61
52	123	79
52	64	95
52	120	19
52	102	43
52	109	36
52	53	15
52	133	31
52	155	90
52	96	95
52	68	86
52	156	79
52	106	41
52	142	58
52	86	30
52	112	67
52	147	70
52	111	51
52	145	95
52	93	18
52	137	51
52	85	60
52	121	87
52	66	12
52	58	49
52	67	35
52	80	35
52	71	66
52	92	9
52	125	60
52	135	67
52	78	9
52	73	60
52	124	70
53	103	98
53	98	80
53	54	92
53	159	56
53	124	77
53	133	43
53	104	78
53	127	60
53	141	27
53	96	33
53	128	13
53	59	69
53	146	30
53	89	71
53	95	72
53	145	49
53	100	35
53	151	24
53	57	63
53	64	54
53	136	57
53	156	15
53	92	42
53	117	7
53	140	67
53	158	30
53	58	11
53	86	36
53	155	40
53	129	25
53	93	98
53	105	31
53	107	84
53	138	68
53	108	44
53	111	92
53	97	46
53	71	20
53	118	59
53	132	46
53	94	54
53	76	57
53	61	80
53	101	87
53	78	50
53	81	22
53	68	28
53	150	8
53	56	86
54	145	51
54	133	67
54	123	91
54	130	88
54	95	9
54	120	33
54	121	12
54	109	96
54	142	61
54	97	80
54	58	94
54	93	62
54	134	52
54	128	66
54	156	33
54	140	6
54	112	91
54	99	26
54	63	82
54	136	12
54	114	51
54	108	88
54	137	89
54	144	23
54	55	77
54	157	92
54	66	37
54	124	74
54	154	51
54	96	20
54	143	96
54	126	26
54	150	40
54	118	47
54	74	49
54	117	20
54	129	46
54	91	27
54	127	77
54	113	60
54	153	26
54	159	66
54	65	67
54	100	48
54	69	24
55	99	33
55	132	73
55	130	17
55	103	52
55	146	77
55	95	95
55	109	36
55	139	46
55	60	98
55	104	57
55	123	83
55	126	9
55	117	6
55	96	95
55	62	25
55	129	37
55	110	16
55	108	77
55	141	99
55	113	44
55	136	40
55	148	96
55	155	70
55	133	49
55	100	38
55	124	95
55	143	90
55	159	32
55	121	24
55	56	30
55	73	82
55	134	32
55	64	18
55	137	95
55	98	69
55	90	50
55	150	44
55	65	89
55	79	17
55	105	21
55	151	45
55	76	42
55	68	39
55	122	39
55	92	98
56	156	53
56	122	22
56	152	23
56	58	8
56	128	11
56	151	71
56	115	23
56	116	73
56	107	75
56	118	82
56	145	77
56	111	37
56	60	81
56	157	62
56	144	33
56	109	19
56	142	65
56	114	21
56	121	51
56	113	31
56	134	25
56	159	64
56	135	12
56	70	96
56	96	48
56	112	59
56	104	64
56	131	12
56	72	18
56	136	78
56	149	28
56	105	63
56	99	79
56	90	37
56	119	17
56	153	86
56	91	68
56	57	51
56	66	74
56	123	92
56	120	46
56	138	22
56	154	8
56	73	34
57	93	77
57	58	57
57	99	96
57	104	62
57	126	28
57	106	71
57	144	47
57	156	27
57	129	12
57	159	21
57	108	41
57	100	69
57	142	41
57	128	87
57	138	75
57	64	54
57	109	44
57	158	16
57	139	96
57	143	64
57	124	52
57	103	52
57	61	25
57	101	28
57	69	95
57	153	91
57	147	47
57	110	23
57	148	70
57	155	84
57	157	58
57	134	26
57	136	7
57	130	62
57	154	19
57	71	52
57	67	65
57	135	33
57	95	52
57	121	32
57	120	97
57	60	11
57	141	29
58	93	96
58	113	38
58	116	29
58	151	41
58	132	11
58	129	48
58	104	11
58	146	65
58	133	53
58	92	35
58	60	91
58	119	19
58	122	27
58	64	81
58	117	95
58	62	47
58	123	5
58	141	42
58	120	78
58	68	63
58	148	83
58	69	41
58	59	67
58	91	89
58	140	94
58	109	34
58	131	11
58	127	79
58	99	20
58	150	45
58	128	78
58	115	38
58	65	61
58	79	66
58	94	39
58	82	40
58	73	88
58	107	13
58	147	87
58	84	75
59	146	61
59	120	62
59	145	8
59	114	19
59	93	33
59	60	39
59	62	76
59	138	58
59	158	49
59	110	44
59	92	41
59	101	15
59	68	96
59	61	68
59	159	45
59	105	98
59	143	12
59	148	98
59	94	74
59	128	62
59	75	92
59	98	15
59	113	36
59	121	99
59	73	97
59	117	100
59	107	9
59	130	76
59	119	70
59	77	76
59	67	27
59	137	15
59	156	38
59	144	19
59	97	63
59	129	75
59	99	90
59	106	87
59	125	7
59	72	10
59	118	31
60	110	59
60	122	54
60	154	61
60	158	30
60	129	23
60	124	98
60	95	20
60	114	59
60	62	22
60	149	51
60	119	43
60	69	57
60	96	77
60	105	43
60	134	55
60	103	67
60	98	35
60	115	26
60	121	29
60	73	60
60	146	9
60	64	93
60	120	24
60	101	49
60	123	52
60	70	56
60	155	47
60	61	71
60	80	39
60	106	11
60	131	34
60	72	32
60	75	18
60	148	61
60	144	66
60	145	90
60	102	10
60	137	86
60	104	15
60	97	96
61	153	82
61	123	98
61	133	31
61	151	89
61	137	65
61	65	57
61	106	79
61	63	47
61	144	63
61	122	52
61	135	83
61	97	15
61	119	5
61	147	45
61	103	80
61	140	45
61	111	26
61	100	83
61	102	15
61	127	77
61	109	37
61	143	27
61	128	60
61	115	64
61	68	8
61	134	44
61	145	72
61	126	54
61	74	81
61	132	63
61	148	14
61	158	7
61	84	33
61	76	40
61	121	7
61	87	67
61	86	90
61	66	7
61	96	75
61	150	50
62	146	16
62	96	83
62	108	33
62	120	15
62	131	17
62	158	37
62	105	70
62	67	6
62	135	76
62	116	50
62	110	72
62	66	97
62	111	49
62	149	78
62	118	38
62	122	20
62	78	91
62	97	46
62	141	13
62	156	83
62	126	15
62	81	61
62	140	45
62	121	25
62	124	69
62	152	37
62	101	75
62	123	62
62	145	94
62	114	51
62	155	59
62	77	79
62	139	62
62	95	75
62	102	62
62	107	23
62	103	7
62	90	78
62	113	16
62	153	28
62	87	31
62	144	15
63	120	11
63	138	89
63	137	17
63	132	88
63	143	33
63	153	33
63	107	51
63	141	80
63	149	65
63	106	92
63	97	28
63	136	93
63	150	40
63	130	21
63	69	68
63	145	80
63	126	90
63	74	25
63	65	31
63	102	44
63	156	28
63	71	77
63	139	29
63	73	9
63	72	52
63	117	23
63	100	98
63	159	21
63	99	27
63	78	89
63	96	100
63	103	74
63	122	43
63	109	91
63	70	35
63	110	27
63	64	24
63	81	51
63	75	73
63	66	11
63	80	56
63	135	70
64	123	83
64	131	27
64	99	73
64	141	84
64	151	65
64	134	87
64	109	79
64	135	95
64	66	36
64	110	10
64	129	55
64	111	7
64	68	41
64	140	58
64	138	82
64	156	68
64	117	80
64	136	78
64	155	93
64	101	33
64	157	29
64	149	25
64	118	60
64	79	51
64	72	28
64	119	74
64	126	91
64	70	53
64	148	48
64	122	45
64	139	46
64	128	46
64	120	50
64	124	24
64	76	74
64	104	77
64	97	18
64	98	70
64	85	43
65	146	33
65	138	73
65	102	72
65	124	46
65	125	99
65	130	99
65	151	91
65	132	81
65	100	43
65	69	61
65	142	67
65	139	35
65	126	31
65	72	27
65	108	86
65	107	39
65	75	40
65	144	41
65	73	39
65	70	80
65	129	82
65	113	87
65	67	23
65	116	100
65	153	50
65	74	90
65	98	22
65	110	94
65	114	37
65	76	88
65	99	18
65	145	19
65	88	17
65	115	93
65	158	90
65	119	13
65	156	70
65	137	6
65	87	20
66	103	82
66	142	13
66	126	90
66	137	73
66	135	43
66	145	7
66	147	41
66	136	24
66	159	61
66	121	51
66	106	13
66	112	31
66	119	67
66	141	12
66	100	83
66	150	26
66	110	57
66	115	38
66	76	64
66	140	41
66	152	92
66	70	28
66	111	24
66	71	98
66	114	23
66	133	54
66	153	85
66	155	6
66	77	45
66	123	41
66	148	42
66	73	86
66	107	44
66	157	55
66	82	16
66	79	97
66	138	40
66	93	73
66	146	84
66	74	84
66	69	22
66	83	88
66	143	52
67	107	90
67	120	89
67	110	15
67	140	54
67	122	42
67	143	70
67	138	60
67	134	90
67	103	70
67	72	97
67	106	79
67	137	16
67	159	56
67	124	17
67	74	17
67	115	70
67	145	19
67	70	97
67	75	85
67	101	9
67	78	56
67	102	39
67	127	26
67	141	17
67	156	38
67	104	93
67	135	78
67	68	25
67	128	53
67	153	70
67	148	75
67	154	24
67	132	83
67	149	20
67	108	32
67	151	99
68	105	72
68	127	89
68	138	86
68	143	77
68	145	30
68	70	51
68	132	16
68	151	80
68	147	46
68	148	81
68	115	41
68	118	61
68	114	100
68	77	66
68	104	52
68	80	10
68	139	23
68	159	98
68	74	17
68	107	8
68	133	38
68	112	43
68	71	96
68	128	52
68	152	50
68	157	63
68	79	10
68	83	54
68	73	42
68	102	69
68	108	66
68	155	38
68	91	20
68	89	16
68	86	40
68	113	11
68	124	73
68	140	17
69	155	64
69	134	63
69	113	28
69	118	17
69	141	99
69	126	99
69	145	41
69	123	99
69	157	21
69	154	27
69	74	42
69	108	34
69	119	97
69	135	5
69	144	86
69	122	53
69	130	77
69	106	94
69	104	20
69	107	52
69	102	71
69	136	83
69	128	34
69	152	93
69	85	9
69	153	94
69	76	7
69	88	97
69	131	40
69	156	78
69	146	28
69	89	44
69	87	78
69	147	71
69	120	51
69	103	43
69	150	80
69	159	7
70	147	64
70	136	65
70	106	27
70	144	64
70	110	92
70	71	78
70	130	22
70	104	75
70	107	32
70	142	94
70	112	35
70	105	41
70	152	99
70	137	91
70	118	67
70	108	25
70	158	69
70	156	79
70	132	24
70	150	47
70	135	73
70	146	42
70	77	47
70	117	13
70	157	30
70	131	40
70	134	52
70	129	71
70	148	32
70	85	87
70	143	38
70	155	61
70	128	80
70	86	66
70	100	13
70	97	63
71	72	89
71	125	51
71	108	93
71	139	9
71	149	22
71	152	25
71	77	26
71	134	6
71	76	83
71	130	90
71	155	85
71	93	66
71	132	54
71	123	78
71	144	30
71	88	84
71	97	18
71	92	90
71	124	63
71	79	30
71	156	13
71	109	92
71	138	58
71	82	48
71	154	76
72	111	51
72	109	79
72	153	15
72	136	36
72	151	70
72	142	39
72	115	12
72	117	13
72	135	52
72	110	59
72	143	24
72	128	73
72	112	82
72	82	52
72	147	14
72	145	30
72	75	56
72	133	11
72	154	79
72	88	48
72	124	64
72	106	87
72	122	21
72	129	7
72	116	25
72	77	58
72	119	95
72	94	57
72	157	29
72	146	58
72	108	97
72	134	69
72	141	12
72	131	46
72	99	56
72	118	77
73	125	8
73	111	21
73	113	69
73	150	61
73	132	72
73	152	44
73	109	60
73	141	86
73	124	81
73	78	46
73	138	85
73	84	13
73	82	41
73	80	14
73	118	9
73	91	40
73	110	13
73	119	79
73	134	54
73	76	59
73	117	42
73	90	84
73	86	70
73	133	10
73	146	26
73	158	9
73	136	36
73	107	88
74	141	51
74	157	58
74	107	57
74	114	36
74	159	27
74	130	100
74	139	36
74	131	24
74	147	33
74	155	5
74	126	44
74	121	29
74	127	89
74	137	27
74	148	19
74	78	38
74	152	25
74	108	99
74	145	49
74	153	31
74	89	7
74	123	82
74	92	19
74	124	100
74	112	68
74	87	80
74	129	23
74	101	5
74	128	91
74	88	68
74	116	79
74	86	64
74	75	99
74	115	61
74	105	67
75	128	85
75	136	51
75	78	56
75	115	49
75	138	90
75	149	30
75	158	77
75	153	46
75	143	65
75	121	31
75	132	60
75	81	82
75	137	30
75	109	84
75	124	51
75	131	88
75	112	28
75	127	63
75	126	41
75	147	25
75	154	19
75	108	52
75	150	7
75	135	65
75	92	15
75	141	45
75	155	92
75	119	52
75	118	82
75	120	45
75	99	80
75	156	11
75	80	23
75	84	81
75	116	20
75	144	36
76	129	75
76	130	42
76	128	65
76	139	12
76	119	87
76	131	63
76	141	65
76	156	74
76	146	55
76	115	36
76	142	68
76	109	43
76	155	66
76	84	31
76	154	25
76	113	6
76	121	65
76	78	48
76	81	21
76	89	16
76	114	23
76	147	92
76	158	60
76	79	48
76	98	90
76	143	7
76	151	40
76	100	47
76	96	9
76	110	9
76	127	99
77	147	87
77	153	62
77	158	75
77	115	20
77	139	33
77	132	30
77	113	22
77	117	64
77	130	21
77	128	10
77	155	95
77	90	51
77	141	10
77	116	33
77	156	67
77	137	17
77	80	77
77	151	88
77	127	32
77	82	39
77	86	83
77	152	15
77	98	82
77	78	35
77	150	74
77	87	26
77	92	9
77	95	17
77	143	28
77	110	62
77	148	76
77	88	56
78	133	56
78	154	77
78	144	17
78	111	97
78	146	80
78	82	58
78	155	68
78	145	65
78	120	60
78	158	81
78	151	28
78	118	75
78	88	6
78	142	62
78	153	28
78	125	68
78	149	67
78	83	36
78	127	46
78	152	59
78	140	80
78	159	84
78	122	35
78	150	27
78	114	70
78	138	43
78	137	67
78	130	81
78	95	69
79	121	95
79	157	19
79	155	90
79	145	7
79	126	75
79	130	83
79	123	54
79	128	79
79	143	78
79	113	31
79	125	16
79	122	97
79	148	43
79	114	29
79	90	36
79	146	15
79	81	94
79	115	95
79	117	57
79	152	54
79	124	71
79	98	71
79	134	60
79	137	54
79	136	49
79	150	42
79	95	89
79	112	59
79	97	76
79	96	45
79	156	84
79	93	37
79	84	25
79	129	33
79	132	39
79	101	99
79	144	46
79	158	36
79	119	92
80	153	41
80	127	41
80	156	36
80	158	24
80	118	68
80	142	55
80	114	65
80	154	63
80	134	67
80	138	43
80	133	64
80	121	21
80	140	18
80	139	71
80	82	99
80	92	75
80	95	52
80	141	59
80	148	89
80	146	50
80	99	32
80	83	99
80	81	50
80	104	82
80	97	50
80	155	7
80	120	24
80	98	88
80	150	92
80	137	68
80	110	25
80	101	23
80	103	74
81	123	22
81	128	46
81	118	29
81	151	32
81	159	40
81	130	60
81	129	42
81	154	68
81	114	75
81	84	28
81	126	75
81	132	26
81	121	25
81	146	32
81	85	55
81	87	66
81	145	33
81	99	70
81	82	46
81	149	33
81	122	64
81	137	8
81	144	72
81	97	19
81	94	58
81	158	42
81	148	49
81	88	37
81	91	36
81	135	27
81	111	22
82	143	62
82	87	63
82	86	37
82	115	50
82	120	29
82	135	90
82	128	38
82	146	74
82	158	32
82	118	49
82	136	84
82	148	71
82	119	45
82	141	77
82	116	65
82	126	78
82	97	24
82	123	17
82	138	6
82	130	7
82	83	92
82	93	57
82	153	66
82	94	93
82	103	71
82	84	90
82	149	31
82	122	6
82	152	73
82	112	95
82	102	43
83	156	29
83	144	47
83	147	53
83	117	31
83	157	17
83	134	54
83	137	19
83	155	99
83	92	40
83	119	95
83	149	47
83	91	67
83	100	38
83	101	74
83	153	49
83	96	39
83	159	19
83	128	95
83	148	40
83	88	98
83	99	19
83	124	73
83	89	96
83	146	42
83	145	76
83	129	41
83	108	96
83	86	93
84	129	64
84	121	56
84	120	7
84	137	27
84	118	43
84	90	76
84	153	9
84	119	18
84	88	81
84	157	16
84	159	13
84	145	33
84	92	53
84	152	12
84	132	72
84	151	30
84	89	63
84	146	42
84	95	89
84	85	13
84	96	6
84	125	6
84	104	99
84	105	15
84	97	82
84	102	63
84	130	92
84	127	9
84	114	20
85	125	70
85	86	83
85	145	7
85	134	68
85	89	11
85	141	45
85	132	21
85	142	60
85	136	18
85	155	50
85	139	92
85	140	76
85	123	44
85	127	64
85	128	79
85	99	54
85	135	30
85	88	37
85	121	19
85	104	58
85	98	41
85	100	56
85	159	22
85	105	66
85	126	86
85	92	30
85	149	9
85	146	33
85	148	20
85	94	32
85	96	22
86	143	65
86	134	65
86	146	7
86	138	17
86	124	71
86	90	68
86	156	16
86	158	14
86	92	44
86	141	72
86	120	76
86	123	89
86	144	7
86	94	83
86	131	44
86	88	95
86	155	28
86	98	95
86	135	43
86	142	89
86	148	74
86	101	28
86	159	45
86	140	62
86	149	89
86	105	27
87	130	31
87	151	70
87	145	47
87	144	11
87	129	41
87	155	23
87	154	84
87	159	75
87	150	67
87	158	14
87	123	32
87	127	86
87	139	65
87	92	49
87	149	50
87	124	93
87	142	23
87	152	80
87	128	82
87	133	72
87	153	34
87	100	48
87	98	20
87	109	23
87	94	39
87	108	61
87	101	52
87	138	10
87	147	18
88	136	14
88	158	89
88	148	27
88	145	91
88	125	42
88	94	89
88	124	40
88	144	14
88	91	42
88	101	28
88	150	72
88	134	14
88	138	15
88	132	22
88	157	93
88	133	82
88	102	68
88	151	72
88	97	46
88	156	7
88	112	26
88	111	36
88	135	10
88	130	11
88	115	47
88	126	28
88	139	18
88	131	30
89	149	29
89	153	26
89	146	42
89	151	96
89	130	81
89	131	14
89	94	20
89	124	80
89	145	19
89	95	7
89	97	69
89	100	11
89	122	34
89	126	67
89	127	27
89	156	32
89	101	65
89	102	28
89	138	13
89	137	91
89	104	88
89	155	74
89	91	7
89	106	47
89	113	89
89	158	30
89	92	49
89	140	23
89	110	66
90	154	69
90	158	51
90	147	29
90	138	26
90	140	67
90	145	61
90	151	33
90	95	15
90	144	32
90	98	48
90	94	14
90	152	69
90	128	17
90	157	56
90	135	19
90	126	73
90	123	21
90	103	23
90	92	34
90	125	84
90	130	86
90	108	64
90	112	72
90	132	17
90	114	36
90	149	72
90	137	86
90	105	54
90	102	71
91	136	29
91	159	22
91	96	49
91	98	69
91	130	26
91	142	92
91	133	83
91	100	26
91	127	63
91	137	27
91	157	94
91	125	52
91	134	30
91	135	55
91	147	21
91	128	81
91	143	25
91	113	75
91	99	70
91	138	48
91	152	10
91	118	97
91	112	82
91	151	91
91	95	78
91	102	91
91	103	36
92	134	84
92	149	51
92	151	6
92	146	65
92	133	14
92	150	32
92	142	49
92	144	62
92	94	44
92	155	40
92	110	35
92	157	77
92	104	47
92	113	7
92	129	93
92	145	53
92	140	39
92	108	82
93	159	72
93	135	11
93	129	29
93	154	81
93	95	62
93	150	60
93	151	54
93	131	17
93	138	98
93	136	62
93	156	36
93	127	94
93	105	46
93	99	87
93	155	94
93	146	5
93	140	76
93	113	81
93	103	82
93	145	26
93	158	14
93	100	10
93	106	46
93	110	16
93	109	49
93	104	75
93	122	47
94	147	23
94	128	93
94	142	86
94	140	92
94	152	47
94	143	96
94	145	13
94	156	48
94	96	69
94	101	62
94	99	66
94	154	85
94	102	84
94	153	34
94	109	72
94	133	61
94	113	82
94	141	69
94	115	89
94	103	52
94	132	30
94	131	91
94	134	26
94	155	29
94	118	20
94	126	82
95	151	91
95	150	53
95	140	47
95	148	71
95	149	65
95	152	21
95	132	68
95	142	74
95	130	25
95	147	38
95	128	60
95	157	9
95	145	19
95	104	71
95	111	40
95	99	43
95	105	26
95	117	45
95	133	38
95	134	77
95	110	87
95	141	63
95	119	48
95	100	66
95	153	34
95	124	63
95	138	31
96	152	17
96	148	85
96	138	86
96	159	58
96	157	98
96	135	78
96	129	10
96	101	88
96	156	29
96	98	43
96	130	37
96	141	84
96	104	20
96	108	18
96	143	75
96	133	54
96	114	17
96	116	68
96	146	41
96	113	84
96	110	28
96	103	24
96	136	6
96	107	46
96	117	76
96	121	58
96	153	26
97	132	50
97	155	65
97	139	11
97	153	70
97	105	76
97	152	85
97	134	91
97	159	43
97	137	97
97	101	41
97	116	9
97	102	61
97	115	50
97	156	6
97	136	87
97	148	15
97	126	93
97	123	34
98	151	81
98	138	59
98	142	68
98	152	85
98	148	78
98	143	28
98	105	72
98	155	74
98	136	69
98	109	90
98	106	24
98	134	27
98	149	38
98	111	48
98	146	14
98	139	80
98	104	34
98	141	42
98	150	19
98	102	44
98	115	55
98	121	58
98	125	94
98	124	35
98	131	60
98	103	47
98	127	55
99	144	39
99	152	26
99	159	87
99	140	10
99	143	25
99	153	21
99	104	50
99	139	82
99	155	28
99	147	37
99	113	95
99	150	57
99	136	14
99	111	22
99	138	71
99	103	85
99	122	88
99	110	81
99	109	80
99	135	98
99	146	54
99	134	93
99	123	61
99	112	67
100	146	83
100	157	44
100	155	74
100	104	83
100	140	93
100	106	81
100	139	36
100	138	28
100	158	49
100	134	94
100	105	32
100	154	59
100	145	54
100	109	50
100	149	69
100	151	58
100	117	37
100	120	69
100	112	59
100	101	68
100	148	16
101	146	100
101	135	35
101	139	64
101	142	66
101	159	19
101	150	28
101	108	41
101	157	44
101	153	83
101	113	90
101	104	10
101	136	74
101	140	26
101	112	66
101	141	55
101	158	80
101	116	51
101	154	83
101	115	15
101	156	17
101	126	86
101	103	37
101	109	57
102	158	36
102	139	32
102	104	66
102	103	80
102	145	14
102	138	75
102	141	13
102	137	47
102	144	69
102	157	6
102	150	81
102	124	89
102	127	53
102	125	31
102	152	82
102	108	67
102	114	94
103	154	20
103	147	34
103	155	88
103	149	61
103	105	74
103	104	84
103	108	35
103	151	85
103	157	38
103	114	37
103	117	86
103	110	68
103	139	19
103	146	96
103	115	62
103	138	77
103	106	66
103	141	83
103	128	42
103	112	40
103	140	51
103	118	92
103	109	13
104	109	76
104	146	30
104	150	12
104	145	46
104	113	60
104	137	23
104	142	69
104	143	16
104	138	27
104	140	16
104	117	27
104	124	56
104	139	28
104	111	96
104	158	39
104	125	64
104	110	41
104	121	99
104	116	28
105	157	30
105	144	40
105	149	73
105	139	84
105	155	56
105	113	26
105	109	96
105	122	53
105	153	27
105	123	70
105	146	22
105	150	14
105	117	47
105	118	29
105	138	81
105	148	24
105	110	99
105	106	53
105	107	94
105	120	12
105	134	78
105	119	46
106	156	15
106	107	48
106	151	55
106	109	80
106	117	46
106	152	37
106	148	39
106	145	7
106	118	36
106	119	92
106	139	34
106	150	68
106	115	99
106	123	17
106	114	38
106	121	47
106	127	47
106	149	13
106	140	64
106	143	31
107	159	93
107	148	19
107	153	81
107	111	80
107	114	75
107	143	62
107	155	43
107	109	72
107	157	72
107	116	38
107	112	16
107	110	11
107	126	98
107	123	68
107	120	86
107	129	86
107	158	21
107	117	68
107	145	85
108	110	39
108	152	78
108	149	21
108	156	87
108	143	6
108	159	15
108	113	61
108	122	11
108	142	82
108	145	81
108	141	29
108	116	98
108	121	29
108	130	30
109	151	58
109	154	82
109	146	95
109	115	75
109	112	20
109	152	6
109	116	81
109	143	88
109	149	95
109	150	39
109	110	11
109	155	57
109	119	89
109	133	79
109	137	67
109	114	93
109	131	79
109	113	48
109	132	17
109	111	76
110	150	31
110	111	74
110	146	71
110	114	39
110	116	95
110	159	14
110	143	58
110	153	67
110	156	12
110	154	69
110	125	86
110	112	67
110	127	53
110	134	35
110	126	6
110	128	56
110	137	74
110	135	44
110	133	52
110	158	69
110	152	92
111	144	56
111	152	14
111	147	89
111	155	94
111	117	10
111	118	60
111	150	61
111	156	22
111	114	88
111	113	51
111	159	28
111	145	95
111	128	27
111	126	38
111	115	81
111	158	74
111	136	99
111	130	31
112	150	46
112	149	19
112	122	68
112	158	23
112	115	71
112	113	70
112	157	85
112	151	16
112	116	94
112	125	26
112	117	49
112	135	67
112	145	10
112	159	88
112	114	97
112	148	20
112	146	64
113	156	88
113	154	26
113	155	70
113	151	30
113	153	20
113	147	39
113	150	52
113	121	37
113	116	17
113	125	14
113	124	75
113	135	63
113	158	9
113	130	26
113	115	60
113	129	43
113	131	21
114	117	86
114	151	37
114	147	30
114	153	50
114	150	15
114	120	6
114	131	77
114	115	56
114	148	98
114	126	37
114	152	77
114	132	80
115	122	91
115	148	8
115	158	99
115	124	43
115	123	87
115	150	38
115	117	19
115	149	41
115	144	88
115	137	15
115	157	32
116	117	23
116	152	69
116	158	25
116	124	18
116	119	24
116	126	41
116	127	51
116	118	32
116	134	9
116	137	80
116	122	47
116	133	63
116	140	60
116	154	75
117	122	92
117	128	7
117	150	22
117	159	92
117	124	24
117	119	34
117	154	79
117	137	20
117	153	24
117	131	7
117	123	73
117	129	68
117	157	6
117	148	45
117	139	80
118	152	18
118	153	89
118	128	93
118	159	19
118	120	11
118	129	18
118	134	75
118	127	68
118	121	78
118	131	48
118	157	8
118	141	35
119	153	14
119	156	7
119	124	63
119	133	43
119	157	89
119	159	65
119	155	52
119	141	60
120	124	64
120	156	51
120	158	91
120	122	27
120	132	87
120	130	50
120	159	51
120	141	68
120	123	30
120	135	32
120	129	65
120	147	95
120	136	16
120	126	74
120	154	46
121	129	76
121	123	36
121	130	67
121	122	27
121	156	78
121	139	97
121	142	26
121	131	54
121	138	59
121	148	36
121	127	25
122	128	40
122	124	52
122	133	53
122	157	36
122	134	57
122	139	21
122	150	58
122	142	13
122	159	26
122	136	37
123	157	55
123	159	69
123	127	57
123	124	68
123	126	39
123	125	77
123	158	41
123	132	46
123	130	31
123	156	91
123	136	93
123	133	7
123	128	16
123	146	82
124	159	73
124	137	57
124	128	34
124	134	72
124	132	93
124	129	40
124	144	98
125	159	70
125	135	61
125	158	67
125	138	12
125	139	9
125	128	51
125	127	40
125	129	90
125	130	17
126	134	58
126	133	77
126	136	8
126	159	69
126	127	30
126	137	94
126	140	14
126	149	29
127	128	40
127	135	25
127	141	62
127	138	43
127	131	24
127	146	16
127	155	91
127	136	20
127	150	19
128	133	74
128	141	31
128	139	65
128	135	45
128	145	80
128	142	39
128	136	92
129	133	15
129	132	97
129	136	29
129	140	45
129	150	88
129	130	90
129	143	18
129	149	49
129	154	37
130	132	9
130	131	7
130	137	93
130	144	77
130	153	81
130	151	100
130	135	79
130	146	11
130	141	52
130	145	67
130	142	87
131	140	41
131	139	85
131	146	64
131	147	76
131	148	29
131	135	12
131	150	88
131	137	25
131	136	98
131	133	100
132	136	86
132	144	86
132	143	15
132	138	62
132	146	40
132	149	14
132	139	97
132	154	60
132	142	59
132	159	46
133	142	32
133	139	21
133	146	64
133	136	98
133	138	10
133	143	92
133	134	98
134	139	90
134	144	15
134	140	82
134	149	36
134	141	26
134	157	53
134	147	98
134	153	45
134	152	9
135	146	68
135	143	37
135	137	66
135	149	76
135	156	47
135	139	49
135	150	98
135	152	24
135	151	31
135	148	96
136	137	60
136	140	13
136	154	91
136	141	61
136	147	72
136	159	14
137	145	95
137	144	29
137	142	41
137	140	33
137	151	88
138	140	72
138	150	31
138	154	53
138	153	9
138	143	29
139	141	68
139	148	63
139	149	20
139	147	82
139	151	50
139	150	87
140	147	100
140	142	89
140	153	8
140	152	16
140	144	90
140	146	18
140	149	100
140	158	89
140	143	11
140	148	14
140	159	43
141	147	58
141	143	53
141	148	79
141	142	88
141	157	67
141	151	95
141	153	12
141	156	69
142	149	31
142	147	30
142	155	19
142	146	6
142	151	77
142	144	75
142	145	27
142	152	86
143	148	19
143	144	62
143	145	26
143	155	58
143	152	84
143	151	48
143	153	70
143	159	14
144	151	72
144	146	62
144	155	67
144	156	28
144	147	64
144	152	61
144	153	86
144	148	15
145	147	57
145	155	5
145	151	51
145	154	46
145	152	7
145	149	68
145	146	27
145	158	99
146	147	70
146	153	88
146	156	46
146	152	48
146	149	35
146	150	100
146	151	57
147	150	90
147	152	36
147	158	38
148	154	57
148	157	56
148	153	18
148	159	11
149	154	40
149	152	99
149	157	36
149	153	70
149	159	84
149	155	97
150	157	100
150	152	96
150	159	97
150	158	89
151	159	36
151	152	60
151	153	78
151	156	8
151	157	87
152	158	93
152	153	73
152	157	22
152	154	72
153	157	8
153	154	70
153	159	18
154	159	54
154	155	76
154	158	46
155	157	36
156	157	70
156	158	95
157	159	75
158	159	9
