NAME: W_SPARSE_180_54
n: 180
m: 4860
0	55	40
0	115	60
0	106	33
0	133	64
0	141	8
0	118	5
0	44	54
0	108	13
0	105	39
0	67	33
0	119	78
0	176	29
0	122	63
0	138	40
0	97	78
0	46	58
0	72	64
0	54	72
0	6	53
0	172	59
0	52	91
0	9	46
0	36	6
0	146	59
0	62	32
0	4	56
0	117	13
0	143	70
0	174	18
0	75	64
0	58	82
0	40	52
0	77	32
0	111	66
0	43	87
0	125	86
0	69	99
0	74	7
0	109	52
0	132	99
0	95	51
0	128	46
0	107	16
0	126	99
0	127	64
0	10	63
0	88	27
0	131	35
0	32	26
1	48	38
1	36	85
1	47	64
1	35	55
1	149	14
1	42	38
1	45	13
1	75	55
1	82	76
1	127	29
1	69	36
1	115	10
1	146	64
1	8	23
1	33	47
1	73	93
1	40	8
1	38	11
1	119	14
1	100	16
1	68	81
1	116	56
1	7	39
1	78	22
1	121	54
1	138	13
1	41	50
1	145	90
1	177	76
1	14	61
1	122	61
1	169	87
1	176	76
1	84	22
1	124	47
1	150	12
1	55	6
1	128	24
1	139	32
1	9	38
1	125	47
1	148	80
1	147	26
1	30	23
1	129	50
1	164	62
1	137	9
1	143	72
1	174	44
1	63	27
1	94	71
1	32	14
1	179	54
1	77	51
1	37	39
1	70	55
1	12	31
1	61	20
2	154	35
2	146	69
2	37	76
2	69	52
2	38	69
2	81	90
2	63	66
2	109	21
2	148	92
2	139	61
2	104	17
2	127	12
2	141	10
2	131	19
2	100	85
2	76	47
2	8	91
2	45	13
2	58	67
2	179	100
2	122	39
2	40	89
2	144	30
2	120	26
2	67	19
2	89	13
2	82	85
2	14	14
2	70	84
2	3	95
2	167	58
2	113	8
2	44	74
2	18	11
2	114	25
2	15	64
2	53	36
2	174	24
2	33	37
2	30	64
2	55	34
2	79	54
2	158	63
2	24	34
2	87	84
2	102	68
3	62	74
3	105	96
3	126	39
3	146	29
3	55	35
3	77	25
3	96	18
3	84	67
3	63	29
3	78	29
3	143	6
3	5	52
3	73	27
3	88	32
3	100	41
3	155	94
3	124	76
3	144	7
3	150	95
3	68	42
3	109	7
3	116	99
3	31	7
3	137	6
3	35	83
3	97	83
3	104	78
3	9	62
3	69	66
3	108	68
3	138	91
3	153	69
3	131	83
3	71	62
3	13	84
3	135	19
3	51	27
3	93	82
3	24	47
3	166	77
3	133	63
3	72	61
3	79	71
3	110	39
3	145	83
3	89	18
3	40	8
3	82	12
3	107	50
3	121	64
3	60	85
3	147	21
4	151	18
4	97	37
4	128	84
4	148	86
4	39	72
4	83	65
4	130	100
4	144	23
4	46	60
4	72	89
4	44	29
4	92	70
4	113	60
4	143	27
4	67	33
4	79	91
4	64	21
4	10	14
4	34	42
4	42	48
4	155	81
4	35	53
4	71	33
4	63	78
4	69	34
4	88	83
4	93	85
4	142	44
4	16	83
4	8	67
4	149	23
4	84	39
4	36	14
4	75	37
4	100	83
4	81	82
4	98	48
4	38	67
4	99	41
4	40	90
4	22	75
4	150	80
4	33	68
4	121	98
4	164	60
4	132	99
4	107	58
4	131	69
4	23	13
4	13	19
4	37	90
4	166	13
4	51	88
4	125	26
4	18	6
4	86	8
4	101	52
5	95	9
5	74	19
5	130	97
5	83	44
5	100	91
5	121	69
5	88	13
5	51	15
5	87	18
5	138	55
5	97	65
5	106	21
5	142	52
5	123	91
5	10	24
5	33	22
5	59	7
5	48	26
5	86	30
5	150	45
5	127	11
5	47	19
5	137	37
5	63	10
5	105	39
5	81	70
5	67	92
5	80	69
5	134	44
5	60	48
5	15	67
5	20	17
5	144	18
5	172	24
5	85	54
5	75	21
5	45	79
5	136	65
5	72	45
5	76	53
5	78	58
5	154	53
5	145	25
5	37	82
5	42	65
5	69	9
5	112	30
5	117	40
5	17	37
5	24	77
5	61	39
5	77	97
5	165	58
5	66	16
5	157	94
5	53	28
5	177	41
5	91	85
5	35	65
5	119	15
6	152	30
6	133	74
6	146	79
6	59	48
6	145	11
6	52	33
6	131	31
6	86	70
6	119	16
6	137	55
6	138	27
6	77	15
6	53	53
6	158	11
6	115	21
6	70	39
6	135	54
6	143	62
6	156	53
6	7	90
6	80	96
6	12	26
6	94	47
6	113	41
6	90	13
6	130	28
6	132	74
6	177	24
6	8	51
6	21	44
6	50	58
6	104	9
6	140	75
6	118	32
6	120	55
6	75	18
6	38	27
6	151	25
6	24	90
6	42	68
6	121	53
6	25	48
6	44	69
6	54	75
6	87	58
6	100	60
6	129	73
6	49	89
6	117	30
6	110	9
7	66	65
7	74	39
7	79	15
7	121	77
7	77	25
7	58	70
7	106	29
7	73	41
7	156	95
7	81	52
7	83	86
7	123	6
7	69	58
7	49	6
7	144	89
7	142	16
7	124	64
7	40	85
7	84	44
7	18	83
7	38	53
7	126	96
7	135	40
7	86	93
7	119	17
7	93	50
7	21	62
7	151	85
7	61	19
7	16	66
7	85	94
7	104	47
7	97	14
7	169	17
7	78	33
7	167	76
7	125	59
7	52	81
7	57	58
7	54	72
7	96	84
7	56	22
7	114	81
7	112	78
7	179	63
7	67	82
7	158	65
7	12	50
7	60	94
8	77	9
8	142	40
8	73	28
8	131	27
8	11	37
8	64	82
8	123	55
8	41	67
8	79	43
8	86	71
8	127	44
8	62	61
8	47	97
8	55	9
8	132	44
8	144	66
8	17	28
8	109	95
8	19	94
8	140	8
8	67	64
8	135	35
8	125	82
8	96	64
8	84	58
8	93	46
8	72	33
8	113	85
8	118	76
8	50	31
8	85	26
8	78	54
8	110	79
8	15	98
8	139	68
8	75	53
8	159	25
8	141	56
8	24	73
8	173	56
8	92	6
8	98	55
8	90	79
8	175	44
8	176	58
8	165	33
8	150	25
8	114	87
9	45	88
9	63	60
9	37	98
9	130	33
9	64	51
9	85	18
9	83	41
9	132	49
9	156	99
9	70	13
9	52	67
9	61	17
9	107	34
9	110	14
9	44	42
9	126	11
9	160	8
9	98	41
9	140	61
9	79	21
9	129	25
9	111	69
9	50	40
9	152	23
9	159	60
9	49	7
9	150	99
9	151	6
9	153	52
9	145	80
9	40	36
9	178	74
9	72	23
9	93	94
9	121	61
9	128	77
9	104	87
9	43	31
9	133	17
9	172	51
9	177	23
9	55	48
9	38	28
9	26	13
9	47	73
9	73	40
9	41	95
9	59	85
9	143	36
9	76	76
9	155	72
9	62	12
10	83	23
10	152	56
10	144	97
10	68	80
10	137	45
10	151	69
10	99	43
10	62	68
10	84	11
10	158	17
10	116	54
10	157	98
10	160	26
10	146	13
10	80	50
10	17	32
10	100	59
10	92	71
10	85	77
10	38	76
10	103	13
10	46	88
10	101	96
10	159	13
10	18	46
10	145	84
10	61	63
10	142	10
10	97	98
10	24	53
10	41	36
10	150	44
10	63	75
10	66	96
10	71	93
10	127	52
10	177	24
10	69	16
10	134	6
10	53	95
10	11	20
10	79	29
10	67	40
10	123	94
10	107	82
10	147	8
10	106	50
10	155	55
10	128	14
10	44	48
10	129	20
10	162	60
10	72	58
10	109	93
10	65	46
10	156	45
10	174	99
10	56	63
10	178	53
11	42	84
11	41	19
11	81	20
11	160	98
11	89	47
11	63	53
11	62	96
11	125	45
11	56	87
11	83	73
11	12	61
11	112	71
11	148	68
11	72	69
11	46	42
11	149	15
11	54	52
11	121	62
11	131	21
11	67	60
11	39	62
11	143	15
11	78	38
11	74	84
11	95	19
11	139	42
11	136	25
11	16	88
11	66	66
11	71	49
11	75	97
11	151	57
11	153	62
11	80	6
11	96	98
11	157	34
11	175	54
11	161	25
11	19	65
11	44	71
11	91	63
11	150	51
11	99	77
11	17	15
11	111	16
11	87	10
11	57	63
11	101	66
11	171	74
11	116	56
11	27	72
12	136	53
12	100	76
12	142	98
12	92	38
12	109	66
12	87	12
12	112	51
12	163	26
12	47	85
12	78	26
12	153	60
12	13	74
12	75	28
12	107	11
12	77	17
12	56	37
12	74	61
12	80	24
12	140	36
12	61	68
12	41	88
12	90	99
12	113	23
12	68	82
12	50	12
12	157	39
12	21	43
12	115	65
12	120	44
12	141	26
12	124	96
12	105	94
12	23	93
12	117	59
12	134	77
12	147	32
12	83	46
12	119	57
12	148	35
12	103	92
12	24	56
12	46	88
12	71	25
12	22	75
12	34	9
12	175	28
12	73	65
12	19	51
12	138	50
12	55	30
12	79	67
12	25	31
12	70	48
13	94	48
13	70	46
13	125	78
13	142	69
13	159	54
13	121	80
13	72	29
13	49	72
13	153	51
13	120	17
13	148	35
13	122	73
13	135	70
13	106	7
13	114	57
13	88	99
13	54	5
13	57	29
13	92	47
13	87	43
13	127	83
13	136	83
13	20	68
13	25	19
13	164	93
13	44	17
13	128	61
13	65	50
13	26	25
13	64	23
13	137	94
13	104	98
13	117	57
13	29	16
13	68	27
13	118	36
13	139	94
13	75	6
13	145	68
13	76	87
13	126	38
13	134	61
13	158	84
13	15	17
13	116	54
13	46	95
13	108	16
13	175	64
13	22	40
13	174	56
13	28	40
14	89	43
14	86	9
14	131	65
14	78	72
14	49	41
14	99	10
14	79	96
14	66	72
14	50	55
14	140	56
14	80	36
14	147	25
14	133	25
14	98	61
14	130	13
14	110	35
14	112	32
14	115	99
14	138	76
14	77	62
14	137	62
14	143	100
14	60	40
14	74	87
14	52	9
14	55	35
14	116	17
14	72	60
14	63	93
14	113	69
14	165	43
14	163	72
14	90	69
14	88	28
14	92	30
14	152	53
14	151	32
14	95	58
14	111	6
14	177	59
14	132	88
14	21	37
14	178	79
14	176	82
14	117	67
14	124	19
14	114	50
14	76	25
14	144	50
14	161	11
14	158	91
14	127	51
14	69	97
14	155	61
14	87	53
14	94	27
14	118	45
14	125	55
15	90	69
15	45	7
15	163	70
15	66	24
15	74	62
15	140	87
15	165	45
15	118	6
15	60	29
15	89	77
15	117	51
15	144	37
15	50	16
15	114	29
15	121	21
15	54	96
15	80	91
15	72	44
15	160	86
15	108	90
15	122	12
15	139	92
15	17	73
15	99	68
15	133	73
15	159	46
15	157	7
15	44	23
15	128	94
15	75	27
15	87	23
15	103	91
15	28	65
15	48	8
15	131	87
15	148	14
15	16	61
15	85	60
15	176	59
15	101	82
15	49	47
15	109	48
15	137	8
15	147	69
15	134	78
15	119	66
15	31	47
16	91	34
16	86	22
16	118	32
16	144	81
16	60	29
16	66	92
16	72	41
16	93	75
16	71	89
16	151	12
16	107	40
16	50	53
16	80	28
16	97	64
16	139	82
16	76	18
16	19	57
16	92	46
16	106	11
16	138	65
16	79	53
16	83	6
16	105	62
16	157	70
16	74	60
16	132	89
16	58	69
16	154	45
16	129	62
16	67	57
16	27	76
16	28	18
16	94	99
16	70	53
16	53	79
16	166	47
16	26	94
16	161	31
16	103	93
16	32	86
16	108	9
16	23	18
16	125	41
16	65	22
16	145	74
17	156	65
17	48	27
17	126	28
17	80	75
17	103	60
17	101	39
17	64	97
17	141	76
17	123	97
17	83	22
17	120	69
17	46	79
17	132	56
17	163	53
17	93	31
17	94	78
17	78	87
17	100	75
17	24	26
17	29	69
17	57	55
17	162	63
17	96	77
17	136	18
17	52	65
17	86	99
17	31	46
17	81	67
17	26	87
17	139	64
17	75	100
17	150	64
17	178	43
17	33	88
17	68	71
17	76	58
17	146	77
17	87	47
17	54	62
17	102	15
17	151	40
17	158	8
17	177	47
18	130	23
18	89	64
18	93	17
18	94	44
18	126	88
18	72	31
18	154	29
18	110	25
18	157	63
18	168	70
18	109	33
18	147	54
18	117	56
18	62	10
18	123	42
18	52	13
18	108	90
18	107	42
18	73	82
18	78	28
18	102	95
18	60	24
18	146	86
18	143	93
18	129	86
18	103	39
18	54	90
18	98	99
18	121	67
18	22	95
18	128	85
18	159	35
18	21	73
18	26	29
18	36	12
18	64	79
18	91	85
18	38	72
18	53	37
18	150	26
18	19	40
18	48	23
18	50	50
18	165	26
18	169	74
18	160	59
18	134	84
18	80	20
18	127	32
19	94	13
19	148	87
19	67	33
19	159	52
19	72	8
19	111	89
19	149	82
19	129	20
19	100	49
19	113	60
19	124	89
19	91	50
19	114	44
19	70	17
19	126	80
19	143	37
19	76	83
19	99	17
19	109	32
19	163	72
19	83	77
19	147	43
19	49	38
19	60	13
19	118	89
19	53	88
19	154	28
19	151	14
19	63	97
19	157	41
19	106	54
19	168	10
19	25	98
19	93	13
19	108	81
19	120	54
19	160	37
19	48	72
19	171	31
19	138	36
19	39	14
19	176	8
19	35	10
19	170	41
19	116	42
19	96	86
19	54	93
19	150	14
20	96	64
20	131	26
20	142	56
20	48	66
20	143	40
20	111	63
20	63	14
20	87	41
20	22	16
20	141	67
20	27	26
20	67	36
20	168	40
20	77	82
20	81	33
20	93	66
20	71	32
20	76	69
20	148	19
20	119	55
20	28	53
20	101	95
20	29	62
20	23	51
20	117	67
20	163	60
20	64	46
20	30	26
20	137	60
20	24	78
20	34	10
20	165	25
20	92	37
20	25	17
20	58	5
20	35	76
20	144	59
20	147	21
20	114	75
20	49	65
20	57	11
20	80	42
20	85	58
20	151	71
20	149	74
20	53	41
20	157	31
20	160	98
21	116	34
21	66	49
21	73	64
21	110	39
21	117	92
21	127	15
21	105	57
21	113	67
21	156	14
21	159	32
21	76	88
21	173	85
21	170	98
21	95	75
21	98	9
21	167	7
21	94	77
21	134	15
21	141	52
21	122	10
21	56	59
21	137	55
21	75	43
21	69	44
21	123	60
21	149	5
21	115	26
21	142	47
21	54	16
21	150	60
21	62	61
21	140	11
21	143	62
21	53	78
21	118	22
21	119	25
21	59	63
21	102	39
21	36	43
21	30	34
21	145	60
21	60	34
21	70	78
21	29	99
21	72	72
21	46	20
21	171	49
21	177	48
22	166	30
22	54	7
22	56	25
22	66	84
22	109	99
22	86	37
22	117	89
22	122	36
22	67	14
22	159	42
22	162	85
22	115	10
22	103	21
22	65	44
22	116	30
22	69	75
22	172	71
22	105	43
22	143	68
22	173	65
22	24	70
22	107	7
22	119	7
22	123	71
22	59	70
22	169	30
22	142	55
22	130	55
22	25	82
22	37	27
22	153	6
22	53	32
22	170	89
22	51	76
22	111	45
22	31	20
22	27	28
22	90	96
22	73	66
22	92	98
22	133	71
22	156	53
22	91	86
22	110	21
22	167	87
22	145	98
22	81	17
22	102	84
22	28	9
23	64	91
23	57	47
23	143	12
23	89	81
23	136	38
23	162	30
23	153	35
23	26	17
23	175	70
23	131	23
23	103	35
23	76	11
23	124	11
23	163	44
23	115	45
23	133	30
23	93	40
23	135	48
23	127	18
23	95	78
23	28	41
23	90	35
23	114	24
23	156	55
23	149	21
23	164	34
23	84	35
23	170	71
23	97	11
23	36	70
23	160	16
23	91	59
23	105	74
23	130	64
23	27	6
23	152	8
23	39	86
23	30	86
23	178	35
23	59	97
23	88	54
23	92	46
23	33	91
24	165	76
24	148	93
24	66	8
24	26	57
24	114	87
24	84	95
24	112	44
24	89	29
24	167	93
24	113	53
24	62	40
24	97	17
24	57	51
24	70	10
24	105	54
24	146	51
24	152	44
24	156	10
24	59	96
24	151	40
24	121	36
24	64	90
24	139	81
24	79	35
24	131	57
24	102	26
24	119	13
24	83	24
24	81	73
24	93	84
24	116	56
24	157	72
24	77	95
24	44	44
24	149	11
24	115	75
24	85	6
24	33	36
24	176	93
24	108	44
24	130	84
24	61	64
24	162	13
25	124	18
25	84	83
25	60	36
25	64	59
25	158	12
25	97	33
25	120	51
25	29	51
25	175	22
25	150	97
25	116	28
25	89	38
25	118	28
25	123	66
25	115	70
25	161	97
25	137	15
25	160	40
25	91	35
25	74	45
25	144	58
25	132	5
25	33	53
25	54	29
25	98	74
25	173	80
25	77	7
25	133	36
25	136	46
25	112	100
25	168	82
25	70	98
25	32	94
25	111	61
25	86	57
25	130	51
25	134	50
25	67	19
25	44	11
25	43	40
25	138	72
25	129	39
25	48	36
25	114	71
25	30	69
25	142	96
25	152	12
25	174	33
25	96	16
26	113	93
26	170	16
26	158	68
26	78	50
26	65	78
26	167	78
26	77	65
26	28	16
26	125	33
26	99	46
26	71	63
26	93	31
26	30	16
26	146	98
26	154	20
26	138	81
26	97	45
26	88	65
26	63	17
26	176	57
26	171	47
26	76	91
26	114	72
26	60	11
26	40	88
26	123	24
26	128	50
26	79	61
26	142	61
26	36	71
26	39	70
26	85	70
26	90	76
26	94	70
26	107	77
26	169	14
26	161	11
26	129	17
26	105	45
26	177	91
26	72	70
26	112	70
26	89	53
26	178	60
27	158	11
27	56	47
27	135	66
27	147	87
27	117	87
27	55	34
27	75	88
27	57	96
27	63	20
27	133	30
27	151	74
27	88	80
27	143	64
27	101	39
27	174	15
27	95	87
27	129	92
27	164	63
27	96	85
27	31	55
27	139	98
27	80	53
27	173	70
27	35	63
27	155	19
27	65	80
27	84	83
27	67	86
27	112	59
27	154	89
27	142	36
27	94	23
27	172	79
27	78	51
27	70	71
27	71	22
27	122	16
27	115	27
27	125	49
27	90	27
27	107	24
27	157	22
27	59	26
27	160	40
27	149	94
27	136	27
27	178	63
27	42	73
27	104	11
27	153	44
28	93	87
28	29	58
28	77	38
28	74	79
28	176	61
28	151	47
28	121	92
28	123	62
28	72	45
28	125	54
28	101	52
28	148	22
28	130	74
28	95	79
28	97	89
28	122	86
28	166	98
28	160	94
28	82	15
28	85	57
28	116	19
28	142	62
28	154	47
28	171	55
28	65	90
28	56	74
28	155	72
28	175	91
28	108	94
28	106	39
28	33	42
28	107	46
28	162	87
28	127	32
28	104	6
28	146	58
28	179	62
28	83	48
28	61	76
28	63	46
28	70	80
28	43	59
28	86	32
28	35	11
29	150	60
29	96	25
29	98	74
29	114	29
29	97	66
29	140	47
29	147	61
29	148	93
29	120	94
29	77	15
29	158	71
29	171	81
29	156	96
29	88	51
29	144	80
29	61	78
29	134	63
29	80	13
29	66	95
29	164	91
29	109	93
29	106	76
29	168	30
29	90	20
29	74	69
29	99	34
29	124	92
29	170	41
29	118	66
29	91	59
29	101	81
29	105	99
29	165	36
29	85	21
29	175	76
29	70	21
29	116	86
29	169	39
29	86	14
29	79	44
29	178	49
29	152	72
29	108	84
29	132	62
29	115	98
29	64	21
29	92	92
29	42	9
29	55	69
29	71	9
29	155	52
30	133	21
30	151	28
30	105	94
30	79	52
30	91	48
30	145	81
30	138	50
30	94	67
30	144	13
30	110	84
30	88	52
30	113	88
30	83	62
30	117	68
30	69	68
30	124	10
30	39	77
30	174	90
30	123	63
30	38	82
30	37	51
30	99	97
30	149	22
30	165	71
30	104	41
30	153	11
30	167	93
30	125	39
30	78	5
30	156	95
30	162	36
30	141	32
30	129	56
30	131	23
30	178	85
30	76	60
30	64	45
30	82	46
30	106	94
30	157	14
30	115	75
30	80	68
30	47	15
30	77	34
30	132	41
30	71	15
30	60	64
30	84	52
30	48	86
31	138	33
31	176	67
31	151	43
31	75	89
31	156	86
31	67	50
31	97	95
31	166	13
31	91	42
31	144	67
31	169	56
31	80	8
31	133	97
31	104	54
31	112	31
31	152	92
31	167	68
31	105	37
31	59	84
31	159	61
31	142	24
31	94	46
31	95	35
31	140	49
31	109	79
31	179	64
31	115	79
31	89	18
31	64	21
31	125	44
31	46	6
31	68	22
31	102	48
31	35	51
31	49	61
31	157	19
31	149	84
31	127	26
31	62	35
31	43	93
31	170	10
31	137	73
31	61	98
31	92	61
31	72	93
31	86	66
31	171	20
31	160	93
31	150	18
32	160	64
32	103	40
32	150	34
32	148	15
32	63	56
32	119	69
32	115	27
32	93	28
32	98	56
32	178	23
32	142	20
32	176	91
32	110	26
32	95	99
32	128	94
32	155	78
32	69	59
32	105	57
32	82	98
32	94	78
32	34	74
32	41	50
32	123	60
32	72	22
32	135	43
32	152	99
32	126	51
32	167	24
32	35	86
32	96	33
32	45	37
32	76	77
32	161	75
32	164	90
32	99	92
32	66	70
32	165	31
32	158	82
32	40	13
32	104	40
32	86	39
32	107	6
32	125	20
32	129	5
32	53	50
32	78	50
33	147	6
33	85	98
33	99	96
33	115	23
33	120	25
33	144	84
33	128	10
33	124	45
33	102	47
33	136	46
33	163	15
33	63	55
33	78	72
33	94	44
33	169	83
33	100	18
33	172	42
33	104	97
33	143	37
33	74	77
33	126	57
33	36	48
33	156	9
33	176	6
33	129	29
33	70	42
33	103	58
33	119	52
33	170	95
33	81	98
33	131	22
33	34	89
33	92	81
33	123	9
33	42	93
33	111	95
33	130	91
33	132	50
33	64	35
33	108	83
33	178	23
33	139	60
33	159	74
33	175	98
33	65	16
33	162	55
33	107	66
33	97	89
33	86	46
33	138	53
33	90	12
33	165	26
33	49	98
33	68	42
34	170	18
34	145	37
34	93	51
34	117	57
34	178	67
34	35	84
34	141	24
34	73	96
34	155	53
34	36	89
34	79	80
34	84	85
34	164	47
34	131	32
34	150	26
34	151	100
34	168	74
34	148	8
34	128	37
34	114	51
34	129	43
34	172	37
34	174	50
34	90	32
34	173	23
34	156	58
34	69	17
34	37	58
34	72	26
34	40	77
34	162	39
34	103	92
34	74	66
34	153	30
34	87	20
34	96	29
34	104	25
34	54	54
34	106	5
34	64	62
34	146	62
34	85	44
34	176	84
34	44	27
35	63	7
35	153	18
35	165	15
35	102	25
35	174	85
35	88	74
35	132	22
35	99	16
35	68	37
35	75	97
35	76	49
35	121	64
35	96	6
35	94	23
35	87	79
35	170	87
35	156	56
35	118	63
35	139	64
35	145	93
35	84	31
35	105	95
35	168	85
35	89	89
35	98	86
35	110	92
35	125	38
35	164	23
35	41	92
35	176	99
35	104	18
35	124	18
35	72	94
35	79	48
35	108	38
35	38	64
35	179	68
35	46	49
35	149	79
35	83	92
35	40	88
35	52	42
35	113	35
35	115	69
35	166	49
35	81	6
35	162	36
35	173	12
35	126	6
35	77	33
36	144	100
36	79	81
36	91	9
36	126	28
36	155	15
36	174	81
36	173	36
36	153	32
36	89	82
36	105	18
36	132	73
36	139	72
36	151	63
36	67	75
36	116	72
36	72	6
36	87	88
36	78	75
36	71	18
36	40	5
36	136	80
36	96	86
36	68	28
36	81	84
36	98	94
36	148	42
36	101	18
36	43	51
36	106	39
36	169	21
36	120	30
36	179	21
36	109	84
36	69	80
36	44	62
36	97	43
36	167	97
36	48	65
36	66	29
36	162	61
36	47	95
36	108	32
36	127	90
36	58	8
36	77	66
36	86	10
36	115	19
36	152	41
37	86	38
37	143	11
37	175	63
37	74	51
37	71	31
37	110	84
37	128	15
37	66	54
37	65	60
37	178	48
37	82	73
37	108	64
37	133	14
37	136	41
37	164	21
37	94	35
37	158	17
37	90	86
37	135	80
37	96	65
37	139	40
37	156	67
37	106	10
37	127	9
37	121	91
37	80	100
37	75	77
37	150	30
37	171	28
37	147	10
37	152	96
37	160	95
37	169	94
37	50	41
37	102	43
37	141	7
37	134	20
37	58	45
37	142	25
37	54	78
37	103	56
37	154	43
37	72	57
37	144	91
37	56	97
38	96	9
38	117	18
38	158	89
38	177	97
38	114	56
38	156	79
38	112	26
38	142	75
38	153	34
38	75	97
38	90	46
38	68	35
38	173	92
38	130	23
38	43	68
38	122	31
38	154	31
38	107	39
38	124	33
38	145	41
38	47	42
38	143	84
38	132	37
38	87	23
38	147	80
38	128	73
38	166	70
38	53	72
38	55	84
38	98	96
38	140	57
38	39	78
38	84	17
38	141	91
38	137	12
38	95	85
38	172	70
38	81	62
38	103	83
38	123	10
38	170	58
38	67	74
38	73	56
38	127	17
38	97	98
38	135	55
38	110	81
38	151	33
38	59	22
39	67	43
39	109	97
39	169	89
39	117	14
39	98	90
39	114	95
39	82	73
39	149	35
39	95	31
39	138	77
39	80	97
39	129	56
39	135	59
39	137	87
39	170	59
39	104	51
39	105	79
39	93	62
39	150	71
39	101	5
39	107	56
39	176	47
39	124	28
39	72	14
39	155	30
39	174	44
39	76	51
39	164	71
39	51	61
39	79	12
39	121	55
39	102	33
39	152	40
39	154	41
39	103	14
39	42	94
39	57	57
39	116	43
39	142	11
39	74	31
39	85	21
39	173	6
39	175	94
39	113	11
40	104	88
40	71	15
40	118	74
40	129	35
40	172	83
40	147	95
40	143	96
40	117	84
40	96	19
40	154	54
40	179	86
40	146	23
40	173	10
40	74	32
40	119	68
40	109	68
40	45	11
40	127	69
40	175	29
40	97	33
40	107	69
40	51	48
40	130	25
40	120	61
40	99	16
40	75	83
40	144	51
40	88	55
40	166	24
40	169	47
40	86	17
40	48	73
40	89	68
40	157	6
40	42	31
40	145	42
40	123	60
40	77	81
40	150	74
40	125	57
40	134	17
40	156	47
40	83	19
40	72	71
40	57	63
40	132	54
40	62	71
40	76	28
40	81	53
40	92	87
40	160	21
41	74	72
41	131	97
41	148	12
41	173	78
41	163	27
41	153	40
41	166	81
41	168	85
41	145	59
41	85	61
41	97	77
41	120	85
41	164	72
41	105	60
41	113	37
41	165	86
41	122	44
41	111	19
41	126	52
41	147	10
41	51	81
41	89	40
41	73	13
41	98	29
41	118	38
41	172	24
41	77	94
41	142	97
41	90	55
41	129	43
41	138	73
41	75	67
41	158	78
41	128	68
41	81	94
41	177	27
41	149	15
41	116	52
41	57	85
42	94	24
42	103	61
42	171	61
42	120	14
42	161	90
42	150	90
42	112	13
42	155	64
42	154	65
42	47	38
42	125	99
42	137	87
42	136	70
42	72	23
42	177	67
42	77	54
42	82	66
42	119	39
42	143	67
42	101	27
42	131	20
42	85	15
42	178	18
42	45	34
42	100	36
42	129	72
42	126	30
42	70	68
42	148	65
42	102	57
42	73	64
42	89	24
42	88	41
42	48	18
42	87	57
42	139	33
42	80	30
42	140	99
42	116	79
42	117	10
42	118	31
42	63	60
43	121	56
43	179	62
43	147	22
43	92	83
43	122	74
43	123	70
43	71	36
43	77	78
43	80	73
43	102	72
43	126	22
43	138	28
43	118	54
43	108	50
43	45	54
43	156	72
43	135	22
43	76	67
43	161	32
43	79	34
43	49	57
43	112	21
43	87	71
43	47	33
43	120	6
43	153	11
43	158	99
43	178	27
43	44	32
43	110	33
43	54	48
43	83	13
43	86	65
43	127	41
43	117	42
43	160	88
43	176	50
43	85	18
43	115	70
43	100	30
43	103	74
43	168	61
43	155	88
43	72	21
43	61	90
43	119	42
43	170	24
43	52	64
43	64	47
43	104	7
43	164	75
43	57	47
43	84	51
44	116	86
44	78	64
44	133	41
44	172	85
44	127	5
44	46	42
44	177	84
44	74	23
44	104	15
44	179	36
44	167	62
44	134	15
44	159	94
44	76	52
44	107	83
44	108	72
44	86	33
44	47	15
44	128	82
44	174	59
44	178	86
44	163	86
44	105	15
44	113	85
44	58	19
44	49	100
44	79	29
44	102	72
44	120	11
44	126	91
44	164	12
44	169	99
44	151	54
44	123	88
44	124	78
44	118	57
44	83	35
45	79	49
45	96	78
45	144	18
45	104	48
45	75	94
45	48	92
45	139	58
45	133	72
45	90	13
45	173	45
45	106	77
45	152	17
45	102	23
45	98	29
45	146	53
45	46	45
45	91	68
45	122	23
45	119	55
45	89	52
45	143	66
45	124	18
45	125	8
45	142	77
45	81	41
45	114	45
45	121	50
45	92	17
45	166	64
45	101	67
45	154	13
45	118	77
45	73	62
45	107	37
45	63	99
45	145	94
45	149	85
45	110	31
45	93	23
45	60	32
45	179	11
45	84	40
45	156	76
45	74	65
46	123	78
46	90	45
46	82	31
46	160	36
46	154	6
46	115	44
46	178	56
46	86	89
46	128	14
46	129	70
46	89	53
46	162	8
46	104	78
46	79	6
46	132	29
46	144	61
46	138	95
46	136	96
46	88	73
46	114	77
46	80	71
46	109	51
46	173	81
46	83	48
46	49	66
46	50	62
46	125	10
46	174	25
46	51	91
46	140	29
46	95	62
46	130	41
46	133	26
46	122	9
46	54	6
46	126	19
46	85	45
46	57	34
46	164	62
46	118	49
46	105	10
46	106	24
46	108	36
47	107	51
47	112	31
47	142	9
47	151	40
47	117	34
47	143	7
47	80	88
47	105	69
47	83	74
47	90	10
47	166	37
47	77	17
47	122	94
47	91	40
47	145	28
47	57	93
47	58	95
47	162	49
47	179	90
47	110	59
47	147	86
47	52	37
47	93	51
47	113	43
47	141	80
47	165	73
47	76	38
47	87	61
47	103	40
47	129	22
47	99	33
47	54	71
47	51	40
47	138	51
47	155	79
47	123	84
47	132	72
47	153	59
47	98	67
47	56	70
47	119	69
47	171	26
47	160	20
48	176	14
48	121	55
48	86	31
48	99	88
48	179	55
48	127	7
48	164	86
48	105	88
48	146	40
48	152	67
48	166	14
48	157	44
48	153	15
48	95	61
48	156	71
48	132	52
48	96	34
48	165	92
48	177	86
48	52	67
48	178	52
48	174	15
48	83	12
48	98	56
48	77	91
48	129	84
48	158	65
48	88	99
48	100	36
48	123	16
48	110	86
48	128	21
48	104	33
48	51	92
48	159	21
48	175	87
48	167	36
48	85	90
49	127	62
49	101	91
49	88	51
49	111	49
49	146	13
49	160	27
49	176	9
49	102	90
49	168	51
49	154	22
49	81	98
49	166	92
49	85	24
49	122	25
49	143	8
49	178	89
49	109	26
49	131	85
49	140	32
49	136	53
49	142	62
49	144	24
49	62	21
49	149	8
49	90	41
49	174	66
49	128	29
49	78	84
49	123	57
49	120	55
49	82	99
49	139	22
49	167	47
49	79	36
49	64	56
49	67	66
49	55	97
49	113	7
49	58	60
49	177	83
50	158	24
50	162	73
50	132	94
50	124	90
50	99	8
50	128	20
50	157	14
50	146	53
50	133	16
50	150	55
50	140	88
50	52	30
50	121	99
50	85	92
50	125	14
50	88	68
50	114	98
50	164	6
50	102	66
50	111	29
50	115	58
50	167	48
50	62	80
50	117	31
50	149	81
50	154	37
50	153	85
50	81	48
50	141	51
50	144	88
50	143	98
50	105	81
50	172	33
50	137	32
50	104	87
50	69	84
50	177	20
50	59	51
50	175	98
50	56	48
50	57	5
50	145	15
50	176	34
50	123	99
50	127	17
50	106	25
50	70	36
50	87	19
51	173	34
51	141	59
51	118	75
51	96	94
51	176	54
51	97	21
51	146	59
51	126	84
51	129	92
51	113	71
51	154	72
51	177	40
51	156	22
51	147	93
51	103	82
51	106	48
51	55	35
51	174	26
51	114	9
51	167	41
51	101	53
51	56	90
51	130	87
51	63	52
51	64	12
51	123	50
51	133	47
51	84	92
51	170	57
51	134	43
51	87	7
51	125	10
51	53	83
51	100	24
51	107	14
51	54	52
51	159	56
51	57	79
51	58	7
51	61	5
52	159	34
52	136	19
52	153	66
52	117	25
52	93	46
52	176	61
52	111	12
52	161	43
52	178	69
52	174	80
52	124	100
52	126	29
52	162	25
52	175	23
52	125	58
52	59	59
52	83	70
52	120	90
52	99	72
52	94	94
52	128	44
52	56	52
52	107	15
52	144	98
52	58	20
52	109	97
52	171	96
52	82	34
52	92	6
52	140	5
52	179	77
52	84	38
52	112	73
52	67	40
52	156	84
52	135	34
52	85	19
52	89	69
52	98	51
52	167	85
52	166	75
52	131	26
52	60	32
52	150	14
52	170	65
53	143	9
53	94	59
53	130	94
53	135	34
53	160	81
53	164	24
53	147	35
53	127	71
53	54	51
53	104	81
53	149	98
53	167	69
53	150	99
53	170	21
53	126	20
53	85	95
53	105	84
53	111	81
53	55	7
53	93	51
53	173	82
53	100	51
53	124	64
53	81	44
53	168	32
53	125	32
53	155	20
53	121	45
53	158	66
53	92	44
53	163	67
53	112	26
53	72	75
53	152	64
53	98	8
53	97	88
53	148	6
54	82	34
54	88	65
54	154	17
54	135	53
54	162	52
54	137	38
54	153	86
54	156	61
54	163	48
54	120	35
54	179	70
54	115	5
54	114	28
54	56	68
54	93	25
54	99	65
54	95	33
54	149	69
54	98	89
54	86	64
54	151	94
54	177	38
54	124	36
54	62	32
54	69	84
54	90	38
54	130	83
54	178	94
54	94	36
54	110	75
54	65	64
54	106	98
54	171	72
54	72	87
54	64	21
55	106	33
55	144	86
55	150	27
55	125	34
55	91	39
55	137	52
55	104	60
55	60	34
55	123	46
55	162	47
55	102	26
55	128	67
55	145	24
55	161	98
55	174	10
55	172	55
55	62	29
55	111	53
55	105	7
55	170	39
55	138	39
55	168	8
55	136	49
55	66	64
55	69	18
55	167	94
55	140	13
55	116	16
55	147	97
55	173	71
55	171	36
55	156	7
55	124	69
55	75	99
55	121	90
55	83	62
55	159	11
55	58	54
56	157	85
56	102	36
56	166	38
56	117	71
56	109	13
56	93	70
56	150	61
56	91	93
56	136	56
56	133	86
56	108	81
56	86	18
56	172	18
56	147	58
56	59	79
56	66	39
56	67	91
56	64	63
56	123	26
56	178	50
56	135	26
56	155	32
56	138	94
56	101	21
56	131	75
56	84	27
56	141	58
56	58	16
56	70	50
56	175	73
56	111	32
56	134	37
56	127	59
56	143	29
56	154	7
56	103	7
56	73	79
56	60	71
56	75	78
57	103	8
57	95	55
57	129	63
57	135	66
57	174	19
57	117	29
57	123	78
57	59	15
57	58	35
57	173	97
57	118	96
57	137	83
57	97	17
57	65	45
57	167	83
57	108	45
57	61	57
57	124	26
57	121	60
57	107	8
57	116	21
57	168	28
57	164	80
57	90	12
57	125	38
57	72	18
57	155	44
57	106	71
57	71	13
57	146	20
58	89	31
58	122	74
58	179	80
58	128	65
58	95	77
58	140	85
58	108	92
58	103	53
58	152	42
58	93	83
58	131	10
58	115	29
58	142	65
58	143	72
58	113	82
58	121	87
58	116	18
58	64	49
58	139	87
58	127	43
58	160	68
58	87	23
58	88	99
58	156	82
58	148	70
58	149	62
58	164	54
58	130	51
58	135	49
58	172	18
58	159	31
58	171	29
58	129	40
58	167	57
58	102	63
58	90	16
58	158	22
58	60	31
58	175	99
58	120	90
58	170	25
59	136	74
59	97	62
59	172	33
59	143	16
59	106	98
59	127	80
59	92	77
59	175	47
59	118	79
59	94	6
59	179	30
59	65	61
59	68	32
59	141	61
59	101	49
59	103	27
59	153	87
59	168	91
59	149	36
59	111	86
59	178	35
59	169	18
59	150	10
59	128	42
59	129	42
59	138	22
59	154	82
59	116	75
59	166	98
59	107	38
59	61	96
59	95	13
59	72	100
59	114	16
59	122	96
59	98	58
59	80	73
59	137	11
59	79	68
59	113	45
59	159	72
60	147	89
60	106	72
60	144	12
60	153	71
60	102	99
60	177	95
60	139	63
60	123	89
60	175	68
60	146	26
60	94	6
60	89	23
60	156	75
60	142	67
60	115	39
60	155	11
60	179	93
60	131	42
60	164	58
60	173	24
60	126	92
60	67	48
60	116	21
60	97	25
60	110	51
60	178	82
60	95	33
60	163	98
60	133	61
60	127	22
60	66	47
60	130	96
60	69	93
60	128	15
60	125	30
60	150	52
61	108	9
61	172	89
61	110	52
61	145	44
61	167	60
61	102	29
61	63	93
61	161	44
61	122	8
61	170	69
61	65	43
61	155	64
61	125	65
61	148	12
61	121	10
61	116	43
61	119	85
61	177	52
61	143	77
61	162	41
61	174	50
61	131	57
61	89	5
61	90	23
61	160	8
61	115	7
61	127	69
61	66	49
61	73	26
61	176	28
61	91	65
61	163	62
61	129	41
61	74	64
61	111	84
61	169	17
61	107	74
62	141	50
62	145	95
62	128	88
62	119	20
62	121	27
62	174	99
62	105	25
62	66	38
62	109	93
62	164	91
62	122	23
62	68	47
62	158	31
62	152	55
62	140	90
62	96	84
62	94	57
62	113	79
62	169	65
62	134	92
62	69	73
62	100	30
62	120	7
62	135	54
62	108	100
62	73	93
62	93	25
62	149	98
62	177	57
62	147	39
62	138	51
62	84	33
62	156	43
62	67	72
62	86	57
62	85	12
62	90	43
63	101	99
63	102	70
63	147	83
63	103	9
63	167	82
63	99	46
63	149	49
63	170	72
63	123	28
63	121	23
63	141	46
63	93	72
63	145	18
63	65	8
63	125	73
63	156	22
63	150	86
63	76	54
63	107	32
63	157	52
63	172	22
63	95	56
63	127	49
63	96	38
63	67	33
63	80	67
63	91	34
63	168	64
63	130	79
63	124	17
63	131	28
63	169	36
63	69	15
63	100	67
63	144	61
63	166	31
63	148	19
63	66	37
63	112	18
63	89	82
63	82	96
64	149	7
64	136	24
64	96	23
64	116	25
64	145	75
64	95	17
64	173	15
64	115	35
64	169	62
64	92	62
64	148	69
64	65	53
64	122	94
64	74	77
64	135	100
64	114	46
64	66	11
64	175	7
64	108	51
64	133	84
64	109	32
64	141	73
64	67	73
64	82	36
64	112	34
64	120	89
64	100	65
64	128	48
64	152	65
64	165	93
64	150	66
64	69	45
64	97	78
64	161	99
65	173	57
65	176	37
65	129	47
65	179	60
65	116	34
65	140	5
65	112	57
65	149	26
65	168	42
65	115	83
65	73	93
65	152	88
65	155	33
65	171	19
65	141	66
65	125	67
65	68	62
65	95	79
65	124	65
65	131	89
65	132	30
65	106	23
65	135	69
65	138	15
65	178	84
65	117	45
65	105	28
65	144	6
65	146	23
65	83	54
65	156	64
65	137	52
65	157	57
65	86	66
65	128	58
65	136	67
65	166	43
65	79	79
65	123	28
66	114	82
66	125	62
66	147	9
66	123	31
66	166	93
66	119	97
66	97	91
66	110	86
66	103	98
66	177	20
66	156	77
66	67	91
66	160	30
66	173	62
66	70	14
66	144	32
66	148	27
66	98	52
66	101	18
66	154	59
66	168	12
66	116	89
66	179	77
66	113	14
66	99	70
66	96	10
66	142	82
66	118	85
66	122	77
66	143	18
66	71	19
66	108	71
66	72	41
66	141	35
66	171	7
66	127	11
66	162	18
66	167	67
66	106	55
66	117	83
67	126	94
67	132	65
67	134	17
67	144	18
67	177	58
67	158	98
67	106	40
67	149	17
67	139	12
67	124	11
67	168	65
67	175	90
67	179	19
67	160	34
67	75	21
67	176	67
67	155	30
67	95	22
67	131	16
67	122	88
67	72	69
67	140	83
67	170	17
67	97	81
67	167	98
67	136	50
67	88	80
67	101	60
67	117	29
67	94	75
68	119	67
68	158	30
68	145	72
68	102	8
68	135	60
68	132	36
68	107	98
68	159	90
68	124	36
68	98	13
68	71	21
68	73	40
68	146	71
68	97	37
68	157	90
68	147	73
68	140	69
68	167	52
68	79	68
68	110	79
68	152	48
68	118	51
68	154	98
68	101	72
68	126	59
68	171	14
68	149	58
68	169	10
68	128	58
68	176	20
68	163	41
68	89	100
69	151	50
69	106	73
69	141	70
69	129	51
69	116	57
69	143	78
69	128	56
69	132	76
69	147	42
69	125	53
69	144	78
69	176	40
69	74	92
69	122	16
69	157	47
69	172	17
69	78	85
69	79	17
69	104	26
69	105	39
69	114	54
69	136	54
69	159	83
69	73	49
69	177	8
69	169	24
69	133	55
69	170	9
69	158	44
69	140	71
69	130	21
69	156	16
69	167	30
69	75	71
69	166	11
69	174	79
70	101	41
70	151	60
70	159	67
70	116	43
70	121	55
70	129	77
70	170	66
70	109	92
70	156	32
70	158	24
70	148	40
70	119	43
70	117	23
70	72	78
70	134	18
70	102	54
70	122	19
70	157	36
70	111	60
70	123	96
70	99	44
70	83	33
70	82	36
70	162	94
70	174	57
70	153	34
70	131	78
70	92	35
70	114	34
70	137	71
70	81	53
70	166	16
71	166	72
71	125	41
71	123	70
71	119	93
71	109	82
71	105	19
71	100	23
71	106	22
71	112	16
71	134	16
71	162	89
71	82	81
71	116	65
71	131	18
71	158	5
71	150	17
71	160	59
71	148	15
71	169	88
71	165	87
71	74	34
71	136	82
71	143	54
71	103	77
71	163	59
71	154	100
71	108	59
71	175	47
71	170	21
71	155	49
71	174	62
71	152	53
71	126	64
71	156	68
71	88	96
72	140	79
72	102	34
72	124	33
72	103	67
72	141	17
72	175	92
72	151	6
72	147	96
72	166	16
72	170	39
72	118	49
72	176	55
72	126	66
72	114	64
72	79	78
72	129	40
72	149	84
72	155	70
72	138	7
72	150	65
72	125	91
72	137	34
72	178	48
72	117	54
72	162	55
72	122	72
72	161	94
72	165	63
72	74	35
72	82	89
73	123	9
73	113	54
73	118	31
73	76	90
73	165	93
73	152	13
73	74	12
73	146	23
73	148	96
73	154	11
73	172	47
73	77	12
73	125	53
73	124	57
73	122	30
73	142	83
73	156	29
73	162	86
73	128	21
73	139	24
73	147	39
73	170	44
73	88	38
73	92	41
73	109	56
73	137	73
73	176	73
73	86	50
73	130	86
73	178	23
73	117	76
73	104	59
73	96	69
73	141	37
73	95	38
73	106	21
74	119	82
74	165	78
74	148	45
74	139	29
74	105	23
74	122	55
74	103	71
74	162	12
74	79	27
74	160	84
74	157	94
74	131	98
74	140	88
74	80	37
74	102	13
74	116	7
74	144	66
74	152	53
74	172	83
74	175	55
74	155	33
74	163	82
74	150	87
74	179	95
74	137	14
74	124	27
74	108	14
74	173	76
74	95	90
74	92	5
74	146	8
74	120	87
74	133	94
74	171	35
74	153	18
74	164	20
74	129	94
75	142	60
75	134	55
75	154	50
75	152	60
75	163	12
75	171	59
75	104	37
75	124	94
75	109	99
75	131	71
75	165	46
75	173	26
75	147	55
75	125	75
75	143	29
75	90	64
75	128	71
75	112	83
75	140	92
75	158	70
75	170	18
75	145	74
75	157	35
75	116	43
75	177	17
75	162	9
75	99	40
75	120	75
75	175	92
75	83	20
75	133	75
76	173	79
76	119	50
76	178	49
76	131	49
76	79	29
76	114	58
76	174	83
76	156	6
76	166	40
76	169	13
76	77	46
76	130	69
76	86	37
76	122	38
76	84	77
76	110	66
76	87	32
76	176	82
76	153	17
76	171	59
76	91	60
76	149	82
76	165	55
76	167	14
76	98	60
76	115	55
76	146	40
76	137	15
77	117	77
77	140	91
77	174	33
77	105	8
77	79	91
77	166	16
77	173	50
77	139	100
77	159	60
77	122	68
77	123	28
77	132	25
77	121	63
77	118	46
77	144	97
77	106	48
77	85	31
77	112	25
77	160	86
77	161	10
77	165	91
77	167	11
77	152	10
77	136	5
77	90	53
77	129	38
77	81	27
77	114	57
77	153	30
77	150	20
77	164	22
77	142	55
78	179	96
78	168	61
78	111	14
78	137	28
78	155	36
78	81	19
78	141	37
78	148	36
78	114	76
78	122	53
78	133	39
78	126	77
78	176	97
78	109	77
78	145	14
78	147	39
78	174	48
78	175	87
78	139	91
78	121	44
78	110	36
78	161	13
78	96	87
78	108	82
78	154	78
78	171	7
78	92	11
78	130	93
78	132	22
78	89	5
78	94	97
78	102	60
78	160	9
78	116	39
78	164	41
79	108	37
79	118	42
79	156	81
79	150	55
79	120	72
79	162	79
79	113	28
79	131	53
79	159	34
79	109	75
79	167	43
79	115	39
79	137	42
79	111	7
79	125	41
79	175	83
79	160	78
79	107	52
79	165	75
79	90	74
79	142	93
79	92	39
79	88	63
79	133	95
79	98	5
79	127	73
80	168	37
80	143	87
80	149	12
80	160	67
80	171	74
80	81	45
80	153	95
80	142	6
80	82	31
80	145	14
80	131	38
80	87	5
80	170	6
80	90	40
80	137	17
80	157	56
80	161	40
80	179	27
80	169	81
80	122	82
80	112	33
80	119	60
80	111	37
80	148	90
80	173	58
80	128	34
80	110	62
80	165	66
80	172	87
80	155	27
80	150	23
80	144	71
80	130	21
80	156	39
80	104	55
80	91	52
81	135	11
81	151	48
81	113	37
81	137	79
81	175	20
81	124	77
81	150	73
81	168	18
81	157	66
81	86	76
81	161	38
81	122	63
81	85	26
81	125	40
81	152	79
81	130	22
81	120	45
81	87	30
81	146	64
81	117	67
81	163	34
81	112	39
81	140	14
81	116	41
81	91	17
81	114	35
81	98	42
81	109	11
81	136	60
81	141	96
81	178	83
81	127	80
81	95	64
82	111	58
82	140	70
82	141	54
82	175	38
82	146	69
82	172	75
82	174	69
82	157	9
82	171	43
82	117	51
82	169	70
82	118	78
82	142	67
82	168	95
82	126	78
82	89	51
82	131	31
82	155	39
82	125	6
82	101	22
82	132	96
82	159	77
82	152	14
82	165	73
82	88	68
82	137	26
82	91	71
82	93	61
82	151	68
82	102	42
82	136	90
82	100	31
82	122	97
82	148	47
82	119	49
82	138	95
83	167	27
83	111	66
83	166	94
83	178	66
83	158	60
83	113	56
83	179	37
83	134	24
83	174	5
83	162	60
83	132	13
83	92	36
83	157	18
83	123	11
83	145	8
83	115	27
83	96	74
83	165	21
83	117	17
83	101	22
83	147	86
83	176	24
83	141	26
83	122	24
83	135	22
83	168	40
84	177	56
84	156	10
84	118	95
84	128	98
84	134	30
84	168	82
84	160	26
84	165	47
84	129	44
84	143	27
84	152	80
84	169	31
84	166	97
84	174	80
84	155	91
84	127	32
84	87	22
84	86	38
84	89	96
84	119	46
84	98	69
84	135	76
84	158	42
84	159	35
84	100	47
84	116	44
84	179	35
84	113	74
84	163	31
84	178	97
84	93	22
84	95	73
84	99	91
84	172	84
84	147	50
84	117	36
85	137	73
85	150	21
85	127	58
85	114	27
85	156	30
85	118	65
85	142	64
85	90	40
85	86	86
85	88	73
85	164	70
85	168	10
85	148	51
85	117	11
85	143	94
85	154	40
85	163	21
85	175	58
85	89	66
85	133	33
85	92	93
85	177	25
85	96	80
85	121	41
85	105	77
85	172	61
85	101	81
85	115	14
85	125	55
85	140	37
86	179	86
86	119	75
86	136	24
86	155	25
86	152	28
86	120	72
86	172	30
86	163	70
86	130	49
86	147	16
86	129	26
86	121	12
86	159	32
86	141	98
86	125	53
86	166	45
86	148	41
86	157	69
86	88	52
86	118	11
86	126	82
86	122	62
86	92	8
86	98	79
86	117	13
86	105	70
86	115	76
87	175	88
87	127	13
87	147	22
87	120	55
87	149	83
87	130	58
87	121	28
87	157	34
87	136	9
87	95	78
87	148	39
87	179	50
87	116	57
87	128	50
87	92	57
87	99	91
87	126	89
87	164	59
87	165	11
87	140	18
87	162	14
87	129	92
87	166	56
87	172	73
87	102	42
87	125	31
87	91	27
87	145	42
88	136	30
88	141	80
88	125	31
88	137	86
88	162	51
88	92	79
88	149	87
88	167	20
88	140	42
88	138	33
88	178	94
88	132	25
88	177	64
88	100	60
88	91	86
88	94	20
88	101	73
88	171	17
88	122	49
88	159	83
88	176	22
88	154	40
88	161	11
88	99	62
88	97	71
88	107	18
89	155	16
89	178	16
89	154	17
89	169	56
89	177	80
89	163	44
89	160	79
89	118	42
89	143	95
89	164	79
89	147	94
89	144	90
89	161	98
89	130	46
89	137	74
89	121	60
89	127	79
89	159	72
89	158	33
89	117	76
89	120	12
89	175	75
89	107	20
89	104	6
89	98	57
89	142	77
89	97	67
89	134	60
89	94	67
89	162	86
89	167	47
89	103	63
90	161	76
90	166	15
90	159	14
90	119	49
90	135	48
90	118	25
90	155	29
90	122	38
90	144	17
90	141	8
90	91	55
90	131	8
90	143	54
90	125	97
90	176	39
90	150	56
90	99	41
90	147	53
90	139	48
90	153	94
90	164	52
90	165	14
90	171	53
90	110	71
90	132	45
90	120	30
90	162	92
90	179	89
90	121	78
90	136	37
90	97	57
90	124	23
90	148	58
90	167	29
91	178	97
91	160	54
91	147	18
91	135	37
91	137	22
91	138	68
91	169	11
91	171	47
91	142	49
91	120	12
91	163	94
91	122	62
91	150	90
91	99	43
91	104	32
91	129	35
91	103	17
91	126	56
91	146	45
91	111	31
91	105	75
91	158	37
91	145	46
91	128	61
91	172	55
92	170	31
92	137	70
92	136	8
92	156	81
92	174	60
92	176	45
92	166	96
92	131	99
92	143	67
92	163	21
92	142	29
92	161	29
92	149	55
92	103	63
92	132	10
92	152	62
92	168	14
92	159	93
92	158	68
92	102	20
92	109	54
92	105	14
92	101	17
92	154	50
93	165	33
93	94	27
93	151	72
93	149	42
93	153	5
93	146	15
93	139	10
93	167	41
93	136	43
93	145	56
93	132	79
93	137	89
93	140	46
93	121	52
93	129	71
93	159	98
93	179	31
93	126	12
93	130	65
93	108	20
93	157	80
94	174	48
94	132	63
94	135	34
94	171	96
94	96	73
94	150	10
94	159	62
94	179	61
94	128	19
94	98	96
94	175	40
94	103	84
94	146	64
94	131	19
94	138	41
94	122	42
94	151	23
94	134	11
94	142	39
94	145	99
94	143	83
94	165	26
95	161	74
95	127	40
95	141	78
95	140	18
95	178	61
95	151	16
95	142	67
95	99	49
95	160	39
95	129	42
95	164	53
95	138	40
95	145	89
95	146	59
95	133	64
95	152	40
95	97	64
95	174	26
95	96	87
95	177	94
95	118	70
95	149	8
95	121	26
95	98	40
95	163	52
96	173	57
96	169	74
96	127	41
96	144	48
96	136	7
96	130	7
96	157	64
96	159	30
96	155	61
96	138	50
96	146	47
96	125	7
96	171	17
96	174	93
96	149	86
96	131	99
96	102	100
96	176	87
96	108	28
96	156	30
96	103	47
96	128	8
96	161	90
96	105	68
96	124	21
96	177	21
97	125	19
97	157	96
97	139	55
97	162	11
97	171	20
97	102	86
97	160	80
97	158	48
97	156	78
97	163	21
97	165	57
97	129	45
97	112	55
97	101	32
97	152	49
97	161	85
97	146	10
97	138	47
97	142	63
98	130	38
98	138	21
98	173	5
98	148	66
98	131	10
98	174	12
98	133	31
98	157	99
98	103	36
98	137	98
98	102	47
98	108	17
98	142	83
98	177	67
98	134	23
98	171	42
98	111	86
98	126	91
98	175	65
98	128	50
98	110	43
98	135	72
98	176	82
99	177	94
99	145	10
99	136	13
99	158	6
99	160	48
99	134	24
99	152	5
99	155	31
99	170	64
99	165	13
99	147	24
99	101	42
99	128	30
99	150	42
99	106	64
99	173	5
99	169	72
99	144	35
99	164	67
99	179	71
99	100	95
99	117	49
99	153	30
99	176	48
99	102	48
100	177	32
100	128	33
100	160	78
100	129	56
100	144	40
100	107	71
100	172	88
100	178	32
100	161	38
100	130	85
100	137	37
100	156	19
100	167	91
100	104	87
100	118	59
100	117	15
100	122	54
100	121	15
100	152	81
100	123	13
100	165	23
101	147	57
101	168	74
101	141	28
101	165	64
101	156	6
101	136	27
101	155	79
101	130	5
101	162	58
101	148	65
101	158	80
101	172	28
101	144	70
101	159	74
101	129	58
101	149	13
101	111	55
101	114	42
101	102	92
101	116	10
101	142	90
101	140	80
101	143	17
101	115	9
101	106	16
101	176	27
102	175	42
102	153	33
102	132	15
102	107	9
102	177	53
102	137	44
102	158	77
102	176	17
102	141	99
102	170	56
102	147	52
102	106	77
102	154	52
102	162	24
102	155	84
102	114	38
102	163	34
102	135	54
102	140	19
102	138	72
102	119	34
102	161	24
102	179	46
102	156	69
102	149	30
102	146	89
102	125	27
102	121	22
102	172	27
102	115	33
102	169	85
103	145	64
103	159	74
103	171	22
103	172	32
103	105	53
103	155	93
103	167	8
103	110	62
103	164	96
103	136	10
103	174	78
103	109	76
103	169	50
103	107	18
103	161	39
103	176	60
103	153	73
103	132	71
103	121	80
103	179	82
103	135	100
103	178	62
103	170	18
103	156	84
103	175	45
104	142	42
104	165	31
104	177	38
104	143	94
104	144	79
104	170	21
104	150	43
104	149	51
104	178	59
104	166	69
104	169	39
104	174	8
104	108	79
104	132	11
104	138	70
104	106	6
104	145	25
104	116	23
104	172	21
104	148	37
104	121	59
104	168	95
104	112	85
104	117	41
104	133	73
105	161	95
105	152	16
105	169	8
105	163	66
105	164	51
105	142	27
105	172	30
105	110	29
105	162	73
105	113	23
105	109	36
105	141	96
105	166	62
105	112	36
105	125	92
105	117	17
105	138	93
105	176	36
105	143	82
105	144	61
106	155	13
106	134	79
106	146	73
106	173	76
106	150	89
106	179	14
106	154	23
106	110	21
106	143	83
106	169	73
106	111	40
106	176	26
106	118	10
106	141	33
106	145	8
106	177	90
106	147	74
106	175	72
106	112	40
106	148	49
106	163	67
106	153	95
106	130	54
107	161	70
107	178	30
107	142	14
107	139	68
107	154	86
107	109	20
107	147	43
107	174	25
107	155	71
107	168	78
107	153	93
107	112	58
107	151	83
107	144	59
107	136	12
107	119	59
107	114	28
107	167	86
107	108	31
107	116	68
107	165	50
107	115	56
107	150	19
107	140	65
107	125	30
107	166	97
107	128	67
108	163	19
108	164	57
108	143	64
108	154	41
108	152	86
108	165	14
108	157	85
108	116	92
108	136	56
108	150	32
108	162	97
108	149	50
108	176	50
108	170	60
108	166	11
108	115	45
108	120	95
108	124	89
108	147	48
108	146	30
108	171	5
108	156	64
108	177	22
108	144	6
108	172	63
108	110	69
109	139	88
109	168	98
109	166	80
109	158	40
109	149	51
109	170	78
109	148	77
109	163	36
109	171	49
109	176	42
109	147	91
109	175	82
109	112	32
109	117	41
109	145	34
109	159	51
109	114	35
109	153	12
109	151	71
109	152	6
110	148	28
110	153	98
110	113	53
110	138	91
110	118	49
110	155	43
110	121	93
110	170	76
110	139	67
110	161	44
110	177	28
110	160	98
110	134	89
110	112	78
110	132	68
110	123	53
111	166	51
111	152	49
111	158	91
111	171	98
111	168	25
111	177	76
111	143	8
111	117	40
111	159	47
111	115	55
111	165	12
111	141	10
111	172	51
111	151	11
111	131	41
111	169	48
111	163	32
111	155	27
112	162	80
112	169	10
112	148	82
112	176	21
112	151	43
112	167	60
112	164	48
112	149	94
112	165	64
112	127	92
112	142	60
112	126	11
112	122	60
112	170	37
112	117	99
112	146	12
113	154	16
113	152	81
113	167	41
113	168	72
113	149	93
113	148	78
113	150	52
113	173	42
113	177	84
113	126	87
113	163	22
113	151	53
113	125	50
113	118	100
113	144	44
113	117	59
113	156	35
113	164	29
113	157	12
113	159	47
113	135	23
113	153	74
114	156	37
114	144	68
114	115	71
114	157	13
114	165	56
114	122	6
114	161	27
114	175	53
114	123	36
114	168	61
114	146	17
114	160	23
114	134	62
114	143	28
114	159	65
114	152	87
114	173	63
115	143	35
115	160	39
115	152	18
115	165	73
115	122	33
115	150	56
115	118	67
115	179	14
115	173	17
115	161	36
115	123	67
115	135	71
115	153	64
115	149	82
115	131	96
116	170	93
116	164	61
116	151	61
116	147	72
116	153	49
116	128	38
116	157	33
116	148	10
116	140	70
116	171	70
116	179	22
117	171	63
117	164	91
117	177	25
117	120	39
117	121	27
117	155	28
117	170	47
117	118	9
117	163	21
117	146	92
117	124	9
117	167	20
117	142	17
118	167	65
118	164	68
118	146	87
118	178	94
118	165	39
118	156	64
118	155	90
118	120	35
118	163	32
118	171	65
118	158	36
118	123	98
118	175	68
118	128	22
118	166	10
118	170	48
118	130	9
118	124	98
118	141	59
118	179	79
119	174	57
119	172	75
119	156	39
119	120	90
119	163	83
119	127	92
119	147	39
119	165	54
119	170	10
119	125	17
119	159	79
119	148	14
119	124	14
119	168	95
119	138	34
119	149	24
119	169	86
120	170	63
120	173	61
120	164	63
120	158	31
120	123	74
120	130	87
120	177	37
120	172	43
120	136	68
120	156	68
120	150	28
120	155	23
120	148	63
121	170	10
121	152	43
121	158	79
121	173	70
121	161	69
121	149	63
121	159	17
121	122	82
121	133	40
121	166	56
121	151	50
121	126	34
121	125	83
121	131	67
121	140	95
121	136	36
121	168	81
122	151	33
122	178	18
122	152	83
122	173	49
122	166	63
122	135	82
122	169	75
122	130	43
122	155	90
122	128	58
122	142	57
122	140	43
122	138	35
122	153	76
123	161	19
123	165	36
123	152	14
123	171	62
123	126	48
123	173	53
123	164	11
123	156	95
123	172	84
123	177	58
123	169	74
123	136	15
123	151	71
123	160	95
123	135	14
123	175	88
124	168	31
124	162	63
124	126	87
124	125	62
124	170	26
124	153	97
124	154	5
124	134	11
124	166	25
124	135	76
124	131	20
124	172	46
124	159	37
124	164	87
125	130	68
125	165	65
125	126	45
125	139	44
125	174	78
125	136	15
125	138	22
126	130	64
126	160	78
126	169	77
126	139	78
126	165	17
126	175	31
126	156	17
126	178	27
126	146	40
126	140	33
126	147	74
126	171	40
127	156	37
127	172	41
127	155	72
127	176	13
127	130	64
127	135	79
127	167	76
127	165	98
127	169	44
127	179	55
128	176	85
128	161	82
128	158	64
128	140	45
128	170	42
128	143	71
128	172	5
128	131	55
128	141	55
128	139	74
128	166	99
128	164	43
128	135	23
129	161	69
129	174	56
129	167	20
129	177	84
129	168	88
129	165	78
129	171	55
129	132	76
129	133	77
129	131	92
129	170	94
129	173	89
129	137	88
129	145	92
130	175	24
130	161	55
130	170	43
130	131	11
130	133	18
130	166	25
130	179	36
130	140	86
130	172	84
130	160	26
130	178	48
130	152	79
131	170	25
131	178	60
131	144	15
131	147	65
131	155	28
131	160	65
131	132	90
132	175	57
132	166	97
132	168	13
132	134	60
132	135	71
132	141	65
132	140	44
132	148	30
132	178	11
132	163	47
132	136	79
132	173	83
132	174	84
132	179	77
132	160	45
132	169	71
132	158	78
132	176	70
133	175	77
133	174	83
133	161	99
133	140	87
133	172	71
133	173	26
133	141	53
133	176	40
133	136	37
133	134	13
133	169	90
133	135	42
134	171	74
134	163	63
134	162	32
134	165	80
134	176	31
134	143	93
134	136	31
134	146	64
134	178	17
134	164	37
134	174	33
134	141	48
134	144	85
134	179	33
134	149	22
134	156	14
135	179	18
135	139	11
135	178	78
135	163	66
135	150	46
135	170	51
135	149	85
136	171	91
136	137	38
136	144	97
136	140	45
136	172	69
136	146	52
136	142	8
136	138	77
136	176	72
136	178	82
137	170	52
137	168	70
137	175	15
137	145	82
137	153	29
137	140	46
137	171	51
137	147	62
137	149	45
138	173	93
138	145	81
138	170	64
138	179	17
138	167	99
138	177	39
138	166	80
138	153	87
138	168	28
139	143	32
139	148	86
139	145	65
139	144	62
139	154	28
139	160	68
139	172	7
139	157	60
139	164	92
139	151	85
140	172	19
140	170	77
140	144	93
140	178	46
140	174	54
140	176	6
140	146	64
140	154	12
141	143	72
141	147	70
141	155	49
141	151	26
141	142	21
141	164	98
141	166	16
142	145	31
142	176	33
142	171	28
142	146	57
142	148	74
142	144	21
142	173	27
143	146	88
143	148	68
143	149	77
143	175	46
143	160	98
143	155	55
143	147	78
143	151	24
143	145	23
144	178	46
144	151	8
144	154	85
144	175	89
144	153	48
144	147	91
144	177	48
144	145	10
144	167	64
145	178	91
145	150	60
145	148	71
145	162	85
145	154	18
146	161	68
146	175	83
146	160	19
146	176	30
146	164	83
146	177	8
146	158	23
146	151	86
146	157	53
147	176	20
147	156	38
147	175	50
147	168	91
148	152	96
148	150	51
148	164	41
148	166	73
148	157	11
149	178	66
149	179	11
149	165	61
149	177	66
149	153	5
149	168	32
150	151	34
150	157	12
150	153	29
150	162	61
150	178	36
150	161	49
151	154	5
151	160	77
151	153	39
151	155	54
151	156	30
151	168	94
151	165	6
151	171	48
151	170	91
152	154	35
152	172	57
152	160	53
153	154	85
153	159	18
153	158	37
153	161	46
153	172	36
154	162	18
154	164	55
154	176	36
154	161	10
155	159	93
155	169	23
155	157	59
155	172	36
155	160	98
155	162	36
156	167	68
156	166	51
157	165	28
157	158	94
157	163	95
157	175	46
157	172	38
157	167	22
157	177	33
158	164	87
158	162	34
158	159	38
158	169	48
158	173	51
158	170	17
158	178	99
159	163	22
159	160	59
159	171	21
159	175	17
159	164	13
159	173	5
160	164	14
160	173	85
161	163	100
161	162	36
161	170	25
161	171	78
162	169	88
162	172	88
162	170	44
162	174	84
162	177	59
162	164	93
163	167	11
163	178	53
163	171	42
163	168	37
164	165	95
164	170	54
164	166	59
164	179	61
164	174	15
165	167	98
165	172	84
165	174	69
165	176	86
166	169	19
166	170	11
166	171	35
167	175	49
167	171	18
168	175	75
168	170	22
169	170	89
169	175	34
170	173	56
170	176	35
170	171	75
171	174	97
171	177	76
171	172	16
171	178	11
172	174	70
173	177	8
173	175	62
173	178	70
173	174	91
174	177	92
174	178	30
175	179	20
175	177	38
176	178	27
177	178	50
178	179	60
