NAME: W_SPARSE_200_86
n: 200
m: 8600
0	120	62
0	111	8
0	139	13
0	112	57
0	141	92
0	94	41
0	137	85
0	45	26
0	72	88
0	55	54
0	98	40
0	103	12
0	115	79
0	109	41
0	53	21
0	108	55
0	121	66
0	148	60
0	96	30
0	68	13
0	101	60
0	191	29
0	7	6
0	105	80
0	152	54
0	147	47
0	70	53
0	196	84
0	65	10
0	84	61
0	16	97
0	110	14
0	193	63
0	144	79
0	58	68
0	62	42
0	132	85
0	150	37
0	18	100
0	61	99
0	64	29
0	6	40
0	114	78
0	59	36
0	134	62
0	184	68
0	128	20
0	78	46
0	89	66
0	21	85
0	116	53
0	19	49
0	60	32
0	93	54
0	178	17
0	56	75
0	188	7
0	88	8
0	24	21
0	146	20
0	17	29
0	104	62
0	187	82
0	44	11
0	48	54
0	27	99
0	133	10
0	97	44
0	26	64
0	25	68
0	129	74
0	69	36
0	74	27
0	122	25
0	8	98
0	131	36
0	138	58
0	85	32
0	175	14
0	35	65
0	66	74
0	63	61
0	2	63
0	140	56
0	192	36
0	172	9
0	23	13
0	80	56
0	30	99
0	49	43
1	116	46
1	45	70
1	127	37
1	137	46
1	150	11
1	93	7
1	52	66
1	72	26
1	106	50
1	123	82
1	59	58
1	131	78
1	58	27
1	81	87
1	133	44
1	97	50
1	61	77
1	124	90
1	75	98
1	65	28
1	96	92
1	70	11
1	53	67
1	148	91
1	149	43
1	12	88
1	114	47
1	136	48
1	151	28
1	156	40
1	88	31
1	147	54
1	126	18
1	187	38
1	2	73
1	100	95
1	16	97
1	78	89
1	104	6
1	6	10
1	142	47
1	130	32
1	4	82
1	67	52
1	47	96
1	117	39
1	186	50
1	95	9
1	25	43
1	18	44
1	193	46
1	11	34
1	145	42
1	79	74
1	21	66
1	46	98
1	57	87
1	152	34
1	49	15
1	185	52
1	139	54
1	66	15
1	83	80
1	181	60
1	36	90
1	173	20
1	8	79
1	171	20
1	153	84
1	31	64
1	15	49
1	19	69
1	140	78
1	40	67
1	183	67
1	55	23
1	50	99
1	146	40
1	62	91
2	72	48
2	92	61
2	95	92
2	51	98
2	55	9
2	67	67
2	121	87
2	78	14
2	126	30
2	56	93
2	73	93
2	112	6
2	99	45
2	157	23
2	145	40
2	80	30
2	129	84
2	77	81
2	150	96
2	116	53
2	13	94
2	140	89
2	74	12
2	107	5
2	132	59
2	16	32
2	114	81
2	142	36
2	12	74
2	154	58
2	138	39
2	117	85
2	53	91
2	118	20
2	109	51
2	61	58
2	198	6
2	152	12
2	22	44
2	71	21
2	199	60
2	87	87
2	6	18
2	153	9
2	68	83
2	65	57
2	185	35
2	75	7
2	196	94
2	186	77
2	50	83
2	104	47
2	139	11
2	182	66
2	9	69
2	194	35
2	49	83
2	174	75
2	14	43
2	172	85
2	193	58
2	21	30
2	34	38
2	97	45
2	98	88
2	148	15
2	69	30
2	90	65
2	184	40
2	28	98
2	149	70
2	17	46
2	113	22
2	47	95
2	86	12
2	176	8
2	136	91
2	119	16
2	178	20
2	187	55
2	38	25
2	131	87
2	57	78
2	27	67
2	124	48
2	167	95
3	78	77
3	50	35
3	147	43
3	112	28
3	120	5
3	80	17
3	138	94
3	111	94
3	142	14
3	149	95
3	115	37
3	8	90
3	148	80
3	146	97
3	64	89
3	7	19
3	73	39
3	104	49
3	121	62
3	157	58
3	83	80
3	158	90
3	137	76
3	52	32
3	76	57
3	94	33
3	192	26
3	53	84
3	6	36
3	48	42
3	134	32
3	49	70
3	129	97
3	107	48
3	196	82
3	67	68
3	75	48
3	131	63
3	84	94
3	90	64
3	70	84
3	11	73
3	89	37
3	125	81
3	114	41
3	17	88
3	58	9
3	178	42
3	25	6
3	66	98
3	93	84
3	128	56
3	139	89
3	133	85
3	16	76
3	19	44
3	195	33
3	188	5
3	132	96
3	98	59
3	36	47
3	13	95
3	56	98
3	88	22
3	183	10
3	87	74
3	177	80
3	144	66
3	69	28
3	127	24
3	126	61
3	187	90
3	113	73
3	135	14
3	123	22
3	31	8
3	96	33
3	172	87
3	102	65
3	91	86
4	123	7
4	115	23
4	70	31
4	127	27
4	106	12
4	130	22
4	58	94
4	65	88
4	80	57
4	104	96
4	146	13
4	140	74
4	85	43
4	57	11
4	63	85
4	76	14
4	68	49
4	147	55
4	87	52
4	88	70
4	155	54
4	131	26
4	112	58
4	93	43
4	107	34
4	5	54
4	55	53
4	128	43
4	191	88
4	20	18
4	195	77
4	199	71
4	14	16
4	77	11
4	139	6
4	90	60
4	151	68
4	186	50
4	156	57
4	160	46
4	97	49
4	149	58
4	17	68
4	103	41
4	119	93
4	86	18
4	193	29
4	84	77
4	138	15
4	148	77
4	74	67
4	180	88
4	11	11
4	113	8
4	60	25
4	78	99
4	12	12
4	32	65
4	15	87
4	184	21
4	190	32
4	179	18
4	95	75
4	73	50
4	137	92
4	154	56
4	69	98
4	64	45
4	152	82
4	134	13
4	150	81
4	145	72
4	129	21
4	102	62
4	116	86
4	166	22
4	197	73
4	82	92
4	118	35
4	110	22
4	71	6
5	103	88
5	97	61
5	91	25
5	126	94
5	111	52
5	8	24
5	98	24
5	55	28
5	155	96
5	75	82
5	134	96
5	145	15
5	156	19
5	101	39
5	113	59
5	128	82
5	6	56
5	150	69
5	96	66
5	58	28
5	89	97
5	151	63
5	124	56
5	123	10
5	127	27
5	198	30
5	157	93
5	195	89
5	78	71
5	82	89
5	135	56
5	87	19
5	138	34
5	73	23
5	62	66
5	148	22
5	100	88
5	139	48
5	199	52
5	12	86
5	83	68
5	22	65
5	107	40
5	141	53
5	49	48
5	93	77
5	59	62
5	30	31
5	50	15
5	183	42
5	189	26
5	94	35
5	120	34
5	25	40
5	115	74
5	104	47
5	7	26
5	137	39
5	102	94
5	130	85
5	10	36
5	56	45
5	185	70
5	60	87
5	136	31
5	18	57
5	85	46
5	41	37
5	52	83
5	112	10
5	169	93
5	69	41
5	147	99
5	178	39
5	121	92
6	56	28
6	129	57
6	54	6
6	99	38
6	132	10
6	50	23
6	51	13
6	158	84
6	125	9
6	124	77
6	112	7
6	107	54
6	79	27
6	127	14
6	86	18
6	85	68
6	71	63
6	89	14
6	154	35
6	156	27
6	7	35
6	139	29
6	73	71
6	106	24
6	142	68
6	65	47
6	20	15
6	92	93
6	133	99
6	80	98
6	52	25
6	189	23
6	145	9
6	122	55
6	78	96
6	130	100
6	104	69
6	57	65
6	108	75
6	119	63
6	74	12
6	58	15
6	22	60
6	97	35
6	10	75
6	117	83
6	25	43
6	60	59
6	68	6
6	11	94
6	62	5
6	109	42
6	179	47
6	188	25
6	53	74
6	32	66
6	131	74
6	82	51
6	12	44
6	59	7
6	8	12
6	27	44
6	114	44
6	40	61
6	29	70
6	81	97
6	41	90
6	39	21
6	174	64
6	148	96
6	13	65
6	128	65
6	160	29
6	136	11
6	34	92
6	100	44
6	165	57
6	84	61
7	72	94
7	148	48
7	108	24
7	91	45
7	126	85
7	101	40
7	116	18
7	134	7
7	145	77
7	61	6
7	153	18
7	93	81
7	12	77
7	11	52
7	155	52
7	149	8
7	96	39
7	123	71
7	114	61
7	62	36
7	51	89
7	98	50
7	8	34
7	89	91
7	79	69
7	152	15
7	71	35
7	133	49
7	57	51
7	77	76
7	17	40
7	53	8
7	23	98
7	112	52
7	124	77
7	94	74
7	103	5
7	29	76
7	163	48
7	70	10
7	52	30
7	102	83
7	140	19
7	69	48
7	97	7
7	14	19
7	158	76
7	56	11
7	161	36
7	73	20
7	86	54
7	36	79
7	147	27
7	87	40
7	144	75
7	122	9
7	67	80
7	189	59
7	84	29
7	10	78
7	99	27
7	184	38
7	194	92
7	40	76
7	88	6
7	38	37
7	66	48
7	81	49
7	142	15
7	129	86
7	154	34
7	172	90
7	68	74
7	107	43
7	151	45
7	30	100
7	41	50
7	198	56
7	31	71
7	117	84
7	167	36
7	169	99
7	58	98
8	102	61
8	75	32
8	9	70
8	152	43
8	70	95
8	134	29
8	105	16
8	104	19
8	110	60
8	87	20
8	159	95
8	150	6
8	151	15
8	119	81
8	130	7
8	137	45
8	54	89
8	80	95
8	83	81
8	89	99
8	145	91
8	147	61
8	67	42
8	22	9
8	101	50
8	162	81
8	196	17
8	81	94
8	138	41
8	19	60
8	68	22
8	109	74
8	10	100
8	129	6
8	118	95
8	27	91
8	63	61
8	120	51
8	148	17
8	126	56
8	164	99
8	141	59
8	112	75
8	186	23
8	15	66
8	58	42
8	144	52
8	184	33
8	153	56
8	96	25
8	31	41
8	74	25
8	132	7
8	25	6
8	198	50
8	117	24
8	179	6
8	65	23
8	125	49
8	40	96
8	154	55
8	79	99
8	156	20
8	158	91
8	77	17
8	73	62
8	140	95
8	90	23
8	163	11
8	128	72
8	185	10
8	88	13
8	32	64
8	36	16
8	114	83
8	181	78
8	172	40
8	42	81
9	53	98
9	105	12
9	140	48
9	146	45
9	122	66
9	94	64
9	148	35
9	58	58
9	82	69
9	130	8
9	91	82
9	98	30
9	141	74
9	62	24
9	155	51
9	68	64
9	59	78
9	127	40
9	131	19
9	108	74
9	129	18
9	135	37
9	158	85
9	145	18
9	154	85
9	162	56
9	100	84
9	79	37
9	144	20
9	128	73
9	103	96
9	147	89
9	88	54
9	64	71
9	163	42
9	69	41
9	111	65
9	195	82
9	80	74
9	24	96
9	12	74
9	197	51
9	199	27
9	14	76
9	19	41
9	96	44
9	104	70
9	137	70
9	153	10
9	124	66
9	191	67
9	55	75
9	56	22
9	93	36
9	60	60
9	22	22
9	11	64
9	142	25
9	143	13
9	81	65
9	72	50
9	76	23
9	125	83
9	164	79
9	136	21
9	90	70
9	160	98
9	89	44
9	109	8
9	151	100
9	165	28
9	116	92
9	139	56
9	157	94
9	186	81
9	23	68
9	180	94
9	25	19
9	178	66
9	198	98
9	21	89
9	30	17
9	77	7
9	70	6
9	99	45
9	113	58
9	172	7
9	38	12
9	118	87
9	196	70
9	66	57
9	34	8
9	192	74
9	184	9
10	149	6
10	93	21
10	90	27
10	133	8
10	166	76
10	148	64
10	72	59
10	74	51
10	152	47
10	124	71
10	102	8
10	77	50
10	73	83
10	146	36
10	56	30
10	153	84
10	108	45
10	116	71
10	145	25
10	12	13
10	99	59
10	137	42
10	113	56
10	158	81
10	163	35
10	161	97
10	11	84
10	13	9
10	98	9
10	105	92
10	82	91
10	198	7
10	119	72
10	141	90
10	123	17
10	58	38
10	70	8
10	103	32
10	111	65
10	68	80
10	69	72
10	162	20
10	22	69
10	25	27
10	134	29
10	109	43
10	63	60
10	71	71
10	147	73
10	32	92
10	29	78
10	97	49
10	131	66
10	34	89
10	83	40
10	28	24
10	143	10
10	187	62
10	60	10
10	156	73
10	19	90
10	17	75
10	186	59
10	89	48
10	110	97
10	101	90
10	183	67
10	106	57
10	15	81
10	178	48
10	39	24
10	20	83
10	185	57
10	36	72
10	194	27
10	184	23
10	40	23
10	35	42
10	43	11
10	57	11
10	125	29
10	54	57
10	81	43
10	47	25
10	188	52
11	73	86
11	126	16
11	166	85
11	120	18
11	56	47
11	98	64
11	68	29
11	85	21
11	118	44
11	154	78
11	16	56
11	145	67
11	61	44
11	74	77
11	164	94
11	121	96
11	116	78
11	131	38
11	125	44
11	79	23
11	59	61
11	107	52
11	165	35
11	26	75
11	142	49
11	155	88
11	69	10
11	151	23
11	72	18
11	124	14
11	93	89
11	152	10
11	67	75
11	86	97
11	105	98
11	144	30
11	94	19
11	102	68
11	25	59
11	20	97
11	185	38
11	140	38
11	136	13
11	63	8
11	117	16
11	58	97
11	149	28
11	32	60
11	81	13
11	84	50
11	114	49
11	78	42
11	41	31
11	194	5
11	103	38
11	198	14
11	90	41
11	139	88
11	138	29
11	42	71
11	108	9
11	12	29
11	179	65
11	99	10
11	180	26
11	147	37
11	197	47
11	77	27
11	109	62
11	153	69
11	96	95
11	19	76
11	49	47
11	75	68
11	22	7
11	37	63
11	47	91
11	53	92
11	171	33
12	145	20
12	103	89
12	128	73
12	63	72
12	130	85
12	152	93
12	98	77
12	66	13
12	79	33
12	60	63
12	144	23
12	149	48
12	74	65
12	120	56
12	138	13
12	100	16
12	143	82
12	101	93
12	68	37
12	154	21
12	64	62
12	16	75
12	118	39
12	88	76
12	76	84
12	13	54
12	19	47
12	156	36
12	115	10
12	22	67
12	24	37
12	117	70
12	140	70
12	67	36
12	104	74
12	121	6
12	196	93
12	17	10
12	107	12
12	197	37
12	124	75
12	119	8
12	168	60
12	109	16
12	191	55
12	57	92
12	110	99
12	150	68
12	87	10
12	30	97
12	99	23
12	198	21
12	80	50
12	20	40
12	192	24
12	136	71
12	116	13
12	92	79
12	36	80
12	27	63
12	25	69
12	70	63
12	84	59
12	164	76
12	131	55
12	181	23
12	78	90
12	111	51
12	141	54
12	31	26
12	40	39
12	35	53
12	41	68
12	26	60
12	159	51
12	162	18
12	51	83
13	166	22
13	143	32
13	93	65
13	159	47
13	96	60
13	61	70
13	94	19
13	77	42
13	146	49
13	72	28
13	111	85
13	169	34
13	123	55
13	135	15
13	58	20
13	160	54
13	86	60
13	134	83
13	14	26
13	79	57
13	162	73
13	116	88
13	60	71
13	155	14
13	122	48
13	25	44
13	85	70
13	151	75
13	99	50
13	76	44
13	145	73
13	27	43
13	199	93
13	161	44
13	114	80
13	109	9
13	195	14
13	22	68
13	191	77
13	80	59
13	139	31
13	15	75
13	36	80
13	37	52
13	138	37
13	168	58
13	89	39
13	78	97
13	112	14
13	59	34
13	92	33
13	70	43
13	17	81
13	194	73
13	127	80
13	100	52
13	125	55
13	108	65
13	110	31
13	197	19
13	187	96
13	21	91
13	32	89
13	90	27
13	133	89
13	188	94
13	189	68
13	101	34
13	132	8
13	148	95
13	97	30
13	105	54
13	153	34
13	88	27
13	57	80
13	156	82
13	51	59
13	180	18
13	42	43
13	23	14
14	152	31
14	108	93
14	165	72
14	59	49
14	71	8
14	64	36
14	77	59
14	132	94
14	160	71
14	136	37
14	141	56
14	81	17
14	18	92
14	124	82
14	135	99
14	105	87
14	161	58
14	65	60
14	126	64
14	170	47
14	93	97
14	127	12
14	148	20
14	151	48
14	129	22
14	100	96
14	156	34
14	97	15
14	99	62
14	90	94
14	82	67
14	88	5
14	197	72
14	155	76
14	19	82
14	159	10
14	139	87
14	111	99
14	24	17
14	138	62
14	69	19
14	146	60
14	92	45
14	72	5
14	115	68
14	192	91
14	89	81
14	70	90
14	62	38
14	169	99
14	31	14
14	16	83
14	61	46
14	144	11
14	103	29
14	112	13
14	121	33
14	190	91
14	167	96
14	40	81
14	153	52
14	150	85
14	41	91
14	96	8
14	33	70
14	147	90
14	164	83
14	131	89
14	95	81
14	37	23
14	185	7
14	79	28
14	29	13
14	21	33
14	123	16
14	27	61
14	66	17
14	67	15
14	23	45
14	54	43
14	36	23
14	84	64
14	177	76
15	93	50
15	87	95
15	100	83
15	171	54
15	152	29
15	75	97
15	135	56
15	71	78
15	88	60
15	127	47
15	132	33
15	66	64
15	142	30
15	138	8
15	133	53
15	70	73
15	16	74
15	105	92
15	107	56
15	22	27
15	73	21
15	124	65
15	102	8
15	146	69
15	155	45
15	118	32
15	140	18
15	65	52
15	129	38
15	137	62
15	24	89
15	119	53
15	113	60
15	128	85
15	82	32
15	120	68
15	91	96
15	29	96
15	85	13
15	28	37
15	131	28
15	170	28
15	23	64
15	34	34
15	60	29
15	20	67
15	163	97
15	136	97
15	130	11
15	195	63
15	38	92
15	139	28
15	62	78
15	42	99
15	61	79
15	37	84
15	72	58
15	35	96
15	32	48
15	41	83
15	106	90
15	148	27
15	45	42
15	145	36
15	149	72
15	182	64
15	74	27
15	167	36
15	168	53
15	18	10
15	98	61
15	36	10
15	83	91
15	103	51
15	161	26
15	31	26
15	183	52
16	127	7
16	147	25
16	65	54
16	86	88
16	148	46
16	79	22
16	109	25
16	106	21
16	76	96
16	159	59
16	134	25
16	149	89
16	153	58
16	163	74
16	92	35
16	123	62
16	167	84
16	143	54
16	172	71
16	93	38
16	95	51
16	113	41
16	84	96
16	87	23
16	135	59
16	161	34
16	26	98
16	144	64
16	104	51
16	131	38
16	108	86
16	102	94
16	110	80
16	122	30
16	62	74
16	119	10
16	156	12
16	69	24
16	90	6
16	77	71
16	164	11
16	88	52
16	25	9
16	20	15
16	75	8
16	64	74
16	115	61
16	31	79
16	101	32
16	145	95
16	98	97
16	72	95
16	112	70
16	82	10
16	24	73
16	121	83
16	41	95
16	66	99
16	85	28
16	154	8
16	186	90
16	199	24
16	45	39
16	35	62
16	190	91
16	33	64
16	179	81
16	81	21
16	22	69
16	193	91
16	132	42
16	170	73
16	36	33
16	55	77
16	91	97
16	118	55
16	111	88
17	105	76
17	119	28
17	62	9
17	65	7
17	156	75
17	71	96
17	77	9
17	138	60
17	148	17
17	94	33
17	85	97
17	117	16
17	66	75
17	124	73
17	125	92
17	69	63
17	122	20
17	168	74
17	76	68
17	87	43
17	80	59
17	171	92
17	159	12
17	167	37
17	135	8
17	146	24
17	139	23
17	109	10
17	131	28
17	21	8
17	162	48
17	133	76
17	130	73
17	132	79
17	144	41
17	150	99
17	107	43
17	116	96
17	104	73
17	40	89
17	108	60
17	123	38
17	86	66
17	106	81
17	22	40
17	93	89
17	121	59
17	81	87
17	18	96
17	19	83
17	24	20
17	195	14
17	128	61
17	83	36
17	45	28
17	74	6
17	113	49
17	196	54
17	38	85
17	50	52
17	170	67
17	43	79
17	157	65
17	194	40
17	26	46
17	63	40
17	161	38
17	100	25
17	31	80
17	82	35
17	134	25
17	180	60
17	91	68
17	96	34
17	182	14
17	34	46
17	32	23
17	177	63
17	112	37
17	127	92
18	153	70
18	159	63
18	170	71
18	136	7
18	120	70
18	110	8
18	137	40
18	85	48
18	23	26
18	97	78
18	108	44
18	148	77
18	143	55
18	72	20
18	62	39
18	102	42
18	172	23
18	149	57
18	82	83
18	121	81
18	22	19
18	173	55
18	74	72
18	169	29
18	162	5
18	147	28
18	166	64
18	144	34
18	81	81
18	87	23
18	130	86
18	35	20
18	199	59
18	34	12
18	94	34
18	139	10
18	194	74
18	195	46
18	122	25
18	43	69
18	33	78
18	73	41
18	111	25
18	84	51
18	95	19
18	146	74
18	155	21
18	20	65
18	119	53
18	75	57
18	117	22
18	133	68
18	107	27
18	106	5
18	28	59
18	19	85
18	196	76
18	29	69
18	101	69
18	181	80
18	165	89
18	55	24
18	132	13
18	150	23
18	171	83
18	105	80
18	156	91
18	57	16
19	87	56
19	114	85
19	103	30
19	111	93
19	115	29
19	97	51
19	152	29
19	71	48
19	69	31
19	22	83
19	116	82
19	148	16
19	80	33
19	126	82
19	89	46
19	146	38
19	20	56
19	110	6
19	159	72
19	25	8
19	65	61
19	149	22
19	107	42
19	79	45
19	169	58
19	174	76
19	86	23
19	147	91
19	162	9
19	139	51
19	66	94
19	101	88
19	117	51
19	133	97
19	136	45
19	26	22
19	135	14
19	75	64
19	155	62
19	72	53
19	95	43
19	36	71
19	102	47
19	118	79
19	93	75
19	172	92
19	192	31
19	27	77
19	141	67
19	84	30
19	132	76
19	119	24
19	39	88
19	127	44
19	196	83
19	175	85
19	198	91
19	165	35
19	53	67
19	44	57
19	183	60
19	166	38
19	35	26
19	142	54
19	45	17
19	195	69
19	185	60
19	154	11
19	124	23
19	197	26
20	67	89
20	161	95
20	101	67
20	133	62
20	147	62
20	143	82
20	104	94
20	114	98
20	127	43
20	118	7
20	132	91
20	23	12
20	113	67
20	142	42
20	156	29
20	94	81
20	119	76
20	169	10
20	74	82
20	158	36
20	91	58
20	163	57
20	145	39
20	164	79
20	81	29
20	162	15
20	174	97
20	136	65
20	121	33
20	122	69
20	70	71
20	155	98
20	26	78
20	165	90
20	22	31
20	89	74
20	151	30
20	125	63
20	141	6
20	40	74
20	39	31
20	97	60
20	197	59
20	175	69
20	154	78
20	93	39
20	98	84
20	45	41
20	168	77
20	137	92
20	34	99
20	123	85
20	25	76
20	28	36
20	48	52
20	79	45
20	152	86
20	78	63
20	190	78
20	90	30
20	105	20
20	69	93
20	187	11
20	157	66
20	170	54
20	139	36
20	191	64
20	75	43
20	108	33
20	124	43
20	160	76
21	123	97
21	144	91
21	160	95
21	129	8
21	146	6
21	126	52
21	150	77
21	155	51
21	152	45
21	174	68
21	145	45
21	79	90
21	105	57
21	111	58
21	166	58
21	120	91
21	118	27
21	72	39
21	65	23
21	91	24
21	172	95
21	84	69
21	117	61
21	100	60
21	87	70
21	133	80
21	137	10
21	156	51
21	80	16
21	104	39
21	175	98
21	96	60
21	83	39
21	101	76
21	176	59
21	147	89
21	128	65
21	89	45
21	134	91
21	171	78
21	30	7
21	71	80
21	140	60
21	149	31
21	143	19
21	31	16
21	135	23
21	26	74
21	22	43
21	86	48
21	196	67
21	40	53
21	36	23
21	70	16
21	158	92
21	107	40
21	68	21
21	77	83
21	97	74
21	194	72
21	121	37
21	132	60
21	148	28
21	165	81
21	187	92
21	141	52
21	193	65
21	130	69
21	52	99
21	92	11
21	131	36
21	25	73
21	82	75
21	42	12
21	162	66
21	180	56
22	77	37
22	163	74
22	136	52
22	88	80
22	103	32
22	144	84
22	87	77
22	107	53
22	155	63
22	93	58
22	125	8
22	178	83
22	143	94
22	89	93
22	102	96
22	82	85
22	115	93
22	66	15
22	113	68
22	31	19
22	76	46
22	27	65
22	105	89
22	132	69
22	131	21
22	68	43
22	91	32
22	150	84
22	28	26
22	151	58
22	140	21
22	36	80
22	171	29
22	156	36
22	177	15
22	25	32
22	110	54
22	197	28
22	162	93
22	170	51
22	70	32
22	134	87
22	29	57
22	169	98
22	41	38
22	44	83
22	108	28
22	128	25
22	166	89
22	167	87
22	133	99
22	45	99
22	147	73
22	59	18
22	146	90
22	175	25
22	195	38
22	189	31
22	37	37
22	123	22
22	50	37
22	51	79
22	98	21
22	137	44
22	152	12
22	122	35
23	156	66
23	169	7
23	97	36
23	25	52
23	107	36
23	148	21
23	26	45
23	115	82
23	172	90
23	71	10
23	80	84
23	101	29
23	128	70
23	174	56
23	89	19
23	117	88
23	162	32
23	30	35
23	87	47
23	133	69
23	142	58
23	150	64
23	171	96
23	120	92
23	67	28
23	111	70
23	83	38
23	159	61
23	74	17
23	151	31
23	160	97
23	94	18
23	96	74
23	102	43
23	72	5
23	43	94
23	69	78
23	91	50
23	35	41
23	24	22
23	118	31
23	152	46
23	124	9
23	73	9
23	90	85
23	88	53
23	105	36
23	48	62
23	93	80
23	125	9
23	154	93
23	106	95
23	29	15
23	32	6
23	42	72
23	82	55
23	147	88
23	165	74
23	176	19
23	116	21
23	40	96
23	103	33
23	81	90
23	164	85
23	179	26
23	39	16
23	157	23
23	104	65
23	113	39
23	166	99
23	34	97
23	45	70
23	134	60
23	170	65
23	47	6
23	146	80
23	155	55
23	70	90
23	185	40
24	102	33
24	170	7
24	153	40
24	89	29
24	114	7
24	148	65
24	140	46
24	26	69
24	69	29
24	87	54
24	167	100
24	109	24
24	169	7
24	150	40
24	172	95
24	100	22
24	144	25
24	128	51
24	74	84
24	120	53
24	123	77
24	118	51
24	134	15
24	165	47
24	106	15
24	37	95
24	177	59
24	133	6
24	125	37
24	126	36
24	103	17
24	107	88
24	124	43
24	179	50
24	166	66
24	141	14
24	45	30
24	119	41
24	138	34
24	149	17
24	151	76
24	41	56
24	44	89
24	35	28
24	160	25
24	178	83
24	40	35
24	113	28
24	176	89
24	95	66
24	99	29
24	147	70
24	30	78
24	49	21
24	146	69
24	155	13
24	91	14
24	108	71
24	50	78
24	174	22
24	122	51
24	187	20
24	130	50
24	39	5
24	117	60
24	27	33
24	56	19
25	86	70
25	169	53
25	82	34
25	149	20
25	84	19
25	176	65
25	109	73
25	94	34
25	134	43
25	164	64
25	114	79
25	161	33
25	154	54
25	113	6
25	80	58
25	103	37
25	69	21
25	31	30
25	95	40
25	120	40
25	126	9
25	167	34
25	27	36
25	122	33
25	115	52
25	150	35
25	180	57
25	178	57
25	41	82
25	88	7
25	144	87
25	116	46
25	78	78
25	33	45
25	129	23
25	151	63
25	148	57
25	30	78
25	83	28
25	99	25
25	92	38
25	110	32
25	135	58
25	152	47
25	89	64
25	123	95
25	146	74
25	171	97
25	168	49
25	133	35
25	35	12
25	140	56
25	52	76
25	111	36
25	117	14
25	174	55
25	90	91
25	71	80
25	98	36
25	195	69
25	48	99
25	158	13
25	197	47
25	81	30
25	162	20
25	42	31
25	172	27
25	125	73
25	183	26
26	81	53
26	130	18
26	181	41
26	128	50
26	171	75
26	176	34
26	161	85
26	113	44
26	126	80
26	131	11
26	80	52
26	119	34
26	133	55
26	149	26
26	135	26
26	167	92
26	162	22
26	84	86
26	93	81
26	170	69
26	95	73
26	115	25
26	177	95
26	37	45
26	134	64
26	94	77
26	164	49
26	168	64
26	147	73
26	35	9
26	122	28
26	102	70
26	152	88
26	160	56
26	174	86
26	29	12
26	172	80
26	132	6
26	158	86
26	124	57
26	139	81
26	88	57
26	100	62
26	169	70
26	82	75
26	173	84
26	109	93
26	137	60
26	144	81
26	71	52
26	166	15
26	48	61
26	41	14
26	77	34
26	145	36
26	107	78
26	155	48
26	98	52
26	197	23
26	49	86
26	56	17
26	57	66
26	33	86
26	30	88
26	142	68
26	148	83
26	31	17
26	51	69
26	182	18
26	47	10
26	52	88
26	78	42
26	63	34
26	32	48
26	141	39
26	189	65
26	74	53
26	125	43
26	104	99
26	103	83
26	123	65
26	59	70
27	135	64
27	113	91
27	114	84
27	180	75
27	133	86
27	80	47
27	100	62
27	94	66
27	176	31
27	136	60
27	78	69
27	90	21
27	123	78
27	82	8
27	134	27
27	162	93
27	160	95
27	127	15
27	84	84
27	96	93
27	109	9
27	98	61
27	74	53
27	125	45
27	147	60
27	91	95
27	101	9
27	141	51
27	158	96
27	77	32
27	150	65
27	163	79
27	115	38
27	173	98
27	40	63
27	93	47
27	167	80
27	35	14
27	108	6
27	111	18
27	153	7
27	183	57
27	179	56
27	138	21
27	99	41
27	102	71
27	47	5
27	107	31
27	130	77
27	81	7
27	76	47
27	156	38
27	137	31
27	142	12
27	155	31
27	92	37
27	117	53
27	143	34
27	31	17
27	122	52
27	43	62
27	83	86
27	197	86
27	44	37
27	181	18
27	157	61
27	118	72
27	29	45
27	75	10
27	139	42
27	177	96
27	191	95
27	174	43
27	168	14
27	164	30
27	103	44
27	146	76
27	50	86
27	88	66
27	171	98
27	42	38
27	87	42
27	33	86
27	63	28
28	123	67
28	89	79
28	175	45
28	29	98
28	83	83
28	116	87
28	136	63
28	139	42
28	158	10
28	173	89
28	143	23
28	84	93
28	111	77
28	128	78
28	152	24
28	172	87
28	88	45
28	106	92
28	100	10
28	33	83
28	112	64
28	146	67
28	35	73
28	155	69
28	182	28
28	176	37
28	148	50
28	96	38
28	170	52
28	121	54
28	140	27
28	168	33
28	142	51
28	30	8
28	144	57
28	75	93
28	135	12
28	77	43
28	151	80
28	159	50
28	133	93
28	73	48
28	81	83
28	108	36
28	180	71
28	95	13
28	183	33
28	160	91
28	165	53
28	157	58
28	124	16
28	147	7
28	178	32
28	49	63
28	57	77
28	129	84
28	98	9
28	179	18
28	74	43
28	169	18
28	117	72
28	194	10
28	80	44
28	79	34
28	130	42
28	195	33
28	46	17
28	53	54
28	119	32
28	161	33
28	126	40
28	105	23
28	120	48
28	69	78
28	198	50
29	125	83
29	103	89
29	157	75
29	97	69
29	85	91
29	117	96
29	135	75
29	148	7
29	165	72
29	94	72
29	88	88
29	179	44
29	101	38
29	166	13
29	87	8
29	91	54
29	114	82
29	131	54
29	118	23
29	81	37
29	31	70
29	109	87
29	170	27
29	36	57
29	39	99
29	144	68
29	156	64
29	176	39
29	119	50
29	185	22
29	159	41
29	99	83
29	83	12
29	129	83
29	34	21
29	133	55
29	106	26
29	121	45
29	168	24
29	150	41
29	139	40
29	175	45
29	162	28
29	184	87
29	136	44
29	38	86
29	48	66
29	169	83
29	113	96
29	151	89
29	98	61
29	82	29
29	53	100
29	147	38
29	155	11
29	44	63
29	93	38
29	77	21
29	126	92
29	182	31
29	138	26
29	132	27
29	173	39
29	59	63
29	90	28
29	41	71
29	73	69
29	163	81
29	180	52
29	107	39
29	102	46
29	96	80
29	183	61
29	76	48
29	49	14
29	137	35
29	105	44
29	193	83
29	52	99
30	111	91
30	174	55
30	92	27
30	134	22
30	33	26
30	182	65
30	93	67
30	177	10
30	74	29
30	105	28
30	132	79
30	180	7
30	115	62
30	152	65
30	32	30
30	90	44
30	31	91
30	87	51
30	141	77
30	140	11
30	116	65
30	124	98
30	86	98
30	99	98
30	109	10
30	118	48
30	120	89
30	75	99
30	83	54
30	35	22
30	131	59
30	135	42
30	162	15
30	76	49
30	85	91
30	158	21
30	102	12
30	148	64
30	89	99
30	151	22
30	79	57
30	155	89
30	106	20
30	142	55
30	108	53
30	184	19
30	45	48
30	160	66
30	159	61
30	130	24
30	123	31
30	114	78
30	167	38
30	110	9
30	183	82
30	104	91
30	138	60
30	127	52
30	94	18
30	40	74
30	64	85
30	197	29
30	43	84
30	77	27
30	55	63
30	65	82
30	136	16
30	67	17
30	69	19
30	191	7
30	126	54
30	171	14
30	190	75
30	176	9
30	44	49
31	138	55
31	112	88
31	121	72
31	149	60
31	146	23
31	119	60
31	129	10
31	134	15
31	172	6
31	159	71
31	92	98
31	147	52
31	151	20
31	187	40
31	82	61
31	96	79
31	87	21
31	183	87
31	167	76
31	136	48
31	173	54
31	80	14
31	160	56
31	156	70
31	171	74
31	148	73
31	79	98
31	116	42
31	157	23
31	120	16
31	123	40
31	153	95
31	98	37
31	169	87
31	186	74
31	95	80
31	131	92
31	185	17
31	77	13
31	128	8
31	50	42
31	124	27
31	91	39
31	34	58
31	127	29
31	110	59
31	139	49
31	130	92
31	142	78
31	76	97
31	135	64
31	161	15
31	103	60
31	52	77
31	177	92
31	175	12
31	106	93
31	90	74
31	164	51
31	99	77
31	126	30
31	155	17
31	86	20
31	39	6
31	170	29
31	101	6
31	69	71
31	62	66
31	37	92
31	191	91
31	48	16
31	192	39
32	87	32
32	186	8
32	97	17
32	104	68
32	147	79
32	101	10
32	170	92
32	96	23
32	123	14
32	85	8
32	137	26
32	145	19
32	159	22
32	35	98
32	133	82
32	95	55
32	106	73
32	177	48
32	131	28
32	162	13
32	157	73
32	121	9
32	185	95
32	82	55
32	143	9
32	40	14
32	160	87
32	178	31
32	115	19
32	156	12
32	167	97
32	155	19
32	112	9
32	129	41
32	48	56
32	172	22
32	77	80
32	132	78
32	100	78
32	36	63
32	105	57
32	107	68
32	119	69
32	164	35
32	39	24
32	54	33
32	102	39
32	78	12
32	89	14
32	76	58
32	99	99
32	136	18
32	182	84
32	110	41
32	93	31
32	152	42
32	138	50
32	49	9
32	56	13
32	165	47
32	151	22
32	55	74
32	154	32
32	126	99
32	86	100
32	41	38
32	153	81
32	52	70
32	34	47
32	150	55
32	37	72
32	109	69
32	47	22
32	42	93
32	79	54
32	114	64
33	92	81
33	181	15
33	154	17
33	165	51
33	172	47
33	174	95
33	184	83
33	177	75
33	115	45
33	81	77
33	119	73
33	156	56
33	93	70
33	125	63
33	98	27
33	175	48
33	150	20
33	186	97
33	160	16
33	106	48
33	135	24
33	88	19
33	96	81
33	161	81
33	187	41
33	100	93
33	102	9
33	117	16
33	77	61
33	166	16
33	141	89
33	162	78
33	44	99
33	99	63
33	185	83
33	104	60
33	167	98
33	114	27
33	107	27
33	110	16
33	136	34
33	173	20
33	87	76
33	129	10
33	40	78
33	97	20
33	140	86
33	171	21
33	112	19
33	38	12
33	153	46
33	128	46
33	169	7
33	149	53
33	52	90
33	179	64
33	46	75
33	138	51
33	148	55
33	164	43
33	59	10
33	189	29
33	147	35
33	66	87
33	127	77
33	55	57
33	122	32
33	133	96
33	176	52
33	130	39
33	111	50
33	56	42
33	57	78
33	71	9
33	90	57
33	86	77
33	168	44
34	112	25
34	124	75
34	105	14
34	130	77
34	132	28
34	164	91
34	94	19
34	151	64
34	80	41
34	169	7
34	180	9
34	181	63
34	98	95
34	152	6
34	162	53
34	35	88
34	129	58
34	135	77
34	42	85
34	84	36
34	117	22
34	137	47
34	114	31
34	100	11
34	46	80
34	134	24
34	140	61
34	111	63
34	44	48
34	163	22
34	143	22
34	49	88
34	39	57
34	88	78
34	47	84
34	87	65
34	55	74
34	131	73
34	103	42
34	147	24
34	173	46
34	110	49
34	161	80
34	182	97
34	176	62
34	92	94
34	61	89
34	91	61
34	157	21
34	156	74
34	141	60
34	102	29
34	144	6
34	58	72
34	96	75
34	150	28
34	90	11
34	115	59
34	119	40
34	59	81
34	187	62
34	179	74
34	172	26
34	51	32
34	48	59
34	101	86
34	199	59
34	146	14
34	171	23
34	66	72
35	114	47
35	104	54
35	87	49
35	88	59
35	143	45
35	111	99
35	101	85
35	100	42
35	165	95
35	154	64
35	91	53
35	150	66
35	156	78
35	89	7
35	157	85
35	94	12
35	141	23
35	42	87
35	190	35
35	136	31
35	46	95
35	177	12
35	191	69
35	133	20
35	108	44
35	172	96
35	144	29
35	169	93
35	99	91
35	124	75
35	96	39
35	52	15
35	121	90
35	151	70
35	117	40
35	106	54
35	56	60
35	119	79
35	82	43
35	41	20
35	168	73
35	127	56
35	79	45
35	173	41
35	163	42
35	110	66
35	45	23
35	176	68
35	53	18
35	59	81
35	80	64
35	107	35
35	137	24
35	179	94
35	81	15
35	174	58
35	139	26
35	140	34
35	185	61
35	37	66
35	123	12
35	49	100
35	86	54
35	142	16
35	92	44
35	105	27
35	162	18
35	197	53
35	187	65
35	61	9
36	112	68
36	96	47
36	141	9
36	151	79
36	171	47
36	180	85
36	114	72
36	110	92
36	121	17
36	118	46
36	170	38
36	167	99
36	149	32
36	158	8
36	184	35
36	173	62
36	116	78
36	80	61
36	124	65
36	160	25
36	133	95
36	189	73
36	120	59
36	47	53
36	83	17
36	41	10
36	175	17
36	187	30
36	119	96
36	190	98
36	91	91
36	148	23
36	137	67
36	42	100
36	185	93
36	172	14
36	153	19
36	156	31
36	49	45
36	191	92
36	107	54
36	86	26
36	38	80
36	101	26
36	57	33
36	115	84
36	152	84
36	88	27
36	102	41
36	179	62
36	94	15
36	176	49
36	54	67
36	111	86
36	186	97
36	87	47
36	44	17
36	183	81
36	93	25
36	146	79
36	37	38
36	159	48
36	53	41
36	150	86
36	46	47
36	67	10
36	134	36
36	162	33
36	84	54
36	145	67
36	61	40
36	82	86
36	50	33
36	139	70
36	39	20
36	109	87
36	52	54
36	181	56
36	98	14
36	64	94
36	182	89
36	68	25
36	40	37
37	107	51
37	160	79
37	95	59
37	90	67
37	179	28
37	174	83
37	98	52
37	181	58
37	81	29
37	142	89
37	110	23
37	166	97
37	187	18
37	113	6
37	148	87
37	42	64
37	124	49
37	117	17
37	192	28
37	43	90
37	106	69
37	156	96
37	169	61
37	105	63
37	147	77
37	91	72
37	123	40
37	183	18
37	163	21
37	97	75
37	150	20
37	143	19
37	149	77
37	180	55
37	119	45
37	155	71
37	172	69
37	114	85
37	131	40
37	161	48
37	53	51
37	101	73
37	158	79
37	45	69
37	135	78
37	111	18
37	136	50
37	145	80
37	175	65
37	60	83
37	96	11
37	115	41
37	54	92
37	88	73
37	171	17
37	121	53
37	44	43
37	173	64
37	52	74
37	151	13
37	127	67
37	129	96
37	130	15
37	125	93
37	58	79
37	85	14
37	41	80
37	133	16
37	189	47
37	67	59
37	139	88
37	152	16
37	94	12
37	102	58
37	137	18
37	178	65
37	190	41
37	128	24
37	116	91
37	144	31
37	182	52
37	76	32
37	48	40
38	158	77
38	128	75
38	167	20
38	161	96
38	181	90
38	154	64
38	88	84
38	84	13
38	170	54
38	153	9
38	96	25
38	104	41
38	83	96
38	184	51
38	114	27
38	156	46
38	173	18
38	177	51
38	142	75
38	85	77
38	146	78
38	44	40
38	52	26
38	109	9
38	116	57
38	39	45
38	55	29
38	172	51
38	127	73
38	135	75
38	136	48
38	178	19
38	53	28
38	168	69
38	163	58
38	82	14
38	123	88
38	137	53
38	98	17
38	131	48
38	144	77
38	174	96
38	45	88
38	165	99
38	103	92
38	132	48
38	147	78
38	120	96
38	134	32
38	121	38
38	86	26
38	118	16
38	90	85
38	60	56
38	101	91
38	47	17
38	162	22
38	100	55
38	159	59
38	119	82
38	73	88
38	93	29
38	179	25
38	74	13
38	94	19
38	72	54
38	150	57
38	111	50
38	190	28
38	92	8
38	63	72
38	65	89
38	58	63
38	70	35
38	71	82
38	182	87
39	180	69
39	40	61
39	136	28
39	179	5
39	162	59
39	102	97
39	168	72
39	110	33
39	135	69
39	146	84
39	119	79
39	128	16
39	153	49
39	142	59
39	87	55
39	98	89
39	141	74
39	183	14
39	186	10
39	120	9
39	175	19
39	184	20
39	91	56
39	44	24
39	176	85
39	116	17
39	193	25
39	83	55
39	152	71
39	163	77
39	43	44
39	86	63
39	111	79
39	49	92
39	190	54
39	137	27
39	53	77
39	113	84
39	159	100
39	88	20
39	148	83
39	112	60
39	96	38
39	89	85
39	195	32
39	192	90
39	52	11
39	155	70
39	51	39
39	122	62
39	139	85
39	181	9
39	55	33
39	170	36
39	134	44
39	94	25
39	64	98
39	166	86
39	61	76
39	167	74
39	97	29
39	60	8
39	118	39
39	171	67
39	41	29
39	47	93
39	56	81
39	125	80
39	121	24
39	109	36
39	187	8
39	143	88
39	68	53
39	62	83
39	114	38
39	76	96
39	130	63
39	188	89
39	57	20
39	100	58
39	144	71
39	63	18
39	169	70
39	59	81
40	163	8
40	129	95
40	137	29
40	95	67
40	102	54
40	128	67
40	109	7
40	90	46
40	180	21
40	139	45
40	181	82
40	97	97
40	156	14
40	130	45
40	121	20
40	135	80
40	161	81
40	42	47
40	111	83
40	127	46
40	159	74
40	168	57
40	157	43
40	144	71
40	116	36
40	119	87
40	105	72
40	154	52
40	115	77
40	55	5
40	183	20
40	164	14
40	182	78
40	98	95
40	175	62
40	93	89
40	63	61
40	188	16
40	196	28
40	174	8
40	51	7
40	96	38
40	64	44
40	112	42
40	59	36
40	138	68
40	195	57
40	66	59
40	86	45
40	117	64
40	53	96
40	47	95
40	50	61
40	56	96
40	193	59
40	113	42
40	147	82
40	49	68
40	142	88
40	46	44
40	191	36
40	44	12
40	107	31
40	152	19
40	79	26
40	186	81
41	120	81
41	151	35
41	166	82
41	152	43
41	89	33
41	96	48
41	185	24
41	46	47
41	97	51
41	127	69
41	180	19
41	142	43
41	134	87
41	162	31
41	138	26
41	123	38
41	131	7
41	163	20
41	109	36
41	165	66
41	181	24
41	193	45
41	48	15
41	186	5
41	168	71
41	175	12
41	139	71
41	177	9
41	156	69
41	158	87
41	49	79
41	55	74
41	118	30
41	169	19
41	95	86
41	176	39
41	132	34
41	145	69
41	119	47
41	135	80
41	56	17
41	108	29
41	196	69
41	149	46
41	44	38
41	91	47
41	173	54
41	154	84
41	187	20
41	161	60
41	116	98
41	140	43
41	106	54
41	182	48
41	141	83
41	159	5
41	68	59
41	51	64
41	148	46
41	150	24
41	66	81
41	112	13
41	157	23
41	73	70
41	107	78
41	183	71
42	177	29
42	161	17
42	90	84
42	162	63
42	173	83
42	43	61
42	140	97
42	106	7
42	125	90
42	110	93
42	169	50
42	194	57
42	192	90
42	157	51
42	120	61
42	127	72
42	172	73
42	123	29
42	196	55
42	102	21
42	165	11
42	132	71
42	146	97
42	134	42
42	96	87
42	108	50
42	118	25
42	145	63
42	163	32
42	92	48
42	117	80
42	158	52
42	130	22
42	116	65
42	137	75
42	164	52
42	174	75
42	170	65
42	124	72
42	183	76
42	141	70
42	51	45
42	109	7
42	159	8
42	191	73
42	59	88
42	72	27
42	160	94
42	135	69
42	156	69
42	128	53
42	138	51
42	143	87
42	73	25
42	65	29
42	94	71
42	167	49
42	168	85
42	100	35
42	46	84
42	122	29
42	186	60
42	195	69
42	49	46
42	129	57
42	68	75
42	136	43
42	99	18
43	98	92
43	155	11
43	177	32
43	182	76
43	108	21
43	144	33
43	151	95
43	106	64
43	170	18
43	103	38
43	174	88
43	187	97
43	136	73
43	134	33
43	167	71
43	125	64
43	105	55
43	116	56
43	138	19
43	183	39
43	139	27
43	107	32
43	53	57
43	193	31
43	137	29
43	110	62
43	112	91
43	181	23
43	166	7
43	179	18
43	114	86
43	175	34
43	178	91
43	135	97
43	52	10
43	88	50
43	46	66
43	97	63
43	94	55
43	156	75
43	194	79
43	127	67
43	96	46
43	158	34
43	148	90
43	111	38
43	124	40
43	163	37
43	152	52
43	56	67
43	58	22
43	91	11
43	169	24
43	64	69
43	192	35
43	69	23
43	121	46
43	119	42
43	54	99
43	60	21
43	75	69
43	126	17
43	186	18
43	153	57
43	92	90
43	196	73
43	146	47
43	57	41
43	199	87
43	55	32
43	133	79
43	115	76
43	197	81
43	191	58
43	157	11
44	158	68
44	128	89
44	179	68
44	96	20
44	136	67
44	113	51
44	143	84
44	127	87
44	94	86
44	167	76
44	49	56
44	149	30
44	107	87
44	138	72
44	151	94
44	185	88
44	164	21
44	47	45
44	169	6
44	142	60
44	45	73
44	89	32
44	154	15
44	144	48
44	180	37
44	188	73
44	191	72
44	156	73
44	51	74
44	141	62
44	100	90
44	118	6
44	134	74
44	108	19
44	58	57
44	50	14
44	170	19
44	183	26
44	103	69
44	129	38
44	147	36
44	115	52
44	90	50
44	155	94
44	150	96
44	196	51
44	199	94
44	117	85
44	163	76
44	184	21
44	54	89
44	92	80
44	72	43
44	173	64
44	178	23
44	186	30
44	123	98
44	88	87
44	64	98
44	91	93
44	162	28
44	190	61
44	195	39
44	168	61
44	176	6
44	97	14
44	121	21
44	189	86
44	95	69
44	60	34
44	78	67
44	146	51
45	146	83
45	159	97
45	108	68
45	150	10
45	124	26
45	196	16
45	122	53
45	133	8
45	135	23
45	165	7
45	49	85
45	95	22
45	148	34
45	151	39
45	142	99
45	166	25
45	180	8
45	114	58
45	160	51
45	132	63
45	170	36
45	155	15
45	177	62
45	89	25
45	60	83
45	129	43
45	145	75
45	130	57
45	46	31
45	139	81
45	141	48
45	152	67
45	197	76
45	102	73
45	106	81
45	143	70
45	66	28
45	111	17
45	94	50
45	179	45
45	107	79
45	153	38
45	116	70
45	136	79
45	169	67
45	48	64
45	100	58
45	105	20
45	191	73
45	120	40
45	137	96
45	194	65
45	156	52
45	185	78
45	115	8
45	199	10
45	91	26
45	61	22
45	52	97
45	125	91
45	182	53
45	113	41
45	53	96
45	163	11
45	104	77
46	156	66
46	124	73
46	166	99
46	100	86
46	159	49
46	154	63
46	189	63
46	196	13
46	134	15
46	94	37
46	168	98
46	147	63
46	152	83
46	138	7
46	164	82
46	155	91
46	195	21
46	118	97
46	97	30
46	105	36
46	153	10
46	179	86
46	54	36
46	188	92
46	47	59
46	90	75
46	95	78
46	144	40
46	101	88
46	116	94
46	52	56
46	140	98
46	121	28
46	194	97
46	59	80
46	109	79
46	104	78
46	120	87
46	157	84
46	161	18
46	126	58
46	108	53
46	103	77
46	171	7
46	178	56
46	51	12
46	181	61
46	119	25
46	167	23
46	65	70
46	64	30
46	193	49
46	68	35
46	182	99
46	63	37
46	99	48
46	180	81
46	48	78
46	57	80
46	98	95
46	102	58
46	110	22
46	80	58
46	75	100
46	78	50
46	136	64
46	198	47
46	169	23
47	116	34
47	153	71
47	129	47
47	114	76
47	99	51
47	169	86
47	126	76
47	142	48
47	188	61
47	106	43
47	112	55
47	128	11
47	189	82
47	51	5
47	173	28
47	174	84
47	105	65
47	137	50
47	123	73
47	108	77
47	140	73
47	143	93
47	144	31
47	49	8
47	164	84
47	109	50
47	157	79
47	95	93
47	107	74
47	57	85
47	179	70
47	113	69
47	168	29
47	162	36
47	103	17
47	53	69
47	196	38
47	156	62
47	61	28
47	115	99
47	136	67
47	68	35
47	181	54
47	193	86
47	178	67
47	118	47
47	161	69
47	101	89
47	55	20
47	67	18
47	121	70
47	48	68
47	167	99
47	172	48
47	133	28
47	60	62
47	104	16
47	198	45
47	175	63
47	194	21
47	62	50
47	76	93
47	191	36
47	134	93
47	69	91
47	145	37
47	197	77
47	91	90
47	78	80
47	100	13
47	195	23
48	117	86
48	158	44
48	114	90
48	98	47
48	180	66
48	101	77
48	49	30
48	175	79
48	188	7
48	50	71
48	147	72
48	94	14
48	142	71
48	119	76
48	129	79
48	165	86
48	112	88
48	132	63
48	194	38
48	122	80
48	192	82
48	145	94
48	51	57
48	103	76
48	149	6
48	53	10
48	151	7
48	178	15
48	161	99
48	125	60
48	65	91
48	136	31
48	167	38
48	183	22
48	115	59
48	195	36
48	131	62
48	176	30
48	70	33
48	169	30
48	189	17
48	133	32
48	154	54
48	196	83
48	199	38
48	152	59
48	95	54
48	57	86
48	187	43
48	150	32
48	93	79
48	116	76
48	168	96
48	113	16
48	82	57
48	73	80
48	118	97
48	72	23
48	60	85
48	79	6
48	55	16
48	59	68
48	139	16
48	170	62
48	184	6
48	74	15
48	138	16
48	163	63
48	75	60
49	100	28
49	177	17
49	116	48
49	165	86
49	164	68
49	197	94
49	167	95
49	112	77
49	121	74
49	149	45
49	195	55
49	141	53
49	95	21
49	198	11
49	170	51
49	128	98
49	185	8
49	178	73
49	102	60
49	192	40
49	120	31
49	110	73
49	105	51
49	126	81
49	155	93
49	172	67
49	133	78
49	160	59
49	59	65
49	57	25
49	137	85
49	184	99
49	130	44
49	124	30
49	97	40
49	56	15
49	176	87
49	175	12
49	163	45
49	123	7
49	151	75
49	93	92
49	103	12
49	153	61
49	182	35
49	134	53
49	171	96
49	104	51
49	139	80
49	136	66
49	189	15
49	111	86
49	166	33
49	98	59
49	180	38
49	106	88
49	162	63
49	173	50
49	190	44
49	193	16
49	113	95
49	63	87
49	101	65
49	117	25
49	186	20
49	168	53
49	154	99
49	174	25
50	155	24
50	199	51
50	190	78
50	140	94
50	172	74
50	107	34
50	163	77
50	131	13
50	116	63
50	137	54
50	160	13
50	191	53
50	139	95
50	162	85
50	100	84
50	123	9
50	166	9
50	127	35
50	59	100
50	177	22
50	115	30
50	132	88
50	119	44
50	182	26
50	178	20
50	196	100
50	111	23
50	183	25
50	189	45
50	179	61
50	122	44
50	124	34
50	94	63
50	110	93
50	154	48
50	180	82
50	121	56
50	138	12
50	157	97
50	112	60
50	113	7
50	108	15
50	181	71
50	120	7
50	118	44
50	61	99
50	68	79
50	60	48
50	194	19
50	53	12
50	153	70
50	142	61
50	187	60
50	135	65
50	105	41
50	147	62
50	198	56
50	197	55
50	152	23
50	145	48
50	55	93
50	96	95
50	72	21
50	71	38
50	62	69
50	101	90
50	170	43
50	171	20
50	106	100
50	174	6
50	193	7
50	114	82
50	89	19
50	165	58
51	178	79
51	107	42
51	109	56
51	102	7
51	141	63
51	115	55
51	128	32
51	108	45
51	157	97
51	97	90
51	164	42
51	111	48
51	59	45
51	190	6
51	145	68
51	124	56
51	183	26
51	98	50
51	167	38
51	123	76
51	175	89
51	156	43
51	130	57
51	120	52
51	125	30
51	196	81
51	114	38
51	105	85
51	148	13
51	138	14
51	195	23
51	160	91
51	162	6
51	99	98
51	198	71
51	131	98
51	151	31
51	179	93
51	163	48
51	126	85
51	77	59
51	63	26
51	57	43
51	181	42
51	168	61
51	189	21
51	121	68
51	62	44
51	82	21
51	193	79
51	65	49
51	170	45
51	139	57
51	70	49
51	132	30
51	78	79
51	66	35
51	146	50
51	106	24
51	127	51
51	118	73
51	137	73
51	112	42
51	173	58
51	80	29
52	172	69
52	183	93
52	115	35
52	163	56
52	192	8
52	142	64
52	171	62
52	179	89
52	135	16
52	133	84
52	99	63
52	56	13
52	150	77
52	140	84
52	187	67
52	141	83
52	160	46
52	53	45
52	195	49
52	199	32
52	185	55
52	119	68
52	60	51
52	165	36
52	157	5
52	158	37
52	134	96
52	132	27
52	113	78
52	116	99
52	112	39
52	107	66
52	96	55
52	139	31
52	121	59
52	111	51
52	162	71
52	104	54
52	67	31
52	184	70
52	176	52
52	146	50
52	159	72
52	63	11
52	65	76
52	118	16
52	136	74
52	153	20
52	128	64
52	180	28
52	73	90
52	147	33
52	69	61
52	68	54
52	145	28
52	182	53
52	84	90
52	77	78
52	190	83
52	188	78
52	101	13
52	154	85
52	161	97
52	55	97
52	98	40
52	189	16
53	173	53
53	149	99
53	116	20
53	138	80
53	162	56
53	137	15
53	122	40
53	168	78
53	194	35
53	167	17
53	157	83
53	181	63
53	182	64
53	199	43
53	118	24
53	110	70
53	186	76
53	142	47
53	170	22
53	105	31
53	57	32
53	120	47
53	99	65
53	55	38
53	107	7
53	121	81
53	185	98
53	154	28
53	145	97
53	187	56
53	161	37
53	180	49
53	144	38
53	165	27
53	179	86
53	69	9
53	102	72
53	174	83
53	80	61
53	59	91
53	155	55
53	151	35
53	175	72
53	112	79
53	104	60
53	79	50
53	184	84
53	114	49
53	60	74
53	171	89
53	58	71
53	131	25
53	147	89
53	188	60
53	56	47
53	100	9
53	156	49
54	125	20
54	138	74
54	150	77
54	195	46
54	164	70
54	134	62
54	165	89
54	187	24
54	57	75
54	113	15
54	130	74
54	168	27
54	173	68
54	196	80
54	106	79
54	184	92
54	156	63
54	61	16
54	120	12
54	147	84
54	161	57
54	118	66
54	148	98
54	166	57
54	182	20
54	63	94
54	197	66
54	142	30
54	188	17
54	159	43
54	128	92
54	169	82
54	194	19
54	124	25
54	199	68
54	158	82
54	107	76
54	116	92
54	102	6
54	66	14
54	143	83
54	198	56
54	58	79
54	193	8
54	68	72
54	179	81
54	112	52
54	119	34
54	74	73
54	104	61
54	81	18
54	105	22
54	144	83
54	170	11
54	177	98
54	136	8
54	185	51
54	62	57
54	109	51
54	127	25
54	191	33
54	75	87
54	172	57
54	72	51
54	98	19
54	154	77
54	180	58
54	87	62
54	103	32
54	131	85
54	65	21
54	84	92
54	160	81
54	82	65
54	83	96
54	171	32
54	175	98
54	178	52
54	157	52
54	93	98
54	67	64
55	114	84
55	106	84
55	141	96
55	186	49
55	108	95
55	147	39
55	172	81
55	102	38
55	176	68
55	169	41
55	127	63
55	129	36
55	100	56
55	134	65
55	137	20
55	63	83
55	138	33
55	148	94
55	142	23
55	61	55
55	113	49
55	146	46
55	130	19
55	149	54
55	117	66
55	71	31
55	173	41
55	177	64
55	165	82
55	154	34
55	103	15
55	139	87
55	152	63
55	184	21
55	126	80
55	160	16
55	66	24
55	122	68
55	156	97
55	133	47
55	143	60
55	198	92
55	110	80
55	145	32
55	79	40
55	151	99
55	162	22
55	140	37
55	125	19
55	62	37
55	132	26
55	193	44
55	115	66
55	56	43
55	167	91
55	64	62
55	65	86
55	111	21
55	101	72
55	128	55
55	72	81
56	184	36
56	178	95
56	140	94
56	190	34
56	118	15
56	193	92
56	176	64
56	135	11
56	171	70
56	127	21
56	165	19
56	172	21
56	61	53
56	174	37
56	123	39
56	157	63
56	183	9
56	128	15
56	133	66
56	126	92
56	110	27
56	111	64
56	120	60
56	59	56
56	196	31
56	159	15
56	124	19
56	112	57
56	154	86
56	158	80
56	195	20
56	69	68
56	122	62
56	137	60
56	100	94
56	71	89
56	70	13
56	161	54
56	185	25
56	156	33
56	67	97
56	103	94
56	166	48
56	104	66
56	144	84
56	106	24
56	76	94
56	177	69
56	149	95
56	136	74
56	175	34
56	138	22
56	130	21
56	129	74
56	141	90
56	107	65
56	116	56
56	194	59
56	64	83
56	150	24
56	173	93
57	128	31
57	158	19
57	117	32
57	181	98
57	125	96
57	161	70
57	165	23
57	148	98
57	166	32
57	196	63
57	198	74
57	143	65
57	145	90
57	180	54
57	169	70
57	170	87
57	186	89
57	107	27
57	118	86
57	162	19
57	109	63
57	122	22
57	155	75
57	135	21
57	164	43
57	129	46
57	177	38
57	167	76
57	179	46
57	142	77
57	110	52
57	59	24
57	67	41
57	119	30
57	156	7
57	111	56
57	60	64
57	173	40
57	140	97
57	74	58
57	137	59
57	81	59
57	182	81
57	151	65
57	199	74
57	134	50
57	85	54
57	120	40
57	115	87
57	192	10
57	127	43
57	64	15
57	144	77
57	154	93
57	195	62
57	168	51
57	153	55
57	101	56
57	194	61
57	75	40
57	91	29
57	147	70
57	178	12
57	187	56
58	196	26
58	199	100
58	111	28
58	59	58
58	164	66
58	105	50
58	186	29
58	177	85
58	161	41
58	183	7
58	102	92
58	180	74
58	148	37
58	131	11
58	168	43
58	155	9
58	162	68
58	189	99
58	117	43
58	112	25
58	139	34
58	178	45
58	144	78
58	69	22
58	134	58
58	147	81
58	109	60
58	142	39
58	187	58
58	193	93
58	198	46
58	61	67
58	104	17
58	107	10
58	146	11
58	128	10
58	152	70
58	119	41
58	154	79
58	78	45
58	156	54
58	169	81
58	163	20
58	158	22
58	135	41
58	166	24
58	114	70
58	130	63
58	192	24
58	184	10
58	176	47
58	181	73
58	70	59
58	132	90
58	123	8
58	122	14
58	195	15
58	175	68
58	118	63
58	80	72
58	140	13
58	85	89
58	116	79
58	88	16
59	167	84
59	134	13
59	182	91
59	196	38
59	106	97
59	153	62
59	129	14
59	188	64
59	159	23
59	116	83
59	195	46
59	115	38
59	117	19
59	173	17
59	155	100
59	140	16
59	143	74
59	151	26
59	157	72
59	141	81
59	150	29
59	108	11
59	152	27
59	176	38
59	177	93
59	119	49
59	193	44
59	113	80
59	160	23
59	138	85
59	192	42
59	185	98
59	137	41
59	74	80
59	147	62
59	110	44
59	127	9
59	104	41
59	146	99
59	114	33
59	130	18
59	80	43
59	118	94
59	163	10
59	189	86
59	76	48
59	178	18
59	73	60
59	180	74
59	83	22
59	156	20
59	183	89
59	191	31
59	142	70
59	186	89
59	84	73
59	94	87
59	86	82
59	166	54
59	194	23
59	123	47
59	112	45
59	165	61
59	169	68
59	135	62
59	161	41
59	168	87
59	121	5
59	68	40
59	111	80
59	82	89
59	139	69
60	108	55
60	177	69
60	171	36
60	160	61
60	125	60
60	142	29
60	62	31
60	115	75
60	123	58
60	175	88
60	164	55
60	174	82
60	66	37
60	118	77
60	186	13
60	188	87
60	168	90
60	65	34
60	147	21
60	131	13
60	197	33
60	68	71
60	198	46
60	109	60
60	176	50
60	182	27
60	196	75
60	145	11
60	110	49
60	140	16
60	146	34
60	80	48
60	139	48
60	77	13
60	117	93
60	122	32
60	187	20
60	199	54
60	114	71
60	113	8
60	155	16
60	156	61
60	150	53
60	163	54
60	78	69
60	81	69
60	129	18
60	119	80
60	153	14
60	64	52
60	136	91
60	75	31
60	144	28
60	74	87
60	180	92
60	112	50
60	135	44
60	158	45
60	120	37
60	161	11
60	183	56
60	71	89
60	148	98
60	173	61
61	162	37
61	156	52
61	167	39
61	113	9
61	140	13
61	153	9
61	177	13
61	178	98
61	189	28
61	195	76
61	139	37
61	180	78
61	160	71
61	109	69
61	143	12
61	126	76
61	138	27
61	149	96
61	111	56
61	191	9
61	193	21
61	185	93
61	68	18
61	183	32
61	108	76
61	179	100
61	110	11
61	161	49
61	194	26
61	120	40
61	144	6
61	163	42
61	123	98
61	70	83
61	182	86
61	119	82
61	132	8
61	145	96
61	154	46
61	121	99
61	84	55
61	105	41
61	175	63
61	159	98
61	188	79
61	89	42
61	80	39
61	83	36
61	164	24
61	148	14
61	130	85
61	64	41
61	125	16
61	115	45
61	152	99
61	63	80
61	99	10
61	91	39
61	142	55
61	92	15
62	107	21
62	141	52
62	149	9
62	117	37
62	154	66
62	128	19
62	124	79
62	161	51
62	177	68
62	63	85
62	183	25
62	196	36
62	109	8
62	111	15
62	125	78
62	187	12
62	71	37
62	120	74
62	121	36
62	138	26
62	73	81
62	180	75
62	170	18
62	194	45
62	173	73
62	199	52
62	195	86
62	190	94
62	72	19
62	106	8
62	176	77
62	152	72
62	76	37
62	147	17
62	178	8
62	118	42
62	137	60
62	80	77
62	145	51
62	123	36
62	142	81
62	151	76
62	134	23
62	77	73
62	165	14
62	153	77
62	108	43
62	119	13
62	135	86
62	197	68
62	69	64
62	114	76
62	131	97
62	181	86
62	91	30
62	97	52
62	156	44
62	101	27
62	100	28
62	179	42
62	89	46
63	112	81
63	164	96
63	139	97
63	158	8
63	154	30
63	177	69
63	146	63
63	193	59
63	118	93
63	170	17
63	188	37
63	67	62
63	151	79
63	184	14
63	187	68
63	65	71
63	171	32
63	169	17
63	109	40
63	123	53
63	145	70
63	107	40
63	197	55
63	166	34
63	156	80
63	147	72
63	160	65
63	81	12
63	192	29
63	64	85
63	149	27
63	186	79
63	165	54
63	175	99
63	73	64
63	128	44
63	178	40
63	91	17
63	121	11
63	153	90
63	190	58
63	134	47
63	179	96
63	144	95
63	180	17
63	120	51
63	69	67
63	76	15
63	119	79
63	95	72
63	90	44
63	181	58
63	86	29
63	99	9
63	138	81
63	163	8
63	142	10
63	132	44
63	174	8
63	80	88
63	93	41
63	96	27
64	163	21
64	176	31
64	194	54
64	190	69
64	168	49
64	117	62
64	144	87
64	132	84
64	135	11
64	150	56
64	153	93
64	151	80
64	121	58
64	184	69
64	111	99
64	169	91
64	181	81
64	164	96
64	129	50
64	157	93
64	116	38
64	171	19
64	158	17
64	148	38
64	75	51
64	143	95
64	161	40
64	182	85
64	133	28
64	79	42
64	160	25
64	71	24
64	142	58
64	191	73
64	119	10
64	114	40
64	130	53
64	154	46
64	172	22
64	189	61
64	166	8
64	198	36
64	90	85
64	136	68
64	124	97
64	197	46
64	74	96
64	183	12
64	87	9
64	67	92
64	167	6
64	131	88
64	73	90
64	174	89
64	82	77
64	141	10
64	137	52
64	77	98
64	128	92
64	123	55
64	65	12
64	83	81
64	122	81
64	66	79
64	89	12
64	96	68
64	139	93
64	192	91
64	112	63
64	97	41
65	170	33
65	126	85
65	158	92
65	130	91
65	163	33
65	179	20
65	113	88
65	122	72
65	171	83
65	71	79
65	112	72
65	111	77
65	120	79
65	192	45
65	142	54
65	190	44
65	72	70
65	131	26
65	133	24
65	75	99
65	148	98
65	195	90
65	134	30
65	188	66
65	155	94
65	110	24
65	181	80
65	169	53
65	73	8
65	193	12
65	176	32
65	184	72
65	196	99
65	199	79
65	167	99
65	172	40
65	117	33
65	76	66
65	91	72
65	79	23
65	139	36
65	178	46
65	68	50
65	186	65
65	81	39
65	156	8
65	114	21
65	157	15
65	162	18
65	161	62
65	94	65
65	160	97
65	197	55
65	101	14
65	149	96
65	98	96
65	115	60
65	168	82
66	115	26
66	117	19
66	166	23
66	112	97
66	119	22
66	125	92
66	197	68
66	177	49
66	127	88
66	181	56
66	139	52
66	151	11
66	188	79
66	121	84
66	184	76
66	183	30
66	118	23
66	161	74
66	150	74
66	187	35
66	113	29
66	72	45
66	79	39
66	158	68
66	69	77
66	128	26
66	179	30
66	145	70
66	163	38
66	195	33
66	126	88
66	155	78
66	147	51
66	81	49
66	146	36
66	71	13
66	123	75
66	83	76
66	169	54
66	174	72
66	82	63
66	193	85
66	186	55
66	199	40
66	178	8
66	86	94
66	67	43
66	77	39
66	131	74
66	173	21
66	189	6
66	70	22
66	160	40
66	176	89
66	91	12
66	130	32
66	141	46
66	142	83
66	124	92
67	129	52
67	152	92
67	139	13
67	141	34
67	166	94
67	172	59
67	159	98
67	169	16
67	187	33
67	161	7
67	197	47
67	72	83
67	135	26
67	154	23
67	180	35
67	70	78
67	174	51
67	120	98
67	143	97
67	138	93
67	142	62
67	163	15
67	184	47
67	191	84
67	115	91
67	118	73
67	69	90
67	164	65
67	76	76
67	147	25
67	68	19
67	144	20
67	192	33
67	121	41
67	194	7
67	85	69
67	171	35
67	114	35
67	182	68
67	78	94
67	162	85
67	128	78
67	165	86
67	173	77
67	79	55
67	130	75
67	93	57
67	160	26
67	183	55
67	146	9
67	150	71
67	99	50
67	196	33
67	199	54
67	188	26
67	117	22
67	83	74
67	149	33
67	155	9
68	194	22
68	185	57
68	188	70
68	123	87
68	127	50
68	157	92
68	190	5
68	198	89
68	181	42
68	179	79
68	71	62
68	69	72
68	153	21
68	136	84
68	142	42
68	147	80
68	186	37
68	145	70
68	124	58
68	121	62
68	70	23
68	176	27
68	154	80
68	77	27
68	172	58
68	143	99
68	126	47
68	146	26
68	193	73
68	177	27
68	72	28
68	162	40
68	187	66
68	171	96
68	82	93
68	173	74
68	92	19
68	151	65
68	74	89
68	97	47
68	191	48
68	164	15
68	184	76
68	83	88
68	91	87
68	139	83
68	199	90
68	160	96
68	112	28
68	197	76
68	87	56
68	99	34
68	168	41
68	125	73
68	90	99
69	197	40
69	191	42
69	196	36
69	195	93
69	123	78
69	138	45
69	166	87
69	126	65
69	164	59
69	143	68
69	145	55
69	194	54
69	152	52
69	180	74
69	175	65
69	159	86
69	144	82
69	168	84
69	192	93
69	134	48
69	137	84
69	177	54
69	183	45
69	136	92
69	169	31
69	117	88
69	125	9
69	141	23
69	186	91
69	154	92
69	129	97
69	185	40
69	75	55
69	189	94
69	70	41
69	160	53
69	190	29
69	176	83
69	116	83
69	162	22
69	81	34
69	156	30
69	87	6
69	71	72
69	163	74
69	85	45
69	165	51
69	80	63
69	193	33
69	127	33
69	115	51
69	151	42
69	181	13
69	179	64
69	187	79
69	98	80
69	77	34
69	198	32
69	150	39
69	83	77
69	106	88
69	133	36
69	130	59
69	135	50
69	148	54
69	139	93
69	122	70
69	109	78
70	128	68
70	192	8
70	132	85
70	122	44
70	167	10
70	157	79
70	118	86
70	150	69
70	160	34
70	162	56
70	164	42
70	170	94
70	116	43
70	117	64
70	177	92
70	185	91
70	152	72
70	196	41
70	120	45
70	71	52
70	169	32
70	145	44
70	127	61
70	197	10
70	163	73
70	79	90
70	172	81
70	139	29
70	114	50
70	171	66
70	138	63
70	137	93
70	158	82
70	166	67
70	182	72
70	123	67
70	143	87
70	78	10
70	76	48
70	190	58
70	82	40
70	90	48
70	141	78
70	153	34
70	93	67
70	80	75
70	88	27
70	189	68
70	83	63
70	199	10
70	147	80
70	129	86
70	104	18
70	86	42
70	135	95
70	144	100
70	198	30
70	103	60
70	194	34
70	115	78
70	95	42
70	165	41
70	183	86
71	137	6
71	129	27
71	187	82
71	158	14
71	128	79
71	141	44
71	73	83
71	156	30
71	181	94
71	135	59
71	174	41
71	164	59
71	159	56
71	168	96
71	191	12
71	178	69
71	170	15
71	126	74
71	136	27
71	131	50
71	173	44
71	75	75
71	119	91
71	194	49
71	124	31
71	86	29
71	179	69
71	166	74
71	79	56
71	132	88
71	116	54
71	122	32
71	155	49
71	188	95
71	175	61
71	150	14
71	91	12
71	197	44
71	138	81
71	96	20
71	87	45
71	74	32
71	144	20
71	185	18
71	72	61
71	149	44
71	118	96
71	98	73
71	85	67
71	142	50
71	146	97
71	182	94
71	199	12
71	76	25
71	84	94
71	184	97
71	103	41
71	95	38
71	190	92
72	173	66
72	121	97
72	118	26
72	74	27
72	129	100
72	188	38
72	119	45
72	156	47
72	159	6
72	185	21
72	194	52
72	116	22
72	73	98
72	133	36
72	75	51
72	168	70
72	77	66
72	154	28
72	186	56
72	152	57
72	169	45
72	182	47
72	157	57
72	161	98
72	138	89
72	128	11
72	124	45
72	171	12
72	158	59
72	84	17
72	127	47
72	187	38
72	91	80
72	195	73
72	147	76
72	83	12
72	137	15
72	197	88
72	199	39
72	160	16
72	164	28
72	178	70
72	184	10
72	135	44
72	170	13
72	79	66
72	134	44
72	76	87
72	103	70
72	82	66
72	100	7
72	136	51
72	145	95
72	97	46
72	177	27
72	148	22
72	192	70
72	110	29
72	105	53
72	140	9
72	163	29
72	175	55
72	190	86
72	89	86
72	99	51
72	78	27
72	92	68
73	190	56
73	125	17
73	181	81
73	169	7
73	193	100
73	153	28
73	117	35
73	124	60
73	150	35
73	199	78
73	187	10
73	136	36
73	165	5
73	172	7
73	174	80
73	189	29
73	133	26
73	126	64
73	79	15
73	81	47
73	154	78
73	86	9
73	185	31
73	183	100
73	195	71
73	74	74
73	90	45
73	156	12
73	188	94
73	171	70
73	142	60
73	132	99
73	198	32
73	119	50
73	97	8
73	78	26
73	94	55
73	99	93
73	148	98
73	149	21
73	167	35
73	170	69
73	186	13
73	178	28
73	134	35
73	143	95
73	128	85
73	163	76
73	111	77
73	107	15
73	145	67
73	89	7
73	166	93
73	121	32
73	112	45
74	178	9
74	121	17
74	164	37
74	173	57
74	118	65
74	127	54
74	132	98
74	82	21
74	148	61
74	186	24
74	145	14
74	77	47
74	136	87
74	187	6
74	189	98
74	140	94
74	183	92
74	156	67
74	171	78
74	192	35
74	147	17
74	190	73
74	131	59
74	166	96
74	86	70
74	83	73
74	172	50
74	168	43
74	135	83
74	139	8
74	152	56
74	170	31
74	181	61
74	176	66
74	158	83
74	160	22
74	179	54
74	129	97
74	87	52
74	130	83
74	195	89
74	184	50
74	81	68
74	96	83
74	80	93
74	94	60
74	154	31
74	124	33
74	142	29
74	199	37
74	84	91
74	163	59
74	133	98
74	104	28
74	76	97
75	189	63
75	197	10
75	163	29
75	174	73
75	130	31
75	145	87
75	176	72
75	183	31
75	131	13
75	178	95
75	134	72
75	160	97
75	127	39
75	148	86
75	179	55
75	76	36
75	185	50
75	121	18
75	196	46
75	85	47
75	195	99
75	180	47
75	140	8
75	164	59
75	168	23
75	167	57
75	173	40
75	142	62
75	80	94
75	132	98
75	170	20
75	119	86
75	94	96
75	84	73
75	141	61
75	192	22
75	90	40
75	137	10
75	186	35
75	92	14
75	187	81
75	86	78
75	89	23
75	100	82
75	83	65
75	184	28
75	81	25
75	99	13
75	104	77
75	133	87
75	91	42
75	120	57
75	171	35
75	126	49
75	188	77
75	125	44
75	165	60
75	111	57
75	135	37
75	122	56
75	114	46
75	101	81
75	102	39
75	95	65
75	128	70
76	199	16
76	185	70
76	132	75
76	138	47
76	149	67
76	139	93
76	187	79
76	176	6
76	80	75
76	121	88
76	179	69
76	182	71
76	186	92
76	78	39
76	178	94
76	128	97
76	86	38
76	145	68
76	82	19
76	194	47
76	124	40
76	152	79
76	177	26
76	163	39
76	195	46
76	140	89
76	170	71
76	165	23
76	180	66
76	175	9
76	159	30
76	150	95
76	130	84
76	87	99
76	169	73
76	85	49
76	142	69
76	84	53
76	93	21
76	192	77
76	77	70
76	100	24
76	103	79
76	197	83
76	146	86
76	88	86
76	141	73
76	190	61
76	91	65
76	162	90
76	98	31
76	158	61
76	81	48
76	196	74
76	157	38
76	90	79
76	94	18
76	151	72
77	180	53
77	162	42
77	167	10
77	193	94
77	171	29
77	124	89
77	155	7
77	194	70
77	157	66
77	172	13
77	83	99
77	134	67
77	159	17
77	186	71
77	81	53
77	196	31
77	138	62
77	146	43
77	82	44
77	126	90
77	188	85
77	175	67
77	163	59
77	165	64
77	142	61
77	182	42
77	132	30
77	80	18
77	95	90
77	161	60
77	84	89
77	174	28
77	79	29
77	103	42
77	129	70
77	148	20
77	102	27
77	176	53
77	123	91
77	183	97
77	199	86
77	197	80
77	104	76
77	140	87
77	90	78
77	164	14
77	135	12
77	147	15
77	121	11
77	106	34
77	152	32
78	171	86
78	165	9
78	139	73
78	189	31
78	178	57
78	168	74
78	79	86
78	195	32
78	151	21
78	146	11
78	193	13
78	197	48
78	181	57
78	81	41
78	137	61
78	180	89
78	91	100
78	190	94
78	82	59
78	161	97
78	142	78
78	124	89
78	122	22
78	185	24
78	134	10
78	87	92
78	98	73
78	148	35
78	170	86
78	140	88
78	132	31
78	136	31
78	183	50
78	163	16
78	156	23
78	188	43
78	147	76
78	89	24
78	105	36
78	160	40
78	149	29
78	182	21
78	175	67
78	112	11
78	177	100
78	158	11
78	127	11
78	133	71
78	85	30
78	138	43
78	153	45
79	185	64
79	123	71
79	124	95
79	161	97
79	169	34
79	170	69
79	164	91
79	184	93
79	144	21
79	81	69
79	153	22
79	135	12
79	165	71
79	143	85
79	178	73
79	187	94
79	86	39
79	156	5
79	142	66
79	179	29
79	139	83
79	183	70
79	190	68
79	92	15
79	146	94
79	160	16
79	96	20
79	87	34
79	157	92
79	171	19
79	88	83
79	191	34
79	197	66
79	128	83
79	140	93
79	189	51
79	162	37
79	166	38
79	152	51
79	158	57
79	134	21
79	129	33
79	147	55
79	98	82
79	94	51
79	141	94
79	193	63
79	115	52
79	168	57
79	148	46
79	127	77
79	151	97
79	131	14
79	194	69
80	133	89
80	182	59
80	146	38
80	186	96
80	145	44
80	184	71
80	151	80
80	150	38
80	195	18
80	158	64
80	197	78
80	139	64
80	164	83
80	166	55
80	172	63
80	188	27
80	199	83
80	194	88
80	89	51
80	153	91
80	126	17
80	154	50
80	90	30
80	98	57
80	196	65
80	85	40
80	91	88
80	169	43
80	92	39
80	129	85
80	86	43
80	101	90
80	127	74
80	104	19
80	82	60
80	100	65
80	124	87
80	94	16
80	96	21
80	177	65
80	103	19
80	107	51
80	81	41
80	163	78
80	156	33
80	185	29
80	136	70
80	142	89
80	111	30
80	173	71
80	147	99
80	120	18
80	192	43
80	143	29
81	153	36
81	166	62
81	163	63
81	187	14
81	174	36
81	151	74
81	155	64
81	165	57
81	183	14
81	189	39
81	168	60
81	140	65
81	177	11
81	181	23
81	84	46
81	96	9
81	91	19
81	134	69
81	149	68
81	192	61
81	190	73
81	87	59
81	167	36
81	98	77
81	82	52
81	198	20
81	101	65
81	131	39
81	164	76
81	162	40
81	100	89
81	108	96
81	99	79
81	103	96
81	184	82
81	138	67
81	110	36
81	125	70
81	111	5
81	132	95
81	92	31
81	148	77
81	129	32
81	145	60
81	93	60
81	119	95
81	180	19
81	157	38
81	116	23
81	194	45
81	182	41
82	170	69
82	191	68
82	173	35
82	199	5
82	136	100
82	89	83
82	176	93
82	187	18
82	188	13
82	159	70
82	135	61
82	196	98
82	194	77
82	87	11
82	129	79
82	139	50
82	163	17
82	95	43
82	178	34
82	192	20
82	181	62
82	86	69
82	131	13
82	101	74
82	180	56
82	161	52
82	140	68
82	175	71
82	197	89
82	167	58
82	130	58
82	144	51
82	100	29
82	147	63
82	168	32
82	189	31
82	141	10
82	171	39
82	198	24
82	109	25
82	102	15
82	150	53
82	127	86
82	149	65
82	174	62
82	183	34
82	85	37
82	143	16
82	138	48
82	103	75
82	190	90
82	160	35
82	151	31
82	92	27
83	140	77
83	150	8
83	84	30
83	131	30
83	193	10
83	184	46
83	176	57
83	138	99
83	170	93
83	134	13
83	139	60
83	174	29
83	190	70
83	145	100
83	136	31
83	169	84
83	179	21
83	96	26
83	185	50
83	168	20
83	183	7
83	90	69
83	197	82
83	172	94
83	147	70
83	163	73
83	98	70
83	108	66
83	189	12
83	160	67
83	146	29
83	95	33
83	94	48
83	110	75
83	195	97
83	198	17
83	196	43
83	158	52
83	107	32
83	141	17
83	144	96
83	181	16
83	161	18
83	86	68
83	133	38
83	129	22
83	112	46
84	167	53
84	163	10
84	157	53
84	86	68
84	176	71
84	147	34
84	152	55
84	140	92
84	164	92
84	139	22
84	165	52
84	170	11
84	132	96
84	130	76
84	158	52
84	195	97
84	172	97
84	97	57
84	90	100
84	190	52
84	168	29
84	151	94
84	134	74
84	138	53
84	186	12
84	166	73
84	155	65
84	133	97
84	142	20
84	146	98
84	159	15
84	179	13
84	100	6
84	178	87
84	136	95
84	92	68
84	93	81
84	129	68
84	187	56
84	193	27
84	95	28
84	194	62
84	111	74
84	98	82
84	137	61
84	87	17
84	189	86
84	149	19
84	180	6
84	160	30
84	191	36
84	105	67
85	199	87
85	86	85
85	188	41
85	141	77
85	155	17
85	172	46
85	139	79
85	142	40
85	171	29
85	149	66
85	177	13
85	136	79
85	96	90
85	194	41
85	162	15
85	163	93
85	191	72
85	129	70
85	151	53
85	146	9
85	133	25
85	169	77
85	164	53
85	145	74
85	100	83
85	154	87
85	190	11
85	185	69
85	156	57
85	158	61
85	132	20
85	160	75
85	144	55
85	137	29
85	161	26
85	166	29
85	113	23
85	173	84
85	168	53
85	101	35
85	131	13
85	157	39
85	183	81
85	170	22
85	152	88
85	134	94
85	165	20
85	122	35
85	104	79
85	150	43
85	198	82
86	143	41
86	183	13
86	171	68
86	137	47
86	167	8
86	154	97
86	153	8
86	151	62
86	191	26
86	195	83
86	87	96
86	135	22
86	199	54
86	88	7
86	166	90
86	193	72
86	197	40
86	162	52
86	157	33
86	156	25
86	168	68
86	170	38
86	133	9
86	184	5
86	89	51
86	188	29
86	146	40
86	99	47
86	189	54
86	92	37
86	186	8
86	134	58
86	103	33
86	116	59
86	140	49
86	175	19
86	100	81
86	111	7
86	115	20
86	174	58
86	179	79
86	198	80
86	152	12
86	149	38
86	176	22
86	114	74
86	161	38
86	127	34
87	137	86
87	144	16
87	170	64
87	143	91
87	131	55
87	184	28
87	150	53
87	192	10
87	178	10
87	164	30
87	132	40
87	166	58
87	152	10
87	153	78
87	160	42
87	141	61
87	89	41
87	138	59
87	186	31
87	133	22
87	167	28
87	149	11
87	189	25
87	195	65
87	168	49
87	179	77
87	146	27
87	194	53
87	169	70
87	148	45
87	142	25
87	106	7
87	136	79
87	175	16
87	183	70
87	147	49
87	199	60
87	135	82
87	103	18
87	151	76
87	108	82
87	109	54
87	101	48
87	154	14
87	88	49
87	102	44
87	172	22
87	176	39
88	178	62
88	168	28
88	139	53
88	175	55
88	179	84
88	176	92
88	89	77
88	134	74
88	170	66
88	92	85
88	145	59
88	165	58
88	162	66
88	181	99
88	185	25
88	194	9
88	142	31
88	143	66
88	182	59
88	164	31
88	189	95
88	140	47
88	148	48
88	177	39
88	90	99
88	146	79
88	103	43
88	158	54
88	105	74
88	150	49
88	199	10
88	157	88
88	187	33
88	119	42
88	137	72
88	151	54
88	118	73
88	123	50
88	174	55
88	111	31
88	186	48
88	97	5
88	173	22
88	156	95
88	171	39
88	149	23
89	197	67
89	192	44
89	134	74
89	193	76
89	182	23
89	153	59
89	159	75
89	156	41
89	164	32
89	161	20
89	163	66
89	190	91
89	179	45
89	141	18
89	189	28
89	147	27
89	191	74
89	199	81
89	181	92
89	167	22
89	93	97
89	105	63
89	152	70
89	178	77
89	104	29
89	184	75
89	107	47
89	166	59
89	171	43
89	137	65
89	92	43
89	160	92
89	173	95
89	142	72
89	174	25
89	108	11
89	144	19
89	111	71
89	194	42
89	115	8
89	101	82
89	91	56
89	168	28
89	121	84
89	136	75
89	126	66
89	118	12
89	155	62
89	183	34
89	186	29
89	128	6
89	169	39
90	157	16
90	139	46
90	181	91
90	197	54
90	178	89
90	154	84
90	92	42
90	171	29
90	185	12
90	156	95
90	186	43
90	161	25
90	141	21
90	184	29
90	187	45
90	188	27
90	164	22
90	148	20
90	101	71
90	189	61
90	91	50
90	167	34
90	155	10
90	194	24
90	199	93
90	147	98
90	168	66
90	113	53
90	138	75
90	160	15
90	191	66
90	152	27
90	182	28
90	150	64
90	137	22
90	192	15
90	159	47
90	126	97
90	140	48
90	114	8
90	180	11
90	143	8
90	109	20
91	156	92
91	148	78
91	198	76
91	146	24
91	160	34
91	172	63
91	188	22
91	140	17
91	170	46
91	196	78
91	151	84
91	165	40
91	92	39
91	177	48
91	195	54
91	183	37
91	103	44
91	168	72
91	141	35
91	159	92
91	100	14
91	154	91
91	162	78
91	149	87
91	178	35
91	180	75
91	174	62
91	145	64
91	167	86
91	104	55
91	166	9
91	95	14
91	108	46
91	164	94
91	111	72
91	136	73
91	118	55
91	123	91
91	122	97
91	126	14
91	193	86
91	190	90
91	185	55
91	181	94
91	179	59
91	119	35
91	161	53
92	176	38
92	178	82
92	163	57
92	154	72
92	93	23
92	171	35
92	181	15
92	162	80
92	174	76
92	166	13
92	190	15
92	136	7
92	152	14
92	161	20
92	175	18
92	144	94
92	147	80
92	137	50
92	100	76
92	148	74
92	158	37
92	185	65
92	196	72
92	102	13
92	164	92
92	186	45
92	150	85
92	101	70
92	170	22
92	192	6
92	188	63
92	109	95
92	157	84
92	142	13
92	141	85
92	159	83
92	99	59
92	97	43
92	116	76
92	169	99
92	138	80
92	155	92
92	179	62
92	173	37
92	108	48
92	195	94
92	156	99
92	191	53
92	104	18
92	110	70
92	143	64
92	96	53
92	95	77
92	119	6
92	133	72
92	113	78
93	161	58
93	193	7
93	137	40
93	182	49
93	177	35
93	170	38
93	158	7
93	187	92
93	152	52
93	173	83
93	102	83
93	157	50
93	195	38
93	95	41
93	159	74
93	115	80
93	138	80
93	142	35
93	188	46
93	176	69
93	180	85
93	194	21
93	181	14
93	149	13
93	167	20
93	109	68
93	156	85
93	163	26
93	196	53
93	153	32
93	111	91
93	99	14
93	108	28
93	165	43
93	150	28
93	122	55
93	100	26
93	199	81
93	140	50
93	130	93
93	190	35
93	192	6
93	174	87
93	131	20
93	116	83
93	169	27
94	168	48
94	175	26
94	158	62
94	177	65
94	140	47
94	179	43
94	143	65
94	190	76
94	153	10
94	148	97
94	185	14
94	106	69
94	187	63
94	95	43
94	101	12
94	161	73
94	100	79
94	150	41
94	141	22
94	142	8
94	174	50
94	162	55
94	182	14
94	170	40
94	169	18
94	155	29
94	198	64
94	151	95
94	160	21
94	144	44
94	123	50
94	196	53
94	146	26
94	156	35
94	98	96
94	125	10
94	138	55
94	189	88
94	149	85
94	96	74
94	172	66
94	183	96
94	194	66
94	159	92
94	147	93
95	184	63
95	197	40
95	167	50
95	179	67
95	196	26
95	143	26
95	147	97
95	172	8
95	163	35
95	158	13
95	103	66
95	139	78
95	150	53
95	154	18
95	195	29
95	173	57
95	169	57
95	171	6
95	181	56
95	152	23
95	186	62
95	182	46
95	102	33
95	141	39
95	145	13
95	170	77
95	183	100
95	157	87
95	142	99
95	144	91
95	110	17
95	115	8
95	189	86
95	107	28
95	100	94
95	97	47
95	106	71
95	177	70
95	125	62
95	159	53
95	174	20
95	188	68
95	105	58
95	121	50
95	119	57
95	114	15
95	133	45
95	165	89
95	155	99
95	135	22
95	153	15
96	174	95
96	171	87
96	199	81
96	198	78
96	145	27
96	142	74
96	159	62
96	146	53
96	177	94
96	98	90
96	153	15
96	175	9
96	195	5
96	148	7
96	187	27
96	176	62
96	103	38
96	186	41
96	110	33
96	160	56
96	100	32
96	107	88
96	197	50
96	154	53
96	165	57
96	194	74
96	102	74
96	178	50
96	164	47
96	117	69
96	173	68
96	181	41
96	119	81
96	168	69
96	157	19
96	150	88
96	97	93
96	193	75
96	196	81
96	180	92
96	152	38
96	167	95
96	130	78
96	156	31
96	115	18
97	157	26
97	99	43
97	145	65
97	166	74
97	100	87
97	154	93
97	149	85
97	173	45
97	177	83
97	189	63
97	156	51
97	168	81
97	144	23
97	180	85
97	197	77
97	142	97
97	160	21
97	101	95
97	158	35
97	98	29
97	188	74
97	192	58
97	112	26
97	111	72
97	110	9
97	113	56
97	143	24
97	141	91
97	116	97
97	105	40
97	115	23
97	194	23
97	196	35
97	181	84
97	152	64
97	195	14
97	117	50
97	163	9
97	170	43
97	159	21
97	191	90
97	126	92
97	106	50
97	124	30
97	172	11
97	114	66
97	109	50
97	178	98
97	164	80
98	195	95
98	182	15
98	198	19
98	163	46
98	167	91
98	181	79
98	173	51
98	194	54
98	171	27
98	106	78
98	180	21
98	193	38
98	103	50
98	156	13
98	112	33
98	188	14
98	107	6
98	165	43
98	184	91
98	187	10
98	179	12
98	162	19
98	189	73
98	152	78
98	100	25
98	113	42
98	120	15
98	190	34
98	170	33
98	108	56
98	101	51
98	172	5
98	158	61
98	153	45
98	175	48
98	161	75
98	164	75
98	196	62
98	109	63
98	154	61
98	121	32
99	187	31
99	194	55
99	151	55
99	175	95
99	166	42
99	103	55
99	158	23
99	170	97
99	143	67
99	185	61
99	176	41
99	152	18
99	149	84
99	157	35
99	195	91
99	104	93
99	112	24
99	163	62
99	167	63
99	108	45
99	153	23
99	109	25
99	171	18
99	164	80
99	118	97
99	182	46
99	117	71
99	162	16
99	188	43
99	190	96
99	174	7
99	159	35
99	123	33
99	161	19
99	155	67
99	192	67
99	130	68
99	132	35
99	148	73
99	146	31
99	124	47
99	177	18
100	196	97
100	189	49
100	199	15
100	146	70
100	183	52
100	184	68
100	178	5
100	191	34
100	107	15
100	144	75
100	171	51
100	151	30
100	160	99
100	106	97
100	175	38
100	177	90
100	153	7
100	101	47
100	170	42
100	190	68
100	181	94
100	192	32
100	165	36
100	179	88
100	109	83
100	157	69
100	128	85
100	186	97
100	169	94
100	125	56
100	158	21
100	131	96
100	123	81
100	185	17
100	161	14
100	182	80
100	105	37
100	150	43
100	127	33
100	137	83
100	104	15
100	136	40
100	130	82
100	120	31
100	166	55
101	146	86
101	159	88
101	167	100
101	154	51
101	151	18
101	165	98
101	179	71
101	193	69
101	177	19
101	153	68
101	168	24
101	147	44
101	180	51
101	106	38
101	105	33
101	186	83
101	171	23
101	190	60
101	111	83
101	103	18
101	183	9
101	116	89
101	175	67
101	189	37
101	109	87
101	185	20
101	107	53
101	174	61
101	176	48
101	124	95
101	196	5
101	114	36
101	122	28
101	119	95
101	197	47
101	199	21
101	136	21
101	166	25
101	135	88
101	139	96
101	160	21
102	186	84
102	104	52
102	187	84
102	169	75
102	163	77
102	148	84
102	156	62
102	175	75
102	179	40
102	182	69
102	166	70
102	197	28
102	188	13
102	185	93
102	110	88
102	146	65
102	151	8
102	113	66
102	198	23
102	153	17
102	178	84
102	116	86
102	162	92
102	184	24
102	195	25
102	107	25
102	155	7
102	159	18
102	149	57
102	112	30
102	161	74
102	164	47
102	134	88
102	111	18
102	105	95
102	129	66
102	152	69
102	138	21
102	109	67
102	137	76
102	114	82
102	144	12
102	122	23
102	140	72
103	178	96
103	153	44
103	190	21
103	176	59
103	188	56
103	197	58
103	180	45
103	184	57
103	171	12
103	199	55
103	175	18
103	162	60
103	169	54
103	157	11
103	181	65
103	158	41
103	148	82
103	191	69
103	174	81
103	156	12
103	115	70
103	118	46
103	120	24
103	168	43
103	109	6
103	121	5
103	170	43
103	187	43
103	130	17
103	125	50
103	131	95
103	123	34
103	147	9
103	164	55
103	186	77
103	182	28
103	111	49
103	151	22
103	112	57
103	159	50
103	142	15
103	189	33
103	161	84
103	165	57
104	185	12
104	171	28
104	180	31
104	190	60
104	160	51
104	164	40
104	195	64
104	175	93
104	106	98
104	113	53
104	116	45
104	150	98
104	114	43
104	115	26
104	177	22
104	111	14
104	112	58
104	186	32
104	120	31
104	159	87
104	187	68
104	176	63
104	130	86
104	196	88
104	158	70
104	124	32
104	197	53
104	148	76
104	117	22
104	132	43
104	170	25
104	154	23
104	134	92
104	168	21
104	161	78
104	166	40
104	194	82
104	192	76
104	162	37
104	165	65
104	141	75
104	155	46
104	143	24
105	181	76
105	156	27
105	169	27
105	153	25
105	170	55
105	168	52
105	157	42
105	188	57
105	196	61
105	184	64
105	117	16
105	150	57
105	171	20
105	120	62
105	107	79
105	115	88
105	121	37
105	187	52
105	173	14
105	197	72
105	166	52
105	109	12
105	167	47
105	174	37
105	186	50
105	163	28
105	123	86
105	178	44
105	179	11
105	118	11
105	129	18
105	199	43
105	162	13
105	177	21
105	127	93
105	141	57
105	125	78
105	135	52
105	137	9
105	165	38
105	142	16
105	110	96
106	178	13
106	154	18
106	185	8
106	192	92
106	196	27
106	153	99
106	191	75
106	193	52
106	174	51
106	115	90
106	181	16
106	163	7
106	157	46
106	199	93
106	112	90
106	155	11
106	151	48
106	168	18
106	186	46
106	197	67
106	195	54
106	150	48
106	120	80
106	121	39
106	110	100
106	175	6
106	111	5
106	108	69
106	118	16
106	116	49
106	107	9
106	194	82
106	135	85
106	128	98
106	173	32
106	132	34
106	160	28
106	198	40
106	182	66
106	177	52
106	162	34
106	123	36
106	125	35
107	155	29
107	173	95
107	183	77
107	199	16
107	156	57
107	174	78
107	115	65
107	153	53
107	197	51
107	171	41
107	114	98
107	188	77
107	160	25
107	196	8
107	108	78
107	178	82
107	118	76
107	109	96
107	168	27
107	110	89
107	154	41
107	177	53
107	185	92
107	152	50
107	121	65
107	162	61
107	172	54
107	123	45
107	130	38
107	179	53
107	166	15
107	124	10
107	167	65
107	125	82
107	161	45
107	128	78
107	175	51
107	131	32
107	186	32
107	145	14
108	185	92
108	158	17
108	195	62
108	198	30
108	197	11
108	199	38
108	187	12
108	160	9
108	190	7
108	192	35
108	116	64
108	159	24
108	168	66
108	178	75
108	118	97
108	128	36
108	155	34
108	166	14
108	175	17
108	196	79
108	154	90
108	164	21
108	181	34
108	129	15
108	182	96
108	169	70
108	130	65
108	113	75
108	126	78
108	111	96
108	139	78
108	157	62
108	153	31
108	132	99
108	163	32
108	147	14
108	144	10
108	180	47
108	123	25
109	153	42
109	175	86
109	193	45
109	112	45
109	157	99
109	170	21
109	190	87
109	167	39
109	196	39
109	198	25
109	180	41
109	172	32
109	120	23
109	173	23
109	154	26
109	181	22
109	133	23
109	169	93
109	189	44
109	125	53
109	158	51
109	130	11
109	128	9
109	183	21
109	117	21
109	138	46
109	159	56
109	184	49
109	142	57
109	131	60
109	123	93
109	119	77
109	118	12
109	143	7
110	168	25
110	161	76
110	157	27
110	159	90
110	174	97
110	158	37
110	199	39
110	195	57
110	162	27
110	121	56
110	173	64
110	188	31
110	192	100
110	119	23
110	113	53
110	125	38
110	189	99
110	127	31
110	191	73
110	176	56
110	165	78
110	190	17
110	167	30
110	183	23
110	112	39
110	194	31
110	166	62
110	117	51
110	185	17
110	171	55
110	175	46
110	196	89
110	132	47
110	182	56
110	154	82
110	181	87
110	177	39
110	124	86
110	180	17
111	179	50
111	174	73
111	190	27
111	158	89
111	181	45
111	198	13
111	119	89
111	160	58
111	120	90
111	172	28
111	129	46
111	177	19
111	155	80
111	188	43
111	118	45
111	156	78
111	113	27
111	128	64
111	195	10
111	139	79
111	162	89
111	189	43
111	114	81
111	159	85
111	145	92
111	180	79
111	169	13
111	197	63
111	136	80
111	132	65
111	140	39
111	184	83
111	185	46
112	189	93
112	198	31
112	166	96
112	183	73
112	159	43
112	197	22
112	185	55
112	192	78
112	163	26
112	168	95
112	191	78
112	177	32
112	190	68
112	179	67
112	123	76
112	193	11
112	122	59
112	196	19
112	173	11
112	128	55
112	181	82
112	162	93
112	120	36
112	131	61
112	164	56
112	184	50
112	132	75
112	133	65
112	157	18
112	136	78
112	140	89
112	171	36
112	169	17
112	170	79
112	174	88
112	124	11
112	161	96
112	139	87
112	172	67
112	130	92
112	138	94
112	119	95
112	126	17
113	174	62
113	199	51
113	189	35
113	157	90
113	183	24
113	165	30
113	175	72
113	188	11
113	162	8
113	122	61
113	123	52
113	127	32
113	180	7
113	194	12
113	169	53
113	114	12
113	116	63
113	182	85
113	119	68
113	177	55
113	197	56
113	193	96
113	117	81
113	195	98
113	141	31
113	137	40
113	142	61
113	166	46
113	168	49
113	161	44
113	151	85
113	181	10
113	159	67
113	198	42
113	167	17
113	170	29
113	130	82
114	173	84
114	182	23
114	196	77
114	189	20
114	159	70
114	160	31
114	179	97
114	122	90
114	188	66
114	172	13
114	117	61
114	176	46
114	121	48
114	127	72
114	120	85
114	197	15
114	198	14
114	134	80
114	195	21
114	168	98
114	162	38
114	174	83
114	140	75
114	187	28
114	145	48
114	118	12
114	142	65
114	123	85
114	158	43
114	163	83
114	144	25
114	151	65
114	141	32
114	124	28
114	156	22
115	184	75
115	196	12
115	178	79
115	159	57
115	179	23
115	194	63
115	124	31
115	192	56
115	182	48
115	117	98
115	180	95
115	120	32
115	162	43
115	160	7
115	130	87
115	175	14
115	176	54
115	161	10
115	134	35
115	186	45
115	191	94
115	125	9
115	123	77
115	165	6
115	199	86
115	171	60
115	146	7
115	129	33
115	166	24
115	164	17
115	197	78
115	126	96
115	153	76
115	163	84
115	177	72
115	144	50
115	137	11
115	156	77
115	139	82
115	147	74
116	172	55
116	120	15
116	177	39
116	190	11
116	182	45
116	183	41
116	165	39
116	194	14
116	184	40
116	123	61
116	196	32
116	169	13
116	197	41
116	127	37
116	174	58
116	180	44
116	132	70
116	136	85
116	173	6
116	128	7
116	189	59
116	188	64
116	144	88
116	193	65
116	185	51
116	126	6
116	187	43
116	166	78
116	138	6
116	133	11
116	176	48
116	119	42
117	174	18
117	175	43
117	164	90
117	125	36
117	122	69
117	195	7
117	192	99
117	167	44
117	189	57
117	190	91
117	196	21
117	131	72
117	126	54
117	176	22
117	179	41
117	177	96
117	197	15
117	191	86
117	120	18
117	140	21
117	119	86
117	129	41
117	118	97
117	188	33
117	145	48
117	194	89
117	169	75
117	165	57
117	181	22
117	128	8
117	170	27
117	162	39
117	163	66
117	147	44
118	174	43
118	120	20
118	162	91
118	198	40
118	199	52
118	183	15
118	191	47
118	196	43
118	177	36
118	170	75
118	165	66
118	192	92
118	164	60
118	126	13
118	193	12
118	197	61
118	180	81
118	132	74
118	127	30
118	163	44
118	190	39
118	130	91
118	186	11
118	189	12
118	185	84
118	122	71
118	131	65
118	167	14
118	144	95
118	152	42
118	153	58
118	194	96
119	198	97
119	180	96
119	174	36
119	121	66
119	179	21
119	177	17
119	169	34
119	122	7
119	191	97
119	194	35
119	185	91
119	123	57
119	195	20
119	178	90
119	127	32
119	165	61
119	164	72
119	172	10
119	186	30
119	196	65
119	176	36
119	166	32
119	132	96
119	192	15
119	170	81
119	136	34
119	173	5
119	163	73
119	188	55
119	143	99
119	181	33
119	129	9
119	199	91
119	146	16
120	195	93
120	172	63
120	187	9
120	198	29
120	193	38
120	175	40
120	194	38
120	190	5
120	125	60
120	197	88
120	165	16
120	174	97
120	182	15
120	169	29
120	176	11
120	180	76
120	136	42
120	141	75
120	191	15
120	188	23
120	177	14
120	134	28
120	185	11
120	131	46
120	122	94
120	166	23
120	137	81
120	148	64
120	142	76
120	129	48
120	171	39
120	156	100
120	149	22
120	157	71
120	124	6
120	155	89
120	189	50
120	138	28
120	173	79
121	184	43
121	165	48
121	186	81
121	168	47
121	127	35
121	122	83
121	123	94
121	128	49
121	135	43
121	171	96
121	191	75
121	189	72
121	187	9
121	192	26
121	170	51
121	124	89
121	150	13
121	133	84
121	147	6
121	181	99
121	174	50
121	180	21
121	177	24
121	134	57
121	157	74
121	160	8
121	129	70
121	131	21
122	199	70
122	190	86
122	125	88
122	197	22
122	171	37
122	167	44
122	175	27
122	173	15
122	191	37
122	198	47
122	181	85
122	134	55
122	128	78
122	126	98
122	177	53
122	130	22
122	142	96
122	185	14
122	140	55
122	183	17
122	138	35
122	143	80
122	180	61
122	146	59
122	194	9
122	151	73
122	149	98
122	174	45
122	129	75
122	178	47
122	133	63
122	156	6
122	127	75
122	172	67
122	147	65
122	124	23
122	153	81
122	150	98
123	170	16
123	188	52
123	191	37
123	194	98
123	124	61
123	178	44
123	175	62
123	177	81
123	198	86
123	128	82
123	168	26
123	127	13
123	174	56
123	192	10
123	173	99
123	133	55
123	197	43
123	125	13
123	189	59
123	139	86
123	169	84
123	171	87
123	184	35
123	134	57
123	142	59
123	187	78
123	176	30
123	148	31
123	132	12
123	140	19
123	153	96
123	156	45
123	155	83
123	179	88
123	199	39
124	193	53
124	188	20
124	196	62
124	179	85
124	172	46
124	195	43
124	128	18
124	131	59
124	187	17
124	184	18
124	130	42
124	170	8
124	127	9
124	126	64
124	133	26
124	140	94
124	129	91
124	197	62
124	176	36
124	137	66
124	190	63
124	148	13
124	194	9
124	191	26
124	135	18
124	132	62
124	189	10
124	183	9
124	145	59
125	188	46
125	185	84
125	187	94
125	130	70
125	178	46
125	170	52
125	131	82
125	173	48
125	137	32
125	192	31
125	190	10
125	136	78
125	177	64
125	135	95
125	146	23
125	126	7
125	172	19
125	196	41
125	183	6
125	140	71
125	151	12
125	150	22
125	181	46
125	133	29
125	152	98
125	189	19
125	175	87
126	174	50
126	191	78
126	189	99
126	197	71
126	129	27
126	131	82
126	172	77
126	170	100
126	171	35
126	133	44
126	198	6
126	180	69
126	196	18
126	187	23
126	176	50
126	179	57
126	143	57
126	193	67
126	151	80
126	149	22
126	132	20
126	150	11
126	178	91
126	192	76
126	156	95
126	130	46
126	148	95
126	164	6
126	162	15
126	138	57
126	141	63
127	190	57
127	189	17
127	132	28
127	182	30
127	177	77
127	135	15
127	191	19
127	176	60
127	179	6
127	131	45
127	188	74
127	178	17
127	143	43
127	193	51
127	195	80
127	137	23
127	185	76
127	133	10
127	142	11
127	198	14
127	140	99
127	187	55
127	199	66
127	196	79
127	130	10
127	186	87
127	162	64
127	153	95
128	173	28
128	193	32
128	188	81
128	130	29
128	185	62
128	136	32
128	184	19
128	197	63
128	176	19
128	139	33
128	182	31
128	129	46
128	143	12
128	134	77
128	178	45
128	195	34
128	198	14
128	190	51
128	191	24
128	147	24
128	131	55
128	159	41
128	135	89
128	161	81
128	177	27
128	153	48
129	181	15
129	179	69
129	176	98
129	135	36
129	173	96
129	195	41
129	140	56
129	196	49
129	178	64
129	199	65
129	190	54
129	132	31
129	136	98
129	185	81
129	150	96
129	139	68
129	188	40
129	145	37
129	177	61
129	138	7
129	147	20
129	180	26
129	189	60
129	191	64
129	182	27
129	183	50
129	154	90
129	164	32
130	131	30
130	186	14
130	136	70
130	183	23
130	195	56
130	190	44
130	196	27
130	145	94
130	185	22
130	193	77
130	198	90
130	138	36
130	140	27
130	174	71
130	181	44
130	184	47
130	151	43
130	137	6
130	189	68
130	134	34
130	175	79
130	149	79
130	176	32
131	185	18
131	134	83
131	180	95
131	138	63
131	199	33
131	189	22
131	136	75
131	191	71
131	143	52
131	132	79
131	157	24
131	135	78
131	144	89
131	190	89
131	175	97
131	184	76
131	182	49
131	149	25
131	140	74
131	162	85
131	142	89
131	187	77
131	193	41
132	190	28
132	183	93
132	191	96
132	185	22
132	133	9
132	136	29
132	176	75
132	194	73
132	138	21
132	134	54
132	140	9
132	180	88
132	146	64
132	188	100
132	189	19
132	199	70
132	154	9
132	179	36
132	137	19
132	192	92
132	193	25
132	196	89
132	177	51
132	142	23
132	147	15
132	151	22
132	139	66
132	168	16
132	152	95
132	175	58
133	179	63
133	187	84
133	196	14
133	135	61
133	138	69
133	134	97
133	141	54
133	195	42
133	139	41
133	145	48
133	194	75
133	191	96
133	180	99
133	153	13
133	184	69
133	140	19
133	193	75
133	147	35
133	155	93
133	157	95
133	161	56
133	152	9
133	146	10
133	159	62
133	154	54
133	182	44
133	158	34
133	189	82
133	173	24
133	170	100
134	190	72
134	180	95
134	197	27
134	184	59
134	138	16
134	139	93
134	178	95
134	198	88
134	154	65
134	183	51
134	144	17
134	141	29
134	196	11
134	195	36
134	194	74
134	164	82
134	149	95
134	166	92
134	161	86
134	145	29
134	155	79
134	173	33
134	188	92
134	158	19
135	186	28
135	181	66
135	136	85
135	179	97
135	182	33
135	188	92
135	197	65
135	198	73
135	146	90
135	143	85
135	192	35
135	199	40
135	138	81
135	148	15
135	184	12
135	147	9
135	189	90
135	160	27
135	142	80
135	157	19
135	145	28
135	159	61
135	165	73
135	167	40
135	175	41
135	140	58
136	197	7
136	186	95
136	193	90
136	141	71
136	144	22
136	199	28
136	143	10
136	182	47
136	150	9
136	151	56
136	155	32
136	187	15
136	149	69
136	191	49
136	137	46
136	142	10
136	183	53
136	196	31
136	153	85
136	161	18
136	157	84
136	167	75
136	180	21
136	154	54
136	189	73
137	140	50
137	187	61
137	186	62
137	188	96
137	181	48
137	144	54
137	196	65
137	138	98
137	198	21
137	191	14
137	148	58
137	194	56
137	190	6
137	155	31
137	158	83
137	185	58
137	161	56
137	163	73
137	165	45
137	160	36
137	189	9
137	197	81
137	149	45
137	179	50
138	142	24
138	198	76
138	182	68
138	146	26
138	183	78
138	145	63
138	188	22
138	139	90
138	149	62
138	192	88
138	160	91
138	157	99
138	164	80
138	185	81
138	143	64
138	152	29
138	175	14
138	190	73
138	199	51
138	191	7
138	193	71
139	194	80
139	184	22
139	143	55
139	140	65
139	198	12
139	199	51
139	185	20
139	141	60
139	142	25
139	145	49
139	150	98
139	189	34
139	157	67
139	162	93
139	193	72
139	151	63
139	147	47
139	186	19
139	195	8
139	166	23
139	196	77
139	188	59
139	148	17
140	141	69
140	144	66
140	146	95
140	194	82
140	196	55
140	142	71
140	152	61
140	151	14
140	162	69
140	147	46
140	154	9
140	189	63
140	163	76
140	148	90
140	186	57
140	143	99
140	191	16
140	155	57
140	184	27
140	195	81
140	190	39
140	156	79
140	185	92
141	192	29
141	196	60
141	187	99
141	193	27
141	195	38
141	156	46
141	160	71
141	150	83
141	148	66
141	153	27
141	146	7
141	147	55
141	161	67
141	198	55
141	157	67
141	149	55
141	162	28
141	167	72
141	151	6
141	155	41
141	186	84
141	172	78
141	199	12
141	170	36
141	179	9
141	183	95
141	144	88
142	199	26
142	186	37
142	191	46
142	190	14
142	144	11
142	148	85
142	195	79
142	159	78
142	187	66
142	153	5
142	162	86
142	149	12
142	143	100
142	172	55
142	192	96
142	151	16
142	174	61
142	158	99
142	169	95
142	196	50
142	150	51
142	147	98
142	173	42
142	177	16
142	163	27
143	199	10
143	147	38
143	189	49
143	192	63
143	197	88
143	145	9
143	153	10
143	188	35
143	190	6
143	150	8
143	164	19
143	159	33
143	162	15
143	166	57
143	172	40
143	157	6
143	151	36
143	161	80
143	177	6
143	194	9
143	167	66
143	158	9
143	144	12
143	196	70
144	197	30
144	199	66
144	191	10
144	192	60
144	190	50
144	193	77
144	149	81
144	194	55
144	151	42
144	198	85
144	159	65
144	196	94
144	160	54
144	147	73
144	163	16
144	165	38
144	169	35
144	166	45
144	168	21
144	148	80
144	172	17
144	173	89
144	150	48
145	198	32
145	192	72
145	151	85
145	147	86
145	148	18
145	191	37
145	154	97
145	190	97
145	156	25
145	193	17
145	158	23
145	149	68
145	155	66
145	161	9
145	168	30
145	162	68
145	176	25
145	163	10
145	174	20
145	175	98
145	179	8
145	180	76
146	197	49
146	196	29
146	194	59
146	158	94
146	157	61
146	198	92
146	165	44
146	190	51
146	147	74
146	152	17
146	164	39
146	181	19
146	173	23
146	176	95
146	182	89
146	195	37
146	179	28
147	149	54
147	194	76
147	159	67
147	191	57
147	153	49
147	155	37
147	163	20
147	175	11
147	152	59
147	156	33
147	172	35
147	178	39
147	160	6
147	167	12
147	186	48
148	197	8
148	164	92
148	161	95
148	160	36
148	193	33
148	168	25
148	172	97
148	173	86
148	174	18
148	176	68
148	196	88
148	171	35
148	162	43
148	157	9
149	155	47
149	153	72
149	157	55
149	159	91
149	198	84
149	151	23
149	196	12
149	152	43
149	197	98
149	158	55
149	176	87
149	156	79
149	165	80
149	171	74
149	150	67
149	166	41
149	169	23
149	178	92
149	174	62
150	152	11
150	158	61
150	197	69
150	162	24
150	196	34
150	177	71
150	168	63
150	153	59
150	174	60
150	161	72
150	159	67
150	169	52
150	183	26
150	178	18
150	170	92
150	180	18
150	157	53
151	196	13
151	156	71
151	166	55
151	153	97
151	168	40
151	197	63
151	179	44
151	182	80
151	187	77
151	167	58
151	195	92
151	199	33
152	198	95
152	199	13
152	157	46
152	161	9
152	171	79
152	176	78
152	166	16
152	163	58
152	172	51
152	186	50
152	191	73
153	199	94
153	158	62
153	157	94
153	176	55
153	167	96
153	161	51
153	164	53
153	162	85
153	181	73
153	156	42
153	184	94
153	187	55
153	165	86
153	159	34
154	198	72
154	159	89
154	172	78
154	160	53
154	157	10
154	183	79
154	164	18
154	170	23
154	179	54
154	192	18
154	180	80
154	187	22
154	161	58
155	164	39
155	159	68
155	158	94
155	162	86
155	199	87
155	176	79
155	175	60
155	183	64
155	177	64
155	189	22
155	192	63
155	185	69
156	159	43
156	157	62
156	158	37
156	167	45
156	182	57
156	188	44
156	183	85
156	172	6
157	158	28
157	164	15
157	166	66
157	176	6
157	173	43
157	186	33
157	167	35
157	159	78
157	198	89
158	167	53
158	161	83
158	174	80
158	159	29
158	168	82
158	176	81
158	188	18
158	175	43
158	171	100
158	192	32
158	189	81
158	172	91
158	163	55
158	184	53
159	161	65
159	163	18
159	160	46
159	166	12
159	168	46
159	167	87
159	170	82
159	175	97
159	172	87
159	177	12
159	188	27
159	195	89
159	162	35
160	173	98
160	164	22
160	162	8
160	165	41
160	177	11
160	181	45
160	182	75
160	192	26
160	172	53
160	190	25
160	174	48
160	199	32
161	163	94
161	162	10
161	171	50
161	167	58
161	164	66
161	170	40
161	183	64
161	185	84
161	188	48
161	180	68
161	186	32
161	193	81
161	191	91
162	168	35
162	166	45
162	176	42
162	171	80
162	172	75
162	170	92
162	165	45
162	193	58
162	186	74
162	184	23
162	192	82
162	188	56
162	190	41
163	170	34
163	172	41
163	183	69
163	168	13
163	184	48
163	169	61
163	178	18
163	166	11
163	171	60
163	180	34
163	175	69
163	198	98
163	176	48
163	196	90
163	189	17
164	170	6
164	183	32
164	176	14
164	187	7
164	181	92
164	189	95
164	167	99
164	174	90
164	178	78
164	179	38
165	167	29
165	183	48
165	182	35
165	193	11
165	198	87
165	170	22
165	187	86
165	172	75
165	176	61
165	181	40
166	170	16
166	179	65
166	169	82
166	187	13
166	173	54
166	180	42
166	185	94
166	172	26
166	177	69
166	176	6
166	192	91
167	168	40
167	170	49
167	182	44
167	181	28
167	174	98
167	191	93
167	188	10
167	180	37
167	192	71
167	193	62
167	172	62
167	169	57
167	183	29
167	171	40
167	175	61
168	185	100
168	170	32
168	178	81
168	195	17
168	175	60
168	180	75
168	191	18
168	196	17
168	173	34
168	181	69
168	182	48
168	197	95
169	176	76
169	188	10
169	173	35
169	175	99
169	189	20
169	172	16
169	174	22
169	197	67
169	186	31
169	178	29
170	174	27
170	172	77
170	171	7
170	178	91
170	181	75
170	187	22
170	177	32
170	173	64
170	198	25
170	176	28
170	194	47
170	196	44
170	197	49
171	180	17
171	174	44
171	172	34
171	195	99
171	190	38
171	182	86
171	184	20
171	192	39
172	185	91
172	177	9
172	191	80
172	184	98
172	176	15
172	188	5
172	178	88
172	198	54
173	176	92
173	184	86
173	186	48
173	185	52
173	191	27
173	181	84
173	195	86
173	188	26
173	192	45
173	174	68
173	196	95
173	178	44
174	176	86
174	186	86
174	183	82
174	187	98
174	190	83
174	188	48
174	182	52
174	197	65
174	181	9
174	184	43
175	179	53
175	188	66
175	185	60
175	177	91
175	199	81
175	191	53
175	196	6
175	190	36
175	182	49
175	176	99
175	192	11
175	198	74
175	183	69
175	194	82
176	183	75
176	189	73
176	180	55
176	190	20
176	179	97
176	185	18
176	188	26
176	181	64
177	199	65
177	190	95
177	195	94
177	188	90
177	180	26
177	178	69
177	181	78
178	189	68
178	198	69
178	184	9
178	188	88
178	199	43
178	195	52
179	180	98
179	194	66
179	183	41
179	187	14
179	181	66
179	185	8
179	197	78
179	189	78
180	184	39
180	189	67
180	192	92
180	181	23
180	194	94
180	190	16
180	197	70
180	199	37
180	195	16
180	193	37
180	198	9
180	182	53
180	188	68
181	182	50
181	184	83
181	192	12
181	193	56
181	187	21
181	188	24
181	191	65
182	186	63
182	195	64
182	183	45
182	189	100
182	197	28
182	199	89
183	185	34
183	196	32
183	199	15
183	194	60
183	192	53
183	191	77
184	187	91
184	192	52
184	190	75
184	199	84
184	189	52
184	188	93
185	187	60
185	196	55
185	186	93
185	193	88
185	192	42
185	191	71
185	198	13
185	195	84
185	194	62
186	188	43
186	192	41
186	195	12
186	191	80
186	189	54
186	197	61
186	190	34
186	199	26
186	198	30
186	196	12
187	189	12
187	194	57
187	193	34
187	196	72
188	194	7
188	197	6
188	189	27
188	195	30
188	191	91
188	196	14
188	193	35
189	196	17
189	198	73
190	199	99
190	196	69
190	192	27
190	194	48
190	193	23
191	192	40
191	196	75
191	194	41
191	197	70
192	193	49
192	199	67
192	194	59
193	199	83
193	196	59
193	198	100
193	197	41
194	199	7
195	198	13
195	196	38
196	197	16
197	198	41
197	199	40
