NAME: W_SPARSE_160_69
n: 160
m: 5440
0	82	58
0	66	78
0	45	51
0	73	76
0	106	37
0	117	19
0	97	10
0	125	5
0	68	94
0	84	86
0	157	33
0	36	11
0	51	16
0	42	9
0	105	10
0	120	42
0	79	50
0	112	90
0	103	63
0	46	22
0	154	80
0	85	16
0	50	59
0	71	33
0	81	57
0	63	86
0	89	90
0	67	31
0	43	98
0	152	19
0	92	67
0	57	34
0	156	43
0	123	46
0	159	78
0	98	68
0	96	83
0	11	35
0	113	37
0	151	77
0	61	15
0	74	85
0	77	83
0	44	16
0	12	33
0	48	72
0	6	82
0	56	55
0	13	42
0	141	64
0	20	40
0	116	50
0	90	49
0	138	6
0	35	82
0	153	96
0	21	72
0	69	54
0	133	91
0	14	52
0	148	45
0	143	41
0	136	37
0	94	9
0	39	8
0	80	12
0	142	20
1	69	55
1	91	69
1	38	53
1	64	68
1	96	34
1	74	60
1	87	21
1	109	48
1	42	96
1	125	88
1	59	50
1	52	65
1	85	71
1	66	14
1	37	84
1	112	30
1	121	96
1	122	42
1	41	87
1	44	95
1	57	8
1	149	35
1	67	31
1	78	74
1	108	38
1	159	28
1	116	68
1	106	18
1	7	31
1	102	86
1	65	32
1	48	88
1	89	31
1	77	98
1	60	47
1	13	99
1	22	52
1	9	22
1	39	88
1	140	53
1	97	76
1	50	48
1	70	11
1	5	40
1	16	38
1	36	58
1	43	83
1	144	7
1	150	53
1	61	98
1	147	69
1	148	53
1	107	80
1	114	32
1	24	23
1	152	49
1	79	65
1	153	71
1	56	6
1	98	32
1	33	27
1	129	58
1	82	58
2	90	66
2	46	63
2	119	11
2	60	10
2	107	69
2	126	23
2	57	91
2	84	9
2	52	90
2	49	62
2	82	11
2	122	83
2	58	91
2	10	70
2	86	17
2	156	42
2	78	79
2	45	43
2	158	64
2	89	44
2	59	34
2	88	35
2	101	19
2	111	86
2	37	15
2	113	35
2	70	38
2	38	29
2	121	78
2	16	62
2	145	82
2	80	70
2	114	7
2	159	11
2	48	21
2	147	57
2	93	86
2	53	95
2	6	56
2	92	10
2	18	86
2	63	24
2	9	42
2	120	78
2	8	21
2	102	63
2	39	38
2	74	82
2	105	39
2	7	95
2	136	60
2	13	100
2	69	68
2	94	80
2	65	93
2	131	68
2	79	55
2	97	26
2	42	19
2	91	84
3	66	27
3	99	50
3	102	27
3	113	62
3	115	9
3	100	65
3	111	36
3	70	38
3	81	94
3	103	100
3	110	68
3	57	30
3	80	11
3	91	28
3	65	42
3	123	88
3	93	6
3	86	73
3	105	27
3	114	77
3	96	98
3	6	79
3	152	97
3	58	66
3	38	67
3	92	26
3	67	84
3	46	81
3	151	49
3	97	37
3	12	38
3	20	52
3	40	27
3	94	83
3	127	26
3	87	76
3	74	67
3	64	52
3	120	44
3	142	84
3	19	55
3	14	64
3	71	19
3	85	100
3	59	85
3	7	68
3	143	84
3	54	57
3	90	82
3	155	25
3	50	61
3	83	6
3	109	8
3	21	55
3	104	63
3	73	24
3	95	91
3	149	55
3	159	27
3	18	20
3	137	35
3	5	49
3	25	26
3	135	48
3	4	68
3	48	53
3	136	65
3	89	91
4	82	19
4	54	33
4	122	60
4	108	87
4	127	90
4	118	7
4	62	44
4	125	99
4	44	86
4	91	47
4	113	12
4	61	27
4	67	93
4	120	12
4	158	81
4	96	38
4	101	69
4	57	53
4	124	75
4	107	75
4	80	5
4	159	43
4	5	19
4	58	35
4	73	74
4	104	44
4	77	37
4	15	34
4	128	73
4	43	29
4	102	54
4	72	69
4	40	31
4	106	13
4	55	50
4	94	84
4	105	91
4	12	6
4	129	91
4	84	18
4	87	62
4	116	81
4	143	34
4	41	21
4	92	11
4	20	86
4	93	63
4	24	22
4	69	60
4	99	98
4	48	71
4	74	56
4	6	98
4	49	38
4	95	22
4	17	90
4	153	98
4	26	72
4	27	8
4	66	47
4	25	78
4	149	95
4	81	30
4	34	10
4	110	42
4	89	83
4	154	53
4	103	79
4	134	16
5	78	84
5	84	59
5	117	15
5	108	43
5	69	56
5	100	98
5	10	100
5	61	100
5	103	83
5	48	95
5	51	30
5	52	94
5	58	65
5	65	6
5	129	37
5	44	78
5	68	94
5	43	94
5	119	54
5	96	32
5	115	22
5	120	41
5	158	64
5	107	81
5	6	32
5	40	92
5	159	88
5	41	81
5	111	51
5	118	50
5	106	96
5	13	23
5	18	20
5	12	43
5	9	82
5	53	79
5	21	10
5	99	90
5	87	44
5	19	26
5	72	26
5	62	52
5	88	24
5	92	83
5	20	57
5	50	82
5	110	66
5	140	81
5	91	76
5	71	88
5	121	63
5	139	19
5	123	44
5	126	69
5	127	50
5	70	22
5	135	22
5	22	11
5	8	15
5	93	17
5	66	74
5	150	46
5	137	38
6	125	67
6	73	23
6	120	40
6	70	93
6	68	31
6	71	53
6	88	15
6	67	11
6	96	91
6	52	43
6	121	81
6	59	36
6	53	61
6	65	35
6	99	89
6	129	100
6	75	19
6	45	92
6	122	59
6	115	15
6	110	66
6	91	33
6	10	82
6	107	22
6	101	74
6	78	11
6	79	84
6	131	87
6	57	68
6	84	44
6	159	83
6	46	44
6	55	78
6	66	26
6	127	45
6	21	16
6	113	16
6	123	55
6	54	23
6	49	28
6	50	42
6	82	27
6	126	94
6	92	86
6	83	72
6	29	95
6	17	83
6	95	97
6	85	56
6	141	66
6	105	6
6	12	8
6	19	73
6	8	73
6	27	60
6	114	28
6	20	43
6	13	92
6	144	87
6	135	45
6	28	70
6	139	60
6	104	94
6	150	60
7	75	86
7	66	55
7	130	91
7	90	56
7	62	8
7	94	64
7	73	24
7	101	74
7	129	43
7	119	68
7	116	77
7	93	44
7	110	26
7	65	7
7	113	70
7	83	28
7	92	36
7	77	84
7	10	14
7	44	50
7	76	61
7	107	32
7	87	77
7	118	40
7	114	33
7	120	10
7	18	41
7	11	59
7	98	43
7	22	74
7	9	26
7	60	46
7	14	64
7	158	85
7	155	52
7	50	80
7	85	41
7	108	57
7	59	28
7	99	94
7	24	24
7	97	36
7	51	79
7	117	50
7	105	17
7	147	96
7	29	41
7	84	16
7	144	15
7	55	8
7	152	68
7	32	44
7	34	68
7	47	48
7	81	83
7	100	66
7	21	7
7	20	70
7	63	25
7	122	50
7	88	8
7	146	19
7	52	44
7	43	77
8	69	24
8	119	80
8	78	61
8	51	36
8	61	58
8	122	88
8	46	97
8	115	5
8	133	36
8	71	36
8	127	48
8	129	73
8	116	60
8	48	45
8	105	58
8	107	74
8	114	88
8	83	67
8	73	78
8	101	66
8	77	85
8	9	100
8	64	8
8	13	34
8	103	79
8	86	77
8	62	55
8	15	51
8	56	47
8	89	42
8	93	16
8	108	42
8	17	98
8	95	65
8	121	99
8	132	6
8	20	45
8	63	32
8	118	44
8	120	83
8	148	74
8	96	75
8	43	92
8	156	76
8	147	67
8	45	96
8	53	96
8	146	91
8	59	32
8	159	26
8	68	6
8	26	48
8	28	8
8	111	92
8	117	20
8	76	86
8	72	72
8	106	24
8	10	92
8	131	98
8	16	21
8	125	91
8	158	67
8	11	55
8	130	52
9	118	97
9	119	34
9	133	19
9	117	79
9	62	34
9	91	32
9	66	82
9	11	49
9	129	65
9	104	89
9	77	97
9	65	27
9	13	14
9	44	86
9	68	24
9	90	92
9	105	64
9	96	60
9	113	100
9	120	45
9	86	14
9	110	51
9	60	74
9	73	9
9	82	58
9	85	61
9	97	46
9	51	6
9	131	32
9	153	79
9	14	11
9	52	37
9	80	72
9	63	80
9	121	27
9	21	60
9	10	42
9	93	27
9	71	46
9	109	6
9	102	31
9	78	22
9	116	55
9	19	10
9	152	61
9	122	61
9	32	9
9	94	29
9	114	76
9	50	6
9	79	33
9	75	14
9	83	77
9	124	24
9	16	57
9	148	73
9	141	64
9	47	66
9	55	30
9	39	87
9	89	65
10	129	87
10	108	19
10	86	42
10	132	91
10	56	60
10	12	70
10	106	74
10	116	46
10	105	16
10	121	51
10	88	5
10	69	59
10	75	81
10	97	46
10	16	60
10	123	60
10	124	75
10	127	28
10	131	34
10	72	39
10	60	72
10	91	31
10	65	45
10	135	71
10	134	89
10	128	47
10	83	15
10	52	95
10	151	51
10	23	96
10	154	86
10	68	30
10	156	83
10	118	57
10	49	34
10	48	74
10	95	13
10	107	7
10	24	11
10	109	54
10	63	78
10	80	47
10	26	88
10	101	83
10	13	90
10	81	14
10	47	83
10	159	10
10	31	31
10	147	78
10	36	47
10	143	14
10	25	52
11	106	19
11	54	49
11	71	39
11	82	23
11	91	35
11	134	54
11	47	28
11	61	54
11	15	82
11	107	17
11	53	70
11	70	42
11	102	82
11	69	49
11	105	73
11	112	53
11	46	54
11	129	79
11	111	21
11	96	80
11	94	95
11	108	60
11	123	96
11	21	75
11	158	88
11	51	93
11	74	67
11	24	28
11	131	47
11	65	39
11	101	17
11	119	73
11	58	40
11	84	20
11	48	74
11	92	65
11	83	50
11	27	96
11	95	96
11	121	25
11	18	43
11	35	7
11	55	33
11	77	12
11	148	38
11	151	46
11	120	27
11	26	88
11	25	99
11	31	13
11	125	68
11	75	15
11	16	68
11	39	10
11	73	46
11	128	47
11	118	20
11	67	98
11	135	7
11	109	18
12	84	55
12	89	76
12	116	78
12	47	72
12	93	62
12	113	15
12	70	74
12	59	81
12	62	6
12	80	56
12	77	5
12	14	6
12	60	80
12	128	57
12	61	33
12	64	52
12	52	27
12	88	11
12	109	67
12	103	14
12	49	54
12	123	63
12	119	10
12	102	26
12	122	99
12	90	29
12	99	40
12	110	52
12	18	59
12	83	45
12	91	63
12	133	19
12	65	12
12	68	57
12	73	17
12	81	48
12	126	15
12	106	57
12	76	72
12	33	72
12	105	24
12	15	50
12	13	59
12	48	93
12	155	53
12	19	38
12	117	91
12	27	78
12	108	52
12	71	74
12	127	57
12	136	92
12	154	84
12	28	89
12	38	27
12	132	88
12	148	9
12	97	7
13	106	6
13	128	54
13	80	53
13	66	29
13	86	45
13	58	8
13	118	78
13	55	64
13	102	82
13	120	46
13	56	48
13	100	38
13	17	78
13	74	79
13	121	66
13	116	66
13	95	96
13	18	51
13	57	60
13	67	28
13	111	12
13	131	80
13	119	52
13	99	55
13	94	47
13	14	26
13	112	85
13	77	16
13	130	87
13	76	49
13	101	97
13	126	11
13	15	33
13	135	24
13	78	95
13	50	53
13	19	80
13	54	15
13	71	58
13	122	9
13	65	74
13	97	17
13	53	64
13	90	62
13	62	6
13	82	76
13	73	95
13	63	35
13	60	15
13	69	56
13	103	8
13	151	30
13	93	83
13	115	96
13	136	76
13	21	26
13	133	35
13	114	63
13	137	45
13	150	47
13	28	53
13	113	36
13	36	44
14	110	81
14	64	85
14	78	91
14	103	30
14	105	94
14	107	77
14	89	7
14	54	79
14	129	49
14	122	52
14	130	7
14	97	55
14	67	66
14	15	93
14	115	71
14	92	95
14	73	71
14	80	56
14	84	95
14	113	47
14	72	63
14	99	54
14	138	45
14	55	52
14	75	11
14	124	20
14	53	88
14	69	63
14	91	14
14	23	42
14	61	93
14	120	31
14	128	43
14	131	36
14	31	81
14	119	27
14	70	28
14	106	57
14	117	21
14	68	85
14	34	52
14	62	59
14	137	81
14	21	58
14	155	42
14	32	77
14	101	88
14	16	89
14	153	46
14	134	30
14	57	64
14	35	24
14	135	29
14	132	14
14	83	39
14	133	86
14	25	11
14	26	88
14	149	48
14	79	16
14	50	82
14	19	44
14	39	71
14	63	88
14	56	30
14	58	10
14	20	25
14	60	45
15	91	61
15	140	87
15	16	62
15	102	61
15	130	51
15	117	28
15	74	28
15	96	40
15	99	24
15	100	48
15	68	18
15	76	60
15	137	74
15	119	80
15	101	71
15	132	71
15	79	60
15	108	33
15	50	7
15	51	49
15	64	93
15	84	85
15	120	91
15	139	31
15	65	24
15	78	39
15	26	78
15	122	44
15	138	56
15	30	6
15	123	47
15	58	37
15	93	40
15	154	94
15	109	35
15	89	23
15	118	58
15	134	37
15	18	36
15	86	67
15	56	93
15	25	48
15	97	66
15	55	97
15	41	17
15	95	67
15	150	10
15	77	86
15	60	62
15	31	38
15	44	100
15	156	90
15	63	65
15	87	74
15	36	11
15	111	98
15	90	88
15	146	30
15	107	80
15	153	56
15	159	88
15	43	77
16	67	32
16	99	81
16	72	73
16	130	91
16	105	32
16	74	27
16	89	31
16	18	100
16	133	37
16	87	54
16	137	32
16	100	89
16	98	84
16	104	84
16	58	74
16	84	89
16	138	32
16	77	16
16	101	59
16	131	80
16	26	46
16	108	92
16	59	76
16	61	21
16	90	89
16	22	83
16	29	17
16	28	33
16	69	96
16	93	23
16	19	28
16	55	50
16	126	86
16	31	72
16	115	75
16	123	40
16	52	30
16	53	9
16	60	88
16	113	13
16	81	70
16	124	81
16	110	27
16	136	23
16	159	33
16	154	64
16	127	91
16	129	15
16	120	80
16	54	21
16	41	18
16	118	39
16	68	23
16	109	100
16	92	62
17	114	48
17	54	68
17	76	51
17	99	74
17	71	76
17	133	45
17	98	15
17	135	87
17	84	27
17	104	97
17	69	19
17	137	55
17	52	7
17	24	19
17	85	14
17	80	36
17	134	83
17	64	7
17	22	54
17	121	15
17	127	66
17	23	62
17	140	21
17	107	14
17	122	43
17	20	61
17	110	91
17	27	28
17	30	50
17	116	86
17	55	67
17	93	63
17	67	16
17	83	62
17	124	82
17	141	5
17	87	61
17	95	73
17	29	97
17	139	97
17	117	45
17	31	46
17	34	63
17	138	55
17	77	64
17	25	23
17	100	90
17	96	55
17	39	22
17	102	85
17	62	88
17	158	34
17	126	94
17	151	53
17	136	51
17	73	67
17	108	31
17	36	78
17	63	28
17	60	14
17	79	92
17	152	56
18	116	34
18	142	39
18	141	65
18	54	10
18	88	70
18	122	52
18	130	59
18	112	6
18	60	13
18	23	31
18	137	78
18	119	82
18	111	16
18	134	48
18	117	83
18	101	57
18	71	84
18	25	43
18	103	99
18	78	96
18	93	47
18	124	45
18	77	50
18	68	82
18	63	15
18	105	21
18	53	36
18	83	36
18	92	39
18	125	67
18	108	10
18	79	19
18	109	100
18	98	44
18	127	48
18	74	52
18	24	47
18	59	81
18	61	10
18	97	76
18	65	45
18	20	70
18	67	63
18	156	32
18	22	63
18	27	43
18	29	60
18	39	45
18	70	73
18	91	73
18	104	11
18	131	62
18	96	91
18	154	55
18	89	29
18	43	29
18	155	64
18	107	50
18	110	34
18	40	34
18	55	98
19	64	18
19	59	90
19	77	12
19	73	69
19	92	82
19	143	80
19	60	73
19	110	60
19	81	87
19	104	69
19	62	59
19	115	37
19	57	54
19	121	35
19	71	27
19	108	86
19	85	32
19	22	16
19	96	32
19	122	31
19	106	50
19	112	66
19	124	88
19	80	89
19	130	24
19	127	33
19	89	17
19	120	75
19	20	46
19	67	86
19	69	50
19	134	26
19	86	72
19	30	40
19	100	93
19	137	94
19	113	32
19	70	31
19	99	50
19	54	83
19	93	77
19	141	46
19	21	89
19	132	19
19	88	86
19	105	91
19	28	35
19	65	76
19	159	32
19	154	21
19	107	38
19	142	30
19	46	25
19	74	94
19	126	18
19	52	99
19	84	8
19	144	43
19	66	91
19	116	52
19	158	8
20	86	22
20	76	31
20	88	34
20	22	97
20	107	27
20	69	13
20	96	73
20	80	13
20	126	18
20	98	7
20	124	10
20	59	13
20	25	9
20	139	94
20	140	66
20	21	56
20	63	94
20	122	13
20	74	65
20	132	47
20	23	38
20	75	61
20	79	34
20	87	29
20	143	37
20	95	5
20	56	51
20	62	69
20	117	76
20	141	72
20	116	90
20	26	51
20	100	39
20	60	72
20	137	18
20	129	11
20	111	56
20	134	47
20	55	61
20	38	96
20	92	39
20	115	7
20	131	43
20	57	8
20	103	11
20	102	36
20	108	72
20	84	67
20	125	64
20	68	99
20	123	15
20	78	21
20	159	85
20	114	58
20	104	88
20	83	5
20	66	28
20	138	34
20	105	38
20	58	22
20	85	35
20	157	63
21	94	50
21	87	46
21	64	76
21	102	32
21	103	98
21	100	42
21	56	17
21	97	21
21	128	74
21	106	77
21	134	41
21	76	62
21	30	49
21	27	97
21	72	7
21	107	18
21	136	88
21	112	60
21	140	66
21	132	99
21	129	72
21	74	84
21	35	42
21	123	81
21	82	57
21	96	17
21	25	35
21	119	83
21	158	83
21	85	25
21	28	39
21	88	26
21	156	41
21	120	11
21	83	12
21	45	65
21	113	100
21	127	47
21	99	62
21	143	40
21	144	60
21	108	36
21	60	24
21	80	82
21	70	14
21	115	21
21	142	25
21	53	34
21	93	67
21	37	61
22	138	56
22	72	58
22	67	58
22	105	93
22	147	41
22	86	100
22	134	62
22	115	45
22	63	35
22	114	73
22	68	72
22	87	56
22	131	81
22	81	62
22	125	29
22	99	97
22	75	97
22	118	26
22	129	98
22	136	91
22	77	7
22	124	86
22	97	29
22	106	57
22	146	63
22	102	71
22	85	48
22	120	93
22	108	55
22	110	93
22	130	76
22	104	86
22	103	19
22	70	85
22	94	23
22	57	86
22	128	28
22	28	100
22	31	13
22	83	46
22	145	82
22	62	75
22	66	62
22	91	42
22	95	24
22	36	78
22	58	51
22	119	66
22	61	24
22	82	31
22	44	20
22	135	6
22	84	26
22	35	35
22	100	31
22	51	41
22	34	35
22	93	83
22	47	85
22	59	69
22	52	33
22	24	54
23	89	84
23	111	16
23	90	70
23	110	84
23	73	60
23	84	78
23	136	70
23	81	82
23	130	77
23	132	82
23	114	85
23	115	91
23	127	85
23	125	26
23	69	60
23	83	70
23	68	42
23	61	41
23	66	22
23	147	22
23	102	55
23	122	70
23	139	23
23	88	12
23	135	95
23	117	20
23	104	94
23	144	92
23	123	73
23	128	77
23	145	100
23	59	26
23	78	35
23	113	92
23	24	69
23	42	29
23	118	82
23	103	77
23	36	28
23	106	48
23	75	17
23	45	43
23	95	94
23	41	44
23	44	35
23	46	60
23	148	63
23	101	64
23	35	89
23	121	47
23	63	10
23	105	37
23	141	52
23	32	69
23	30	28
23	80	87
23	37	54
23	49	61
23	39	13
23	67	11
23	72	34
23	154	42
23	108	55
23	92	72
23	58	93
23	79	60
23	126	38
23	76	16
24	92	44
24	25	98
24	106	73
24	88	20
24	109	41
24	95	46
24	70	34
24	101	81
24	143	16
24	149	76
24	111	48
24	69	41
24	144	59
24	84	70
24	97	81
24	103	38
24	128	93
24	148	30
24	83	73
24	82	68
24	75	43
24	89	45
24	99	13
24	138	57
24	135	27
24	28	42
24	66	96
24	68	69
24	131	33
24	73	83
24	78	84
24	61	44
24	63	54
24	93	86
24	113	19
24	62	11
24	100	59
24	133	32
24	27	89
24	134	71
24	129	44
24	147	82
24	136	97
24	121	93
24	115	40
24	87	91
24	38	20
24	67	17
24	76	37
24	59	74
24	145	81
24	104	24
24	90	67
24	154	22
24	60	72
24	139	48
24	116	82
24	35	89
25	112	40
25	95	64
25	144	97
25	61	94
25	107	71
25	124	79
25	29	34
25	74	99
25	104	68
25	87	17
25	127	93
25	80	84
25	33	24
25	89	74
25	92	26
25	108	85
25	113	22
25	140	66
25	30	10
25	31	52
25	97	38
25	27	35
25	131	58
25	99	44
25	71	22
25	109	34
25	119	52
25	135	72
25	38	91
25	116	54
25	98	53
25	142	72
25	68	95
25	146	74
25	28	19
25	79	51
25	149	88
25	66	13
25	125	67
25	134	91
25	145	72
25	44	34
25	62	74
25	137	11
25	43	13
25	103	8
25	81	54
25	111	93
25	130	63
25	75	99
25	64	30
25	36	55
25	78	65
25	54	52
25	83	61
25	110	11
26	72	84
26	148	32
26	131	46
26	77	32
26	81	23
26	95	33
26	78	70
26	68	14
26	108	5
26	138	90
26	114	15
26	106	18
26	129	38
26	98	88
26	121	39
26	128	91
26	123	74
26	93	84
26	150	66
26	100	60
26	27	68
26	28	73
26	144	15
26	105	99
26	111	6
26	80	9
26	136	8
26	32	57
26	92	88
26	132	67
26	29	17
26	134	39
26	66	39
26	67	33
26	38	76
26	113	77
26	91	34
26	97	18
26	48	85
26	62	100
26	126	52
26	85	99
26	34	85
26	45	73
26	79	83
26	37	70
26	149	96
26	42	37
26	89	21
26	96	11
26	104	74
26	133	37
26	151	26
26	103	45
26	130	94
26	40	66
26	156	25
26	143	19
26	41	84
27	133	87
27	90	66
27	122	35
27	77	98
27	106	57
27	114	9
27	87	27
27	105	62
27	103	56
27	70	14
27	81	33
27	142	49
27	98	38
27	141	82
27	147	33
27	99	65
27	78	73
27	65	64
27	79	37
27	117	81
27	102	22
27	130	20
27	39	36
27	152	65
27	96	14
27	144	42
27	88	84
27	73	93
27	115	51
27	36	32
27	139	48
27	100	63
27	32	26
27	68	72
27	34	61
27	129	12
27	40	10
27	63	64
27	82	38
27	30	46
27	86	88
27	113	44
27	132	67
27	123	92
27	43	46
27	150	93
27	143	57
27	128	67
27	89	83
27	93	82
27	83	80
27	76	72
27	119	19
27	71	87
27	137	13
27	33	61
27	66	17
27	51	5
27	62	82
27	110	25
27	47	67
27	75	30
27	145	51
27	140	88
27	104	60
28	84	69
28	65	92
28	94	38
28	110	74
28	117	34
28	151	57
28	126	82
28	73	77
28	91	48
28	79	64
28	64	90
28	153	90
28	82	61
28	143	71
28	107	90
28	142	67
28	101	29
28	131	21
28	147	80
28	98	35
28	76	26
28	149	12
28	69	30
28	130	53
28	138	57
28	42	55
28	123	51
28	35	79
28	116	23
28	139	65
28	36	89
28	34	29
28	78	91
28	141	71
28	31	78
28	136	49
28	118	17
28	113	73
28	39	59
28	74	84
28	92	94
28	66	76
28	137	62
28	97	21
28	86	52
28	115	88
28	100	11
28	90	22
28	68	97
28	45	44
28	96	76
28	81	53
28	41	70
28	127	46
28	29	41
28	88	50
28	30	7
29	96	98
29	92	12
29	114	51
29	71	65
29	152	60
29	141	19
29	121	63
29	65	17
29	133	82
29	125	57
29	148	44
29	72	94
29	101	83
29	32	88
29	124	40
29	139	100
29	100	49
29	74	58
29	122	14
29	37	41
29	153	34
29	82	47
29	70	70
29	36	19
29	87	6
29	110	44
29	131	48
29	66	6
29	73	11
29	149	69
29	119	33
29	44	9
29	130	61
29	146	67
29	90	15
29	98	7
29	48	15
29	38	11
29	144	83
29	136	44
29	68	92
29	75	50
29	89	69
29	143	92
29	128	62
29	138	44
29	129	25
29	113	34
29	103	7
29	50	51
29	57	67
29	107	74
29	69	36
29	117	52
29	33	96
29	35	82
29	137	13
29	145	63
30	143	75
30	94	77
30	98	48
30	91	54
30	97	46
30	136	85
30	155	90
30	115	57
30	146	91
30	89	63
30	83	47
30	133	77
30	150	36
30	119	77
30	154	22
30	92	11
30	32	89
30	73	99
30	100	45
30	67	43
30	138	87
30	68	13
30	120	18
30	34	17
30	35	58
30	152	87
30	123	29
30	38	54
30	122	24
30	31	62
30	129	31
30	37	94
30	39	94
30	105	67
30	148	17
30	48	55
30	96	79
30	45	32
30	81	69
30	47	97
30	130	46
30	109	81
30	52	90
30	86	41
30	82	48
30	128	85
30	107	51
30	137	94
30	70	90
30	113	38
30	125	35
30	114	80
30	33	100
30	132	61
30	76	11
30	99	76
30	43	21
30	77	35
30	135	73
30	50	71
30	55	67
30	85	55
30	63	99
31	146	83
31	32	97
31	128	92
31	150	27
31	66	33
31	67	99
31	99	12
31	139	67
31	133	35
31	72	20
31	35	63
31	131	97
31	100	46
31	103	61
31	70	6
31	97	81
31	123	12
31	119	13
31	134	54
31	117	91
31	135	83
31	41	15
31	125	93
31	149	71
31	144	42
31	74	96
31	156	79
31	93	13
31	40	74
31	91	50
31	98	86
31	126	38
31	46	18
31	120	40
31	130	38
31	94	61
31	114	39
31	112	91
31	116	39
31	95	92
31	89	54
31	111	83
31	42	59
31	115	23
31	55	39
31	44	73
31	51	38
31	81	63
31	137	79
31	43	43
31	148	58
31	136	75
31	80	67
31	76	84
31	59	92
31	84	52
31	109	100
31	154	18
31	88	80
31	63	94
31	53	9
32	111	19
32	147	79
32	92	30
32	124	54
32	88	48
32	73	10
32	145	26
32	94	78
32	125	76
32	84	61
32	156	17
32	70	23
32	141	73
32	39	8
32	81	22
32	142	54
32	140	64
32	86	8
32	127	80
32	99	71
32	151	75
32	75	5
32	80	17
32	146	64
32	78	25
32	33	84
32	95	48
32	109	75
32	112	75
32	139	60
32	100	6
32	87	37
32	119	7
32	149	45
32	104	87
32	155	78
32	85	61
32	49	74
32	122	42
32	131	98
32	132	64
32	114	52
32	83	10
32	45	5
32	47	14
32	106	68
32	68	12
32	133	37
32	107	14
32	116	93
32	71	44
32	69	22
32	90	7
32	135	65
32	96	53
32	42	48
32	79	60
32	46	36
32	37	42
33	134	25
33	143	79
33	154	33
33	144	7
33	157	76
33	85	59
33	77	14
33	100	51
33	110	50
33	105	48
33	155	31
33	96	89
33	109	55
33	94	44
33	103	76
33	133	79
33	95	97
33	81	22
33	74	86
33	112	89
33	93	29
33	86	28
33	158	39
33	42	52
33	79	13
33	138	94
33	48	60
33	140	65
33	34	60
33	111	35
33	87	41
33	68	76
33	132	76
33	71	12
33	38	72
33	89	95
33	75	52
33	151	83
33	46	87
33	126	95
33	153	59
33	148	80
33	76	87
33	118	11
33	129	26
33	73	82
33	78	78
33	52	35
33	90	9
33	120	22
33	83	73
33	150	30
33	128	76
33	91	53
33	62	8
33	114	66
33	58	70
33	97	68
33	50	35
34	115	55
34	124	67
34	104	77
34	76	40
34	94	39
34	120	98
34	137	22
34	86	83
34	87	95
34	118	69
34	114	43
34	126	93
34	147	83
34	156	90
34	123	24
34	71	84
34	97	33
34	99	8
34	91	73
34	108	6
34	134	45
34	75	78
34	105	94
34	125	8
34	96	33
34	116	6
34	107	33
34	117	34
34	112	75
34	46	39
34	145	36
34	53	43
34	50	20
34	140	88
34	154	62
34	143	98
34	111	12
34	73	32
34	152	53
34	122	60
34	130	91
34	136	30
34	55	61
34	149	75
34	101	31
34	93	9
34	139	24
34	135	95
34	157	59
34	148	72
34	132	32
34	67	58
34	113	52
34	138	96
35	82	13
35	148	51
35	156	27
35	140	21
35	145	69
35	125	36
35	136	95
35	109	100
35	75	74
35	122	18
35	97	34
35	146	34
35	132	28
35	92	27
35	114	14
35	134	58
35	102	37
35	99	11
35	121	78
35	129	84
35	73	12
35	46	27
35	36	19
35	39	50
35	112	62
35	78	7
35	79	31
35	80	19
35	96	98
35	81	74
35	88	82
35	152	91
35	72	93
35	94	81
35	130	40
35	89	24
35	101	8
35	139	97
35	154	13
35	149	43
35	113	5
35	119	31
35	48	44
35	116	94
35	137	24
35	106	54
35	157	60
35	144	38
35	52	30
35	38	90
35	108	77
35	65	48
35	155	34
35	55	69
35	128	68
36	150	72
36	88	79
36	86	42
36	114	28
36	143	96
36	145	91
36	78	18
36	131	48
36	148	63
36	115	100
36	99	94
36	98	9
36	108	63
36	156	39
36	146	97
36	112	47
36	128	44
36	133	97
36	149	66
36	141	79
36	155	88
36	111	57
36	92	25
36	44	9
36	41	6
36	105	54
36	97	73
36	147	69
36	42	36
36	125	72
36	120	61
36	54	71
36	52	54
36	144	53
36	123	27
36	85	24
36	152	34
36	55	35
36	135	57
36	50	6
36	154	50
36	87	5
36	77	22
36	38	83
36	151	50
36	102	93
36	62	81
36	101	91
36	126	64
36	75	88
37	141	76
37	159	81
37	126	98
37	146	12
37	151	89
37	149	46
37	110	17
37	148	70
37	109	73
37	108	88
37	73	90
37	116	37
37	133	34
37	89	99
37	95	17
37	127	87
37	154	81
37	143	74
37	139	48
37	38	86
37	106	65
37	119	78
37	86	14
37	121	95
37	88	89
37	124	45
37	40	88
37	92	98
37	117	36
37	145	43
37	83	45
37	115	82
37	153	83
37	138	36
37	82	93
37	120	12
37	75	92
37	74	96
37	102	44
37	152	82
37	118	42
37	57	33
37	58	79
37	128	95
37	94	46
37	131	73
37	39	61
37	147	37
37	97	37
37	101	30
37	136	62
37	60	86
37	63	44
37	122	29
37	157	88
37	123	51
37	132	27
37	53	91
37	47	28
37	59	48
37	67	20
38	137	21
38	118	56
38	121	14
38	141	80
38	108	72
38	92	77
38	128	95
38	82	11
38	112	67
38	135	25
38	155	90
38	152	74
38	119	53
38	83	71
38	102	11
38	154	8
38	157	12
38	129	66
38	109	96
38	147	7
38	43	21
38	91	78
38	151	60
38	145	17
38	76	62
38	156	43
38	144	5
38	84	58
38	74	60
38	132	55
38	148	21
38	125	75
38	149	24
38	150	69
38	105	87
38	75	37
38	116	69
38	143	83
38	94	69
38	53	46
38	106	69
38	98	24
38	46	66
38	81	88
38	50	63
38	67	91
38	80	5
38	88	68
38	79	83
38	146	96
38	71	92
38	39	75
39	109	60
39	86	8
39	107	24
39	98	33
39	84	86
39	131	18
39	157	21
39	96	82
39	155	71
39	106	24
39	158	60
39	156	15
39	103	71
39	134	32
39	97	6
39	111	92
39	81	43
39	128	18
39	108	97
39	88	49
39	148	63
39	94	61
39	143	30
39	79	82
39	123	15
39	47	50
39	53	97
39	93	72
39	129	10
39	51	28
39	121	9
39	42	77
39	159	80
39	83	65
39	45	90
39	77	60
39	74	11
39	78	58
39	124	92
39	139	13
39	52	74
39	89	53
39	130	42
39	62	43
39	99	32
39	55	70
39	125	98
39	113	7
39	61	83
39	115	93
39	119	72
39	50	76
40	125	16
40	124	61
40	143	37
40	155	42
40	83	93
40	112	92
40	79	34
40	44	70
40	151	75
40	86	43
40	117	6
40	142	81
40	126	82
40	132	63
40	48	38
40	144	84
40	127	89
40	51	25
40	82	60
40	133	47
40	123	17
40	156	61
40	159	28
40	49	98
40	99	72
40	147	83
40	102	42
40	91	24
40	150	45
40	46	51
40	148	48
40	154	5
40	87	25
40	55	49
40	116	65
40	138	29
40	62	33
40	88	36
40	84	6
40	139	17
40	119	60
40	107	83
40	134	19
40	76	48
40	50	80
40	101	85
40	111	79
40	110	14
40	120	11
40	43	51
40	129	96
40	103	71
40	106	67
41	135	13
41	137	25
41	142	52
41	128	75
41	153	57
41	86	71
41	136	24
41	89	80
41	152	15
41	85	9
41	154	10
41	126	30
41	77	6
41	123	50
41	76	29
41	100	48
41	112	27
41	140	25
41	106	65
41	97	91
41	92	41
41	122	11
41	46	14
41	90	22
41	79	58
41	47	20
41	129	26
41	81	22
41	121	51
41	115	82
41	145	44
41	114	13
41	141	17
41	117	21
41	78	23
41	130	55
41	58	61
41	132	87
41	59	83
41	113	7
41	50	24
41	51	91
41	84	41
41	155	33
41	68	22
41	70	80
41	149	73
41	101	87
41	69	49
41	55	5
41	147	92
42	90	64
42	94	88
42	96	56
42	122	15
42	144	9
42	126	81
42	149	10
42	156	73
42	93	23
42	124	61
42	107	74
42	145	67
42	133	18
42	140	49
42	103	91
42	151	18
42	44	41
42	104	12
42	112	66
42	91	78
42	54	64
42	84	84
42	120	42
42	110	56
42	95	6
42	154	73
42	60	88
42	57	9
42	115	63
42	108	90
42	88	74
42	83	36
42	87	50
42	118	77
42	55	78
42	152	44
42	146	22
42	155	27
42	98	32
42	69	100
42	102	45
42	113	79
42	80	98
42	64	5
42	106	77
42	130	6
42	92	17
42	147	59
42	116	25
42	76	17
42	77	19
42	141	11
43	148	99
43	97	14
43	101	54
43	141	37
43	152	44
43	120	42
43	89	68
43	105	45
43	46	32
43	93	10
43	132	8
43	140	74
43	78	70
43	113	64
43	91	61
43	131	35
43	104	58
43	149	48
43	88	38
43	115	11
43	116	29
43	121	40
43	49	28
43	109	12
43	151	28
43	48	17
43	123	75
43	134	85
43	133	74
43	154	81
43	128	66
43	47	12
43	126	66
43	100	41
43	147	61
43	94	9
43	122	86
43	110	37
43	60	98
43	117	7
43	157	89
43	87	62
43	44	95
43	99	9
43	102	53
43	124	80
43	107	43
43	64	29
43	65	36
43	138	32
43	59	35
43	69	74
43	70	46
43	79	78
43	153	87
43	146	72
43	57	24
43	62	72
43	73	84
43	106	44
43	85	85
44	152	85
44	79	61
44	88	44
44	83	23
44	122	20
44	124	39
44	133	61
44	142	52
44	151	65
44	155	46
44	128	23
44	48	58
44	116	30
44	113	33
44	157	11
44	135	60
44	80	19
44	140	58
44	106	90
44	153	47
44	148	82
44	99	88
44	118	76
44	98	46
44	109	81
44	108	46
44	107	19
44	114	11
44	112	38
44	131	84
44	94	49
44	115	80
44	97	99
44	117	83
44	159	69
44	65	37
44	126	15
44	70	6
44	53	66
44	100	36
44	81	17
44	138	30
44	123	86
44	56	60
44	67	57
44	89	40
44	75	36
44	87	96
45	138	12
45	118	57
45	115	8
45	97	28
45	140	66
45	150	72
45	89	7
45	117	80
45	102	33
45	134	34
45	144	62
45	105	18
45	96	46
45	130	95
45	113	95
45	104	40
45	122	43
45	136	73
45	137	56
45	91	48
45	153	59
45	131	97
45	106	72
45	107	81
45	127	11
45	132	7
45	142	55
45	81	16
45	80	55
45	103	54
45	141	11
45	101	88
45	110	91
45	143	67
45	154	70
45	151	27
45	108	18
45	111	52
45	145	88
45	73	78
45	49	19
45	109	52
45	94	94
45	152	30
45	84	61
45	158	65
45	146	76
45	63	50
45	59	90
45	70	26
46	131	34
46	142	36
46	119	41
46	87	83
46	88	86
46	158	41
46	86	59
46	83	11
46	140	87
46	82	96
46	99	28
46	152	83
46	102	51
46	50	56
46	91	94
46	109	52
46	135	30
46	104	91
46	96	12
46	115	68
46	145	56
46	105	6
46	132	38
46	111	52
46	125	72
46	124	45
46	117	17
46	106	58
46	48	20
46	146	65
46	85	66
46	98	54
46	138	40
46	62	43
46	64	45
46	97	79
46	141	29
46	149	79
46	94	54
46	129	57
46	108	60
46	89	28
46	127	20
46	154	39
46	81	35
46	57	68
46	155	17
46	100	63
46	112	18
46	103	97
46	77	5
46	151	92
47	106	73
47	118	32
47	95	26
47	154	99
47	101	21
47	120	92
47	87	91
47	89	46
47	114	14
47	52	34
47	110	64
47	109	19
47	157	95
47	108	9
47	122	28
47	126	34
47	140	65
47	124	12
47	136	48
47	94	51
47	132	51
47	138	15
47	59	48
47	119	18
47	158	59
47	143	85
47	104	20
47	155	50
47	102	88
47	159	74
47	153	56
47	151	97
47	133	84
47	145	20
47	131	6
47	103	68
47	82	91
47	98	67
47	112	97
47	51	87
47	60	21
47	93	75
47	83	47
47	91	44
47	73	57
47	111	32
47	156	74
47	74	47
48	112	37
48	49	6
48	104	94
48	98	51
48	152	67
48	85	36
48	138	49
48	130	62
48	157	84
48	90	12
48	146	73
48	111	39
48	150	38
48	55	41
48	109	34
48	126	66
48	147	55
48	125	83
48	120	44
48	93	58
48	51	51
48	96	90
48	53	24
48	116	87
48	148	94
48	141	38
48	62	58
48	115	40
48	158	43
48	101	33
48	103	65
48	63	36
48	137	79
48	124	23
48	129	94
48	132	13
48	155	16
48	139	97
48	89	60
48	72	46
48	114	74
48	106	97
48	74	62
48	151	62
48	122	39
48	88	56
48	64	51
48	75	6
48	143	39
48	92	18
48	154	81
48	79	26
48	83	43
48	117	89
48	133	87
49	106	93
49	51	37
49	155	49
49	118	36
49	132	63
49	88	74
49	52	23
49	150	43
49	84	24
49	136	31
49	124	18
49	137	28
49	55	20
49	105	21
49	104	52
49	111	20
49	54	18
49	92	57
49	62	6
49	65	22
49	139	22
49	159	86
49	109	6
49	91	9
49	140	59
49	147	63
49	110	49
49	135	99
49	153	87
49	133	37
49	57	47
49	131	6
49	108	45
49	95	48
49	85	62
49	157	69
49	60	94
49	56	30
49	125	67
50	128	42
50	86	89
50	85	56
50	155	96
50	91	36
50	120	55
50	135	94
50	113	85
50	115	17
50	138	41
50	144	91
50	124	14
50	118	76
50	94	5
50	151	99
50	107	47
50	157	92
50	142	26
50	56	63
50	123	9
50	143	36
50	152	70
50	129	85
50	149	41
50	110	77
50	104	32
50	150	59
50	103	5
50	158	84
50	95	45
50	57	26
50	65	86
50	97	91
50	71	11
50	66	41
50	102	26
50	134	46
50	109	21
50	93	92
50	137	53
50	51	18
50	119	14
50	54	78
50	106	91
50	148	32
50	127	18
50	82	32
50	69	60
50	73	66
50	81	87
51	98	84
51	102	85
51	151	98
51	109	88
51	114	73
51	96	74
51	137	71
51	144	65
51	108	25
51	141	38
51	87	89
51	54	83
51	94	9
51	86	83
51	57	24
51	100	62
51	154	16
51	92	49
51	105	8
51	106	97
51	117	62
51	121	44
51	56	27
51	52	33
51	142	70
51	99	99
51	153	54
51	89	67
51	124	6
51	145	94
51	59	26
51	95	96
51	97	89
51	118	44
51	129	33
51	140	68
51	128	80
51	134	40
51	126	38
51	53	65
51	55	14
51	130	21
51	69	53
51	88	96
51	91	35
51	146	24
51	81	63
51	107	83
51	66	80
51	159	17
52	137	38
52	139	75
52	90	45
52	123	64
52	145	74
52	100	82
52	114	33
52	136	58
52	116	66
52	158	46
52	156	36
52	130	98
52	55	76
52	135	28
52	138	68
52	54	49
52	124	39
52	148	96
52	60	68
52	122	21
52	99	51
52	56	18
52	120	12
52	125	18
52	87	10
52	144	36
52	106	8
52	109	64
52	104	45
52	146	6
52	126	18
52	94	22
52	147	92
52	77	50
52	127	32
52	143	52
52	121	93
52	57	8
52	97	6
52	75	92
52	71	49
52	79	12
52	102	94
52	88	80
52	142	83
52	111	37
52	159	40
52	151	16
52	153	7
53	117	19
53	151	18
53	99	58
53	103	35
53	129	94
53	120	88
53	106	16
53	147	56
53	158	39
53	92	30
53	97	98
53	124	78
53	114	60
53	131	26
53	94	85
53	122	65
53	55	30
53	62	16
53	153	19
53	101	87
53	54	62
53	118	79
53	64	57
53	115	81
53	95	56
53	150	61
53	157	15
53	111	47
53	61	95
53	156	64
53	141	82
53	138	83
53	70	38
53	137	60
53	140	79
53	78	52
53	73	67
53	76	17
53	134	45
53	146	94
53	63	56
53	58	41
53	119	56
53	110	31
53	116	69
53	77	94
53	107	72
53	100	63
53	86	17
53	155	46
54	129	95
54	119	90
54	122	16
54	117	50
54	103	82
54	153	89
54	159	68
54	104	44
54	102	23
54	151	38
54	138	39
54	114	54
54	59	40
54	134	92
54	64	61
54	107	26
54	135	60
54	121	89
54	128	73
54	143	82
54	101	81
54	68	63
54	158	40
54	109	26
54	126	23
54	149	92
54	108	8
54	94	7
54	140	12
54	142	5
54	76	85
54	70	85
54	60	33
54	55	63
54	65	23
54	79	43
54	155	15
54	120	26
54	110	74
54	80	80
55	108	96
55	134	50
55	105	43
55	100	65
55	130	10
55	147	16
55	98	29
55	58	92
55	123	22
55	144	64
55	111	74
55	107	38
55	150	69
55	97	20
55	141	28
55	140	21
55	116	94
55	91	55
55	59	41
55	103	97
55	131	99
55	151	18
55	65	44
55	101	19
55	120	43
55	125	50
55	156	75
55	62	14
55	132	12
55	146	23
55	90	99
55	155	52
55	114	73
55	110	5
55	129	48
55	157	18
55	70	91
55	149	24
55	56	43
55	74	78
55	158	12
55	106	60
55	113	97
55	153	15
55	81	72
55	57	75
55	64	84
55	76	66
55	133	40
55	82	8
56	91	96
56	116	13
56	133	95
56	57	7
56	131	38
56	58	59
56	97	47
56	99	36
56	148	81
56	102	80
56	151	39
56	106	43
56	156	13
56	94	76
56	104	53
56	63	21
56	130	66
56	129	53
56	121	19
56	95	13
56	96	18
56	127	40
56	126	63
56	150	37
56	114	57
56	105	95
56	135	62
56	155	52
56	153	71
56	141	36
56	123	47
56	72	94
56	70	27
56	125	39
56	112	49
56	139	31
56	124	21
56	61	46
56	107	98
56	146	7
56	119	76
56	136	25
56	108	39
56	128	92
56	103	79
56	59	30
56	82	87
56	145	71
56	147	95
56	98	8
57	127	91
57	133	90
57	129	22
57	152	8
57	131	95
57	132	28
57	146	71
57	140	14
57	105	68
57	60	82
57	93	23
57	125	99
57	149	16
57	100	95
57	68	87
57	97	32
57	109	6
57	67	69
57	69	19
57	135	28
57	150	37
57	157	75
57	72	69
57	145	62
57	64	22
57	119	73
57	115	57
57	143	24
57	142	96
57	155	90
57	158	65
57	78	63
57	144	13
57	159	46
57	111	95
57	107	88
57	101	86
57	114	59
57	122	70
57	65	22
57	128	70
57	85	30
57	121	22
57	89	89
57	62	90
58	99	95
58	154	48
58	128	10
58	127	75
58	134	51
58	103	89
58	120	11
58	132	23
58	159	70
58	141	57
58	158	6
58	114	98
58	61	79
58	101	75
58	121	58
58	107	21
58	136	16
58	113	34
58	117	79
58	144	32
58	140	70
58	98	86
58	93	75
58	152	89
58	147	16
58	142	69
58	122	53
58	111	91
58	109	18
58	129	78
58	146	43
58	133	35
58	145	63
58	67	68
58	65	72
58	79	95
58	130	23
58	119	89
58	73	15
58	112	40
58	108	41
58	97	81
58	110	50
58	124	82
58	157	63
58	150	81
58	148	30
58	151	37
58	95	66
58	60	35
58	89	61
58	118	59
59	133	37
59	102	37
59	156	69
59	105	28
59	111	71
59	143	7
59	98	27
59	159	44
59	108	11
59	157	22
59	61	95
59	153	5
59	119	89
59	95	71
59	106	74
59	113	18
59	72	39
59	109	43
59	152	61
59	96	75
59	137	19
59	67	82
59	121	34
59	141	28
59	110	8
59	138	12
59	144	53
59	124	42
59	154	49
59	82	99
59	63	96
59	118	20
59	135	71
59	129	79
59	99	9
59	88	36
59	91	41
59	78	99
60	147	45
60	100	14
60	109	97
60	154	84
60	110	72
60	152	66
60	153	52
60	148	98
60	104	45
60	130	97
60	107	87
60	139	43
60	62	71
60	61	69
60	95	73
60	65	48
60	67	57
60	157	97
60	66	31
60	103	51
60	121	14
60	117	77
60	155	20
60	126	77
60	116	22
60	120	7
60	63	75
60	129	92
60	77	52
60	132	82
60	114	21
60	81	79
60	128	93
60	105	85
60	145	54
60	144	79
60	98	6
60	156	55
60	73	42
60	124	82
60	122	44
60	87	59
60	141	56
60	112	78
60	123	60
60	143	41
60	91	78
60	85	48
60	68	81
60	158	11
60	94	8
61	98	52
61	126	64
61	118	50
61	104	60
61	146	10
61	64	24
61	154	41
61	101	58
61	124	64
61	134	34
61	147	38
61	103	29
61	102	44
61	116	13
61	119	67
61	123	47
61	63	60
61	66	32
61	137	17
61	141	9
61	77	79
61	72	65
61	145	12
61	132	99
61	105	35
61	78	40
61	157	38
61	69	53
61	76	34
61	84	94
61	131	72
61	80	35
61	81	14
61	121	39
61	155	17
61	99	41
61	70	42
61	75	14
61	143	89
61	79	21
61	96	45
61	90	27
61	89	46
61	100	41
61	128	68
61	129	29
61	112	16
61	130	97
62	159	17
62	149	31
62	111	19
62	121	73
62	65	47
62	125	79
62	103	76
62	137	34
62	64	29
62	119	65
62	120	55
62	105	76
62	67	90
62	72	58
62	74	17
62	126	79
62	136	38
62	142	72
62	104	40
62	139	6
62	140	56
62	115	71
62	156	38
62	133	36
62	76	63
62	148	63
62	110	48
62	99	43
62	157	50
62	63	38
62	147	89
62	70	33
62	144	22
62	118	47
62	124	67
62	68	75
62	73	27
62	80	91
62	138	39
63	132	46
63	99	85
63	122	7
63	159	20
63	98	36
63	121	19
63	156	80
63	119	85
63	151	68
63	101	81
63	109	65
63	72	91
63	129	37
63	125	57
63	116	91
63	123	63
63	155	71
63	140	54
63	102	55
63	118	5
63	146	64
63	131	34
63	144	69
63	137	45
63	86	61
63	85	94
63	139	42
63	112	15
63	124	7
63	143	31
63	65	86
63	76	9
63	104	28
64	123	38
64	154	48
64	128	6
64	116	95
64	119	37
64	138	61
64	146	49
64	72	83
64	133	58
64	135	77
64	112	55
64	117	77
64	75	79
64	143	33
64	73	7
64	99	63
64	139	24
64	124	62
64	136	77
64	113	83
64	77	90
64	126	91
64	81	91
64	107	81
64	69	84
64	150	58
64	141	77
64	78	79
64	156	27
64	149	77
64	134	83
64	101	29
64	68	32
64	104	30
64	137	97
64	153	22
64	131	81
64	152	68
64	159	7
64	85	58
64	82	19
64	92	72
64	147	64
64	140	32
64	89	51
64	127	12
64	103	100
65	124	62
65	155	98
65	137	29
65	112	47
65	116	6
65	110	50
65	151	96
65	140	98
65	146	78
65	126	93
65	127	100
65	143	89
65	72	20
65	149	46
65	117	47
65	157	94
65	68	33
65	69	77
65	108	96
65	70	44
65	76	10
65	115	99
65	66	60
65	158	87
65	71	85
65	134	42
65	147	20
65	119	71
65	103	29
65	107	58
65	102	20
65	67	13
65	81	14
65	77	7
65	106	59
65	73	12
65	105	88
65	118	25
65	129	95
65	142	39
65	78	59
65	89	11
65	141	71
65	79	94
65	125	43
65	144	61
65	159	21
65	138	89
65	156	65
65	94	98
65	91	30
65	114	98
65	153	39
66	144	42
66	156	91
66	139	89
66	130	21
66	149	91
66	102	64
66	103	54
66	143	98
66	128	88
66	133	15
66	145	47
66	104	16
66	138	99
66	71	96
66	153	6
66	152	63
66	72	61
66	115	58
66	111	13
66	118	36
66	68	56
66	112	50
66	132	87
66	146	37
66	80	41
66	159	62
66	121	82
66	158	32
66	155	86
66	67	10
66	110	39
66	113	44
66	91	94
66	122	35
66	147	75
66	151	41
66	120	15
66	134	89
66	140	48
66	117	50
66	105	6
66	77	64
66	136	26
66	74	92
66	84	16
66	88	57
67	111	13
67	117	8
67	112	90
67	132	88
67	144	75
67	148	62
67	152	45
67	151	8
67	102	90
67	110	19
67	153	54
67	76	77
67	134	82
67	157	54
67	138	98
67	125	59
67	72	24
67	77	49
67	104	75
67	69	26
67	81	97
67	113	35
67	116	86
67	106	79
67	146	65
67	84	51
67	68	58
67	124	20
67	121	57
67	158	68
67	71	25
67	139	90
67	82	29
67	91	10
67	115	35
67	136	15
67	123	57
67	89	11
67	141	56
67	98	33
68	158	32
68	133	20
68	134	42
68	140	49
68	107	14
68	127	74
68	108	6
68	72	74
68	106	85
68	146	64
68	71	79
68	70	78
68	154	51
68	128	85
68	123	77
68	150	12
68	144	76
68	118	57
68	147	37
68	145	52
68	142	90
68	141	100
68	149	26
68	126	46
68	76	29
68	75	29
68	155	14
68	153	59
68	114	73
68	79	40
68	85	95
68	93	32
68	156	27
68	109	76
68	130	98
68	159	56
69	118	84
69	158	77
69	124	50
69	110	6
69	144	12
69	156	23
69	150	52
69	123	57
69	132	56
69	73	88
69	106	80
69	139	90
69	154	47
69	149	15
69	119	88
69	74	18
69	133	15
69	77	77
69	82	24
69	111	91
69	128	61
69	130	17
69	83	47
69	75	87
69	146	56
69	87	69
69	116	34
69	117	21
69	76	68
69	120	87
69	153	45
69	107	52
69	109	93
69	157	96
69	113	30
69	141	97
69	148	86
69	92	81
69	78	45
69	143	68
69	112	12
69	99	54
69	151	37
70	132	47
70	129	58
70	116	76
70	138	55
70	158	45
70	126	95
70	137	22
70	127	63
70	106	97
70	107	80
70	147	58
70	76	90
70	153	95
70	120	13
70	83	20
70	125	19
70	111	100
70	154	70
70	146	77
70	85	16
70	157	28
70	143	58
70	149	23
70	109	9
70	159	22
70	86	64
70	71	54
70	122	8
70	77	29
71	155	83
71	116	70
71	75	11
71	108	70
71	122	30
71	133	72
71	114	82
71	138	18
71	159	68
71	73	99
71	123	32
71	135	27
71	141	53
71	130	68
71	134	31
71	144	49
71	157	50
71	119	25
71	137	57
71	143	29
71	82	66
71	146	51
71	156	59
71	140	52
71	151	76
71	128	19
71	118	86
71	89	36
71	115	99
71	126	16
71	127	63
71	148	67
71	106	69
71	145	55
71	153	97
71	97	89
71	74	90
71	112	54
71	95	78
72	117	54
72	132	88
72	124	88
72	125	21
72	74	63
72	111	55
72	73	13
72	151	27
72	143	70
72	155	85
72	121	9
72	136	74
72	82	32
72	156	15
72	123	19
72	120	33
72	115	32
72	86	66
72	78	97
72	134	20
72	131	26
72	137	29
72	89	65
72	110	89
72	112	23
72	76	74
72	80	14
72	140	17
72	127	27
72	119	83
72	145	27
72	128	22
72	75	88
72	159	86
72	114	75
72	133	40
72	154	87
72	126	42
72	81	67
72	102	87
73	113	33
73	140	9
73	153	67
73	149	59
73	109	26
73	135	26
73	154	23
73	143	70
73	145	82
73	74	33
73	156	36
73	136	26
73	111	40
73	139	37
73	75	81
73	142	14
73	134	43
73	152	21
73	148	89
73	79	62
73	122	89
73	84	16
73	78	22
73	123	93
73	108	95
73	128	94
73	99	19
73	129	97
73	158	14
73	116	77
73	85	41
73	91	66
73	125	38
73	121	41
73	144	92
74	113	36
74	109	15
74	144	78
74	149	19
74	139	25
74	153	19
74	120	98
74	135	64
74	145	53
74	130	86
74	122	71
74	84	90
74	114	37
74	140	18
74	154	91
74	75	82
74	76	15
74	119	82
74	129	52
74	142	89
74	89	16
74	111	69
74	151	48
74	88	61
74	125	58
74	133	34
74	148	95
74	132	23
74	99	90
74	100	84
74	77	23
74	98	81
74	138	7
74	93	52
74	158	31
74	86	64
75	124	91
75	135	55
75	125	6
75	142	95
75	126	39
75	113	89
75	127	63
75	138	72
75	137	62
75	120	32
75	136	41
75	88	8
75	119	20
75	116	33
75	158	47
75	157	8
75	80	37
75	111	45
75	131	24
75	130	6
75	149	26
75	121	83
75	132	90
75	134	64
75	99	58
75	83	64
75	123	32
75	102	29
75	128	86
75	148	32
75	122	50
75	96	58
76	150	96
76	156	91
76	147	9
76	142	68
76	111	60
76	78	62
76	116	24
76	122	72
76	82	10
76	119	20
76	159	62
76	83	25
76	129	99
76	141	45
76	125	87
76	146	32
76	79	95
76	121	40
76	93	13
76	90	48
76	88	11
76	112	83
76	94	30
76	117	51
76	89	31
76	91	20
76	132	99
76	137	16
76	105	20
76	124	92
76	135	94
76	136	26
76	155	75
76	85	95
76	95	17
77	122	45
77	129	18
77	123	57
77	113	44
77	138	90
77	131	11
77	128	19
77	151	21
77	127	65
77	157	8
77	89	46
77	135	56
77	133	9
77	79	96
77	82	34
77	130	69
77	141	38
77	153	23
77	146	71
77	126	37
77	149	54
77	148	10
77	137	55
77	120	65
77	94	24
77	99	80
77	93	51
77	159	20
77	80	5
77	154	54
77	139	31
77	98	73
77	88	24
77	116	82
77	147	18
77	115	73
78	135	70
78	154	16
78	127	7
78	128	74
78	130	46
78	137	87
78	117	54
78	141	5
78	138	27
78	113	48
78	148	49
78	139	59
78	133	22
78	85	81
78	156	52
78	115	60
78	145	14
78	84	86
78	79	92
78	122	57
78	158	99
78	96	17
78	97	73
78	100	46
78	129	52
78	86	63
78	153	21
78	124	59
78	143	52
78	81	6
78	144	46
78	151	58
78	98	67
78	80	48
79	131	16
79	115	17
79	117	31
79	114	85
79	143	48
79	156	61
79	128	24
79	154	42
79	152	22
79	116	23
79	142	30
79	81	69
79	124	86
79	149	95
79	158	33
79	87	81
79	118	8
79	137	28
79	85	63
79	82	92
79	93	12
79	121	91
79	129	21
79	99	40
79	83	82
79	139	77
79	102	27
79	89	36
79	159	22
79	95	58
79	119	87
80	121	69
80	147	71
80	84	53
80	153	43
80	86	81
80	154	29
80	138	9
80	156	89
80	132	47
80	136	35
80	131	90
80	125	86
80	145	59
80	150	92
80	116	9
80	95	19
80	148	56
80	135	80
80	144	99
80	157	57
80	158	67
80	97	90
80	115	6
80	102	9
80	92	100
80	126	100
80	85	17
80	155	18
80	120	99
80	87	37
80	99	9
80	108	23
81	139	35
81	120	89
81	122	86
81	85	22
81	127	39
81	118	24
81	130	53
81	155	72
81	144	30
81	149	70
81	136	45
81	134	31
81	145	60
81	124	68
81	150	41
81	89	83
81	93	78
81	92	12
81	146	21
81	126	14
81	84	89
81	132	50
81	88	9
81	141	57
81	140	64
81	152	87
81	104	28
81	129	71
81	96	15
81	131	40
81	158	19
81	97	76
81	87	96
81	106	53
81	117	24
81	135	78
81	119	12
81	137	7
81	128	39
82	121	35
82	124	35
82	83	33
82	131	28
82	143	5
82	132	23
82	126	61
82	85	74
82	152	91
82	88	84
82	89	71
82	155	72
82	136	97
82	138	53
82	145	9
82	98	24
82	142	13
82	150	11
82	93	99
82	101	34
82	99	46
82	91	86
82	96	55
82	105	68
82	149	37
82	137	14
82	97	79
82	95	6
82	84	14
82	108	44
82	147	56
82	92	50
82	140	19
82	87	74
82	100	38
82	118	66
82	154	5
83	136	91
83	156	40
83	138	52
83	127	24
83	153	30
83	159	71
83	147	63
83	158	93
83	134	53
83	139	7
83	135	65
83	93	83
83	157	66
83	91	19
83	146	72
83	137	9
83	148	11
83	141	60
83	133	27
83	149	84
83	88	94
83	130	33
83	100	5
83	142	41
83	124	18
83	119	34
83	107	77
83	105	51
83	96	22
83	111	22
83	112	84
83	152	20
83	102	25
83	89	67
83	114	64
83	143	14
83	101	60
84	134	80
84	140	76
84	154	7
84	158	29
84	119	90
84	123	59
84	147	41
84	120	9
84	91	77
84	141	88
84	124	11
84	136	6
84	159	30
84	122	33
84	121	5
84	152	72
84	149	27
84	156	50
84	135	85
84	87	90
84	101	80
84	150	43
84	130	52
84	126	41
84	131	33
84	144	63
84	110	37
84	95	35
84	106	42
84	132	62
85	152	74
85	159	5
85	142	63
85	129	25
85	150	73
85	88	93
85	148	34
85	134	61
85	124	94
85	146	54
85	137	11
85	120	8
85	94	69
85	156	12
85	121	8
85	149	36
85	158	16
85	130	32
85	96	56
85	99	40
85	95	42
85	98	32
85	144	56
85	154	8
85	90	52
85	123	52
85	86	44
85	110	30
85	87	94
85	127	64
85	138	11
85	109	42
85	101	81
85	119	29
86	129	84
86	148	42
86	155	69
86	90	73
86	156	14
86	152	30
86	134	99
86	151	77
86	157	32
86	159	25
86	142	9
86	121	22
86	150	88
86	149	70
86	158	13
86	141	66
86	124	42
86	127	80
86	88	37
86	136	89
86	95	58
86	107	83
86	94	34
86	92	65
86	87	73
86	140	93
86	153	78
86	139	44
86	130	63
86	137	58
86	138	100
86	97	54
86	143	99
86	116	79
87	125	47
87	145	47
87	139	53
87	157	36
87	93	6
87	96	71
87	138	35
87	150	17
87	130	48
87	94	27
87	158	55
87	124	67
87	136	40
87	97	96
87	90	88
87	91	57
87	122	60
87	154	10
87	89	51
87	137	82
87	133	46
87	128	61
87	156	34
87	108	99
87	141	40
87	110	23
87	106	17
87	132	75
87	131	48
87	112	82
87	146	77
87	116	86
87	88	67
87	113	42
88	130	52
88	139	6
88	141	20
88	158	17
88	136	5
88	125	53
88	126	95
88	150	8
88	152	23
88	90	46
88	145	12
88	94	44
88	142	38
88	96	50
88	146	10
88	147	28
88	154	92
88	157	62
88	159	82
88	123	23
88	129	67
88	155	99
88	143	43
88	149	39
88	91	52
88	153	100
88	113	35
88	144	67
88	95	80
88	89	14
88	138	43
88	108	47
89	156	5
89	136	70
89	142	12
89	149	24
89	133	6
89	90	84
89	148	30
89	150	62
89	98	59
89	125	80
89	92	98
89	102	50
89	134	47
89	138	62
89	127	18
89	124	98
89	147	79
89	131	99
89	132	82
89	154	11
89	140	53
89	151	76
89	94	44
89	100	34
89	159	65
89	130	48
90	138	41
90	145	45
90	148	81
90	127	58
90	91	93
90	152	10
90	157	22
90	137	21
90	154	67
90	144	63
90	130	96
90	158	30
90	149	43
90	93	26
90	97	47
90	100	25
90	98	63
90	142	14
90	132	58
90	135	80
90	96	85
90	109	24
90	92	36
90	153	31
90	134	41
90	104	96
90	113	92
90	102	74
90	147	69
90	107	33
90	125	28
90	131	22
90	128	54
90	119	66
90	136	18
90	140	46
90	129	60
90	123	35
91	127	65
91	154	74
91	134	21
91	135	96
91	136	6
91	132	70
91	96	87
91	99	40
91	148	28
91	97	21
91	157	61
91	105	62
91	130	46
91	128	60
91	146	25
91	137	81
91	150	64
91	92	24
91	140	59
91	102	78
91	104	60
91	143	33
91	147	68
91	113	18
91	159	83
91	116	95
91	120	88
92	146	22
92	142	35
92	137	24
92	133	36
92	147	51
92	157	91
92	96	49
92	145	96
92	153	65
92	150	20
92	98	81
92	155	37
92	144	6
92	139	90
92	154	57
92	106	96
92	151	28
92	109	51
92	158	62
92	119	86
92	93	83
92	101	76
92	104	79
92	102	70
92	99	10
92	127	52
92	107	37
93	134	46
93	135	40
93	150	97
93	94	48
93	159	22
93	156	84
93	95	90
93	129	8
93	102	52
93	144	37
93	131	21
93	147	44
93	137	34
93	108	7
93	136	42
93	112	28
93	100	97
93	116	26
93	153	93
93	117	13
93	138	24
93	154	7
93	97	41
93	115	66
93	152	40
93	101	6
93	121	40
94	135	38
94	143	94
94	137	38
94	96	72
94	144	12
94	129	29
94	133	52
94	156	96
94	106	66
94	153	88
94	158	75
94	104	59
94	108	80
94	112	27
94	103	69
94	148	77
94	101	13
94	98	99
94	114	44
94	149	56
94	151	12
94	118	85
94	141	56
94	130	84
94	146	78
94	119	47
94	139	96
94	117	86
94	131	9
94	145	41
94	125	14
95	134	61
95	156	41
95	157	24
95	143	38
95	140	85
95	152	75
95	148	31
95	130	87
95	100	48
95	158	39
95	136	96
95	108	28
95	137	66
95	146	53
95	105	95
95	96	30
95	133	83
95	98	79
95	159	58
95	144	29
95	141	77
95	147	18
95	151	10
95	153	34
95	139	83
96	158	53
96	151	64
96	141	18
96	145	70
96	155	64
96	98	82
96	143	88
96	101	98
96	157	57
96	104	32
96	103	35
96	136	40
96	99	68
96	131	35
96	150	19
96	153	59
96	147	9
96	110	72
96	107	90
96	115	61
96	124	12
96	138	36
96	113	11
96	102	25
96	123	51
96	118	37
97	150	72
97	134	34
97	99	53
97	140	81
97	98	53
97	138	91
97	143	81
97	103	86
97	106	49
97	152	56
97	153	23
97	135	74
97	110	21
97	114	43
97	133	73
97	147	49
97	122	63
97	156	71
97	121	22
97	117	34
97	142	47
97	101	64
97	139	32
97	158	32
97	118	99
97	100	96
97	125	38
98	136	62
98	135	78
98	151	68
98	156	44
98	155	25
98	106	98
98	154	77
98	141	20
98	139	5
98	105	85
98	102	92
98	114	19
98	149	48
98	134	45
98	108	80
98	104	11
98	125	94
98	143	86
98	152	8
98	103	24
99	151	12
99	147	29
99	142	42
99	153	31
99	141	53
99	112	16
99	140	57
99	156	86
99	135	60
99	107	6
99	157	73
99	148	9
99	139	54
99	155	25
99	158	89
99	145	95
99	105	38
99	100	64
99	143	83
99	115	74
99	113	12
99	109	61
99	106	87
99	154	52
99	120	17
100	146	13
100	101	93
100	107	24
100	150	39
100	155	21
100	110	13
100	143	11
100	102	63
100	113	97
100	108	53
100	153	82
100	109	84
100	140	35
100	135	30
100	123	61
100	124	76
100	145	43
100	115	13
100	142	16
100	158	48
100	117	74
101	148	25
101	142	40
101	150	31
101	144	41
101	154	13
101	151	9
101	104	74
101	146	6
101	157	37
101	106	46
101	110	52
101	121	43
101	116	52
101	108	35
101	124	80
101	107	79
101	112	83
101	138	38
101	113	99
101	130	86
101	141	41
102	138	32
102	144	30
102	104	55
102	103	76
102	155	11
102	153	94
102	111	68
102	147	78
102	154	55
102	113	49
102	140	70
102	118	85
102	151	21
102	107	83
102	112	46
102	110	6
102	106	30
102	142	43
102	123	8
102	156	32
102	146	58
102	116	91
102	136	41
103	104	41
103	156	13
103	105	31
103	149	38
103	151	85
103	138	26
103	146	78
103	153	29
103	139	88
103	109	20
103	140	99
103	122	93
103	120	74
103	125	82
103	112	41
103	110	67
103	123	95
103	124	47
103	108	15
103	154	90
103	127	8
103	114	84
103	141	85
104	147	69
104	153	39
104	158	94
104	144	24
104	109	96
104	143	8
104	159	34
104	154	57
104	148	96
104	151	85
104	111	99
104	156	47
104	146	8
104	145	83
104	119	35
104	133	18
104	108	68
105	140	68
105	150	42
105	146	19
105	106	37
105	159	73
105	152	17
105	112	38
105	153	90
105	142	65
105	141	34
105	156	19
105	118	43
105	154	66
105	127	23
105	121	98
105	158	13
105	155	10
105	148	77
105	151	18
105	145	84
105	124	74
105	123	80
106	156	60
106	141	21
106	109	75
106	146	95
106	147	93
106	142	56
106	151	46
106	108	28
106	111	30
106	155	21
106	148	27
106	107	71
106	154	31
106	119	52
106	131	20
106	133	93
106	135	39
106	145	26
107	143	72
107	152	87
107	148	33
107	144	31
107	154	69
107	156	97
107	158	45
107	142	96
107	113	26
107	110	92
107	123	76
107	153	56
107	150	20
107	132	48
107	108	11
107	124	23
108	157	73
108	159	51
108	148	43
108	153	75
108	111	68
108	151	34
108	154	20
108	115	86
108	114	87
108	110	14
108	143	47
108	155	47
108	123	91
108	147	57
108	149	53
108	132	27
108	156	38
108	125	43
108	158	56
108	144	17
108	127	49
109	158	92
109	159	11
109	157	37
109	145	39
109	114	9
109	152	75
109	128	37
109	146	50
109	117	70
109	123	36
109	124	27
109	149	31
109	125	99
109	131	39
109	119	87
109	126	14
109	112	72
110	159	98
110	149	75
110	156	97
110	150	28
110	146	17
110	158	88
110	115	90
110	154	72
110	113	10
110	123	70
110	119	86
110	125	25
110	153	92
110	157	83
110	134	45
110	145	42
110	132	51
110	131	76
111	152	84
111	157	75
111	153	39
111	154	22
111	112	17
111	113	72
111	155	94
111	151	69
111	156	79
111	123	33
111	122	27
111	146	20
111	121	61
111	130	97
111	124	9
111	141	93
111	119	91
111	114	55
111	133	58
111	139	63
112	158	43
112	148	92
112	154	68
112	151	47
112	118	25
112	116	26
112	117	53
112	128	47
112	157	22
112	121	9
112	153	90
112	132	42
112	123	41
112	126	85
112	115	53
112	114	8
112	141	78
112	139	91
112	137	82
113	114	48
113	151	58
113	115	33
113	159	14
113	126	100
113	153	7
113	150	35
113	124	56
113	138	68
113	156	63
113	134	23
113	154	92
113	125	24
113	117	35
113	144	35
114	151	35
114	157	90
114	120	94
114	125	60
114	117	61
114	149	86
114	124	22
114	132	28
114	136	24
114	115	63
114	139	50
114	129	48
114	119	85
114	155	8
114	159	76
114	140	37
114	145	99
114	126	14
115	154	88
115	157	18
115	155	38
115	119	40
115	151	37
115	159	7
115	150	58
115	122	93
115	117	40
115	116	52
115	140	44
115	133	26
115	124	6
115	138	66
115	131	13
116	118	33
116	158	52
116	121	90
116	153	77
116	155	80
116	120	48
116	127	90
116	125	57
116	128	99
116	130	70
116	157	66
116	152	89
116	146	83
116	151	35
117	157	74
117	159	56
117	156	40
117	153	30
117	158	91
117	128	53
117	126	28
117	134	69
117	141	67
117	136	26
117	132	36
117	152	21
117	131	46
117	123	59
118	123	8
118	155	52
118	156	68
118	121	99
118	126	72
118	122	93
118	132	34
118	159	17
118	136	48
118	120	54
118	157	51
118	128	84
118	124	74
118	148	54
118	140	31
119	120	41
119	125	46
119	156	18
119	124	38
119	130	91
119	140	95
119	154	48
119	148	80
119	144	66
119	151	46
119	122	21
120	127	44
120	132	80
120	131	76
120	123	43
120	159	8
120	128	27
120	140	47
120	138	19
120	137	58
120	122	95
120	125	70
120	157	42
120	121	45
121	159	34
121	123	13
121	158	77
121	157	98
121	125	31
121	130	19
121	139	37
121	126	54
121	146	77
121	127	42
121	142	53
121	147	34
122	126	74
122	127	80
122	124	49
122	157	85
122	142	16
122	146	77
122	137	62
122	136	24
122	139	97
123	132	58
123	138	41
123	142	73
123	131	90
123	130	95
123	128	79
123	125	62
123	146	98
123	136	91
123	148	40
123	149	11
123	124	46
123	147	83
124	125	100
124	127	43
124	126	88
124	143	45
124	144	97
124	134	59
124	159	71
124	133	22
125	128	9
125	127	16
125	147	20
125	142	84
125	135	83
126	131	59
126	128	71
126	127	9
126	136	9
126	143	39
126	150	7
126	129	93
126	146	33
126	155	67
126	147	32
126	152	73
127	132	99
127	133	37
127	136	32
127	142	97
127	130	26
127	138	25
127	139	83
127	150	59
127	137	20
127	140	97
127	146	36
127	152	57
127	155	14
127	129	84
128	130	35
128	134	40
128	135	55
128	129	15
128	138	59
128	145	89
128	133	88
128	147	74
128	141	43
128	146	91
128	140	50
128	149	43
129	134	31
129	137	78
129	145	44
129	139	63
129	154	56
129	141	72
129	144	99
129	155	38
129	157	45
130	133	90
130	134	7
130	135	52
130	138	68
130	151	15
130	145	95
130	152	13
130	137	16
130	157	54
130	141	82
130	144	82
131	136	79
131	135	96
131	144	66
131	150	37
131	152	68
131	146	91
131	140	74
131	147	27
131	149	35
132	139	52
132	135	24
132	140	64
132	146	75
132	138	36
132	143	50
132	153	15
132	156	62
132	133	82
132	148	56
133	136	13
133	143	94
133	142	60
133	150	22
133	145	75
133	141	57
133	149	9
134	139	95
134	143	19
134	136	26
134	137	80
134	148	11
134	154	96
134	155	84
134	151	41
134	141	16
134	152	7
134	156	10
135	148	38
135	146	11
135	137	7
135	138	14
135	155	52
135	136	99
135	143	49
135	157	39
135	150	30
135	152	10
136	140	71
136	138	100
136	139	12
136	137	13
136	141	49
136	145	82
136	142	43
136	146	55
136	156	89
137	141	40
137	147	34
137	154	51
137	148	39
137	143	7
137	155	85
137	142	21
137	139	45
137	145	71
137	140	83
137	152	100
137	157	21
138	141	79
138	143	86
138	158	13
138	159	68
138	146	76
138	153	99
138	157	59
138	144	66
138	150	86
138	139	90
139	141	79
139	143	79
139	140	90
139	146	49
139	148	35
139	142	8
139	151	36
139	149	95
139	152	47
139	158	50
139	155	91
139	145	7
139	154	78
140	141	57
140	144	100
140	143	35
140	147	13
140	154	41
140	145	36
140	142	36
140	149	40
140	150	49
140	157	12
141	142	88
141	145	39
141	143	46
141	153	76
141	151	80
141	147	99
141	157	55
141	149	19
141	146	94
142	145	30
142	150	23
142	153	77
142	157	45
142	143	69
142	149	90
143	145	75
143	158	29
143	153	45
143	151	79
143	150	16
144	154	41
144	147	23
144	151	7
144	153	32
144	157	9
144	156	10
145	154	28
145	158	7
145	150	46
145	152	55
146	149	64
146	151	76
146	148	92
146	154	90
146	159	32
146	150	50
146	155	26
146	147	54
146	156	16
147	159	48
147	152	37
147	149	56
147	157	38
147	151	61
148	149	66
148	150	7
148	152	89
148	159	76
148	155	99
148	153	10
148	158	90
148	151	54
149	157	86
149	154	81
149	153	47
149	158	80
150	158	88
150	151	80
150	155	17
150	157	9
150	159	58
150	153	88
150	152	66
151	156	96
151	154	46
151	152	100
151	158	22
152	158	24
152	157	17
152	159	45
152	154	76
152	155	84
153	156	66
154	158	46
154	156	62
155	158	10
155	156	53
156	157	48
156	158	46
157	159	97
157	158	52
158	159	34
