NAME: W_SPARSE_200_40
n: 200
m: 4000
0	91	85
0	167	48
0	43	6
0	35	25
0	101	74
0	158	79
0	81	34
0	120	58
0	116	67
0	172	73
0	122	8
0	179	37
0	160	88
0	140	35
0	170	51
0	65	55
0	86	41
0	199	59
0	154	72
0	46	63
0	119	86
0	33	18
0	196	73
0	57	39
0	70	74
0	135	78
0	189	88
0	55	71
0	152	33
0	31	66
0	197	96
0	89	14
0	95	67
0	173	46
0	99	94
1	110	84
1	41	90
1	72	66
1	114	21
1	138	44
1	113	26
1	44	78
1	74	30
1	143	15
1	106	23
1	43	53
1	97	44
1	164	61
1	192	43
1	63	48
1	149	34
1	57	88
1	167	98
1	32	81
1	132	71
1	148	76
1	154	37
1	118	37
1	66	64
1	116	5
1	105	100
1	84	63
1	23	37
1	91	93
1	79	14
1	53	49
1	60	61
1	180	27
1	161	66
1	47	86
2	95	67
2	60	7
2	148	66
2	113	8
2	134	43
2	50	67
2	163	44
2	136	31
2	156	6
2	23	41
2	155	43
2	127	92
2	74	36
2	144	72
2	39	81
2	64	72
2	70	78
2	138	44
2	44	96
2	107	50
2	69	27
2	157	63
2	165	16
2	43	71
2	177	8
2	75	37
2	164	60
2	83	20
2	86	89
2	162	23
2	167	95
2	55	61
2	26	24
2	188	59
2	49	94
2	123	99
2	133	40
2	4	74
2	104	83
2	72	10
3	59	46
3	97	59
3	165	7
3	95	80
3	44	79
3	80	50
3	85	75
3	100	63
3	87	37
3	27	98
3	62	28
3	157	19
3	41	56
3	93	37
3	173	11
3	180	70
3	48	31
3	153	85
3	11	61
3	112	56
3	135	32
3	147	84
3	195	93
3	5	45
3	35	98
3	107	91
3	162	88
3	124	93
3	169	39
3	119	14
3	136	20
3	60	84
3	42	9
3	128	83
3	188	42
3	66	10
3	15	19
3	17	59
3	98	20
4	143	89
4	96	54
4	175	87
4	67	58
4	107	88
4	28	73
4	35	62
4	114	41
4	132	52
4	127	25
4	120	21
4	123	48
4	42	39
4	151	68
4	104	22
4	125	64
4	84	47
4	106	80
4	79	72
4	80	91
4	118	89
4	13	92
4	75	44
4	164	50
4	152	23
4	170	67
4	148	72
4	162	22
4	169	10
4	183	29
4	122	77
4	66	48
4	195	60
4	113	83
4	68	75
5	120	59
5	78	14
5	62	26
5	47	53
5	145	19
5	70	98
5	72	79
5	36	33
5	69	24
5	104	75
5	152	87
5	181	73
5	132	50
5	57	87
5	144	8
5	173	7
5	48	49
5	53	37
5	128	27
5	30	47
5	12	61
5	8	48
5	136	23
5	165	80
5	29	47
5	60	25
5	90	36
5	86	14
5	88	9
5	94	25
5	101	66
5	89	52
5	114	29
5	81	68
5	189	66
5	85	22
5	140	99
5	195	49
5	50	63
5	11	27
5	199	24
6	123	17
6	45	98
6	103	49
6	151	78
6	150	27
6	78	85
6	37	36
6	83	32
6	101	26
6	134	38
6	173	28
6	168	94
6	104	16
6	10	83
6	170	91
6	52	34
6	176	6
6	33	66
6	198	22
6	53	30
6	77	33
6	89	7
6	135	71
6	35	89
6	133	39
6	179	55
6	164	41
6	57	17
6	34	46
6	49	21
6	65	53
6	98	61
6	147	31
6	68	62
6	41	47
6	21	49
6	30	14
6	136	39
6	194	29
6	112	61
6	129	29
6	97	18
6	72	43
6	199	80
6	181	13
6	191	31
6	55	46
6	50	43
6	114	88
7	128	84
7	33	18
7	75	27
7	178	68
7	186	20
7	46	47
7	29	36
7	28	14
7	171	43
7	106	71
7	78	29
7	121	94
7	17	34
7	124	47
7	133	37
7	123	91
7	63	99
7	85	33
7	97	71
7	198	99
7	182	88
7	104	46
7	130	78
7	164	39
7	54	60
7	34	46
7	65	82
7	101	26
7	152	85
7	167	13
7	192	11
7	79	45
7	151	58
8	49	26
8	75	93
8	95	56
8	102	6
8	86	56
8	151	37
8	154	78
8	146	53
8	64	83
8	130	90
8	112	60
8	122	26
8	124	84
8	65	87
8	37	91
8	156	86
8	13	62
8	71	87
8	109	46
8	150	100
8	159	97
8	184	39
8	43	92
8	58	31
8	141	6
8	53	90
8	73	74
8	103	17
8	129	51
8	135	71
8	90	68
8	44	5
8	104	13
8	63	15
8	166	47
8	165	77
8	142	48
8	106	87
8	114	84
8	20	61
8	139	17
8	81	100
9	59	90
9	55	42
9	107	77
9	93	77
9	131	57
9	169	17
9	38	95
9	152	14
9	134	94
9	122	31
9	144	79
9	111	56
9	170	11
9	148	53
9	68	17
9	177	82
9	198	95
9	146	89
9	145	5
9	149	53
9	175	24
9	80	89
9	57	32
9	119	85
9	153	62
9	116	61
9	52	99
9	171	67
9	91	28
9	65	20
9	102	20
9	140	23
9	196	37
10	117	29
10	183	32
10	180	10
10	54	85
10	186	79
10	79	35
10	75	90
10	178	44
10	105	13
10	184	11
10	189	21
10	122	55
10	32	60
10	103	15
10	78	25
10	74	73
10	132	100
10	59	54
10	81	31
10	87	51
10	121	45
10	181	10
10	46	43
10	52	5
10	109	44
10	119	38
10	148	61
10	165	56
10	188	57
10	160	78
10	113	30
10	93	10
10	94	83
10	106	37
10	127	52
10	112	40
10	16	42
10	45	52
10	71	74
10	99	56
10	118	43
10	135	33
10	150	91
10	24	6
10	42	7
10	164	38
10	67	33
10	25	91
10	77	38
10	134	67
10	141	55
11	73	89
11	40	53
11	154	98
11	173	41
11	96	30
11	13	29
11	103	64
11	131	96
11	111	78
11	150	75
11	141	61
11	135	86
11	113	44
11	147	89
11	161	44
11	158	40
11	122	43
11	115	88
11	127	78
11	180	15
11	125	15
11	86	14
11	87	57
11	185	9
11	117	94
11	166	11
11	179	95
11	50	22
11	155	83
11	56	78
11	128	84
11	63	60
11	196	20
11	41	80
11	153	82
11	186	43
11	71	52
11	194	95
12	77	52
12	174	76
12	53	24
12	72	32
12	175	59
12	103	17
12	146	71
12	40	89
12	33	95
12	149	6
12	87	52
12	38	61
12	152	25
12	71	68
12	90	54
12	128	27
12	189	45
12	16	44
12	56	92
12	104	54
12	123	17
12	172	41
12	93	96
12	21	60
12	82	30
12	159	16
12	142	9
12	50	81
12	166	40
12	190	34
12	63	14
12	113	11
12	116	22
12	80	93
12	58	27
12	107	87
12	34	48
12	76	70
12	48	53
12	73	91
12	54	18
13	83	60
13	140	43
13	144	20
13	137	85
13	154	20
13	16	20
13	166	29
13	92	87
13	40	8
13	120	22
13	136	47
13	176	28
13	156	59
13	35	9
13	98	63
13	103	39
13	76	60
13	91	68
13	188	11
13	123	9
13	191	31
13	47	64
13	148	73
13	107	89
13	121	24
13	173	30
13	187	37
13	125	51
13	21	96
13	55	7
13	142	29
13	146	74
13	28	35
13	32	57
13	115	21
13	100	12
13	109	75
13	126	9
14	150	93
14	35	30
14	163	30
14	164	22
14	42	50
14	61	73
14	41	22
14	159	6
14	113	46
14	178	7
14	74	34
14	98	69
14	132	43
14	151	13
14	167	5
14	48	20
14	106	86
14	58	58
14	71	89
14	161	53
14	118	18
14	97	29
14	160	27
14	185	7
14	174	82
14	70	60
14	187	53
14	108	58
14	158	10
14	103	72
14	82	89
14	81	83
14	53	61
14	75	28
14	121	11
14	133	51
14	162	19
14	66	41
14	94	31
14	28	22
14	179	47
14	114	12
14	21	9
14	26	23
14	23	24
14	154	36
14	115	38
14	190	8
15	120	21
15	165	36
15	41	17
15	79	16
15	190	32
15	53	10
15	146	47
15	192	90
15	123	64
15	110	97
15	86	94
15	126	73
15	177	88
15	113	74
15	131	87
15	89	44
15	20	5
15	124	44
15	138	21
15	36	90
15	85	21
15	74	49
15	137	48
15	140	51
15	44	45
15	16	79
15	54	36
15	152	48
15	189	21
15	136	98
15	99	14
16	173	82
16	129	33
16	68	5
16	194	57
16	93	44
16	64	77
16	103	80
16	187	78
16	70	78
16	52	9
16	60	56
16	124	46
16	41	47
16	53	8
16	183	79
16	172	93
16	188	7
16	86	6
16	49	82
16	123	77
16	118	92
16	106	38
16	77	38
16	128	68
16	50	62
16	90	93
16	45	68
16	150	75
16	105	39
16	137	73
16	87	77
16	25	16
16	130	61
16	153	20
16	111	45
17	127	43
17	171	80
17	195	55
17	188	60
17	178	73
17	165	57
17	65	66
17	51	13
17	147	98
17	112	87
17	57	73
17	102	11
17	108	92
17	137	10
17	75	7
17	125	10
17	170	41
17	71	99
17	76	23
17	90	96
17	186	9
17	110	31
17	189	46
17	122	26
17	44	29
17	24	83
17	177	12
17	175	23
17	150	25
17	35	52
17	48	95
17	134	39
18	197	78
18	81	18
18	107	63
18	99	19
18	71	10
18	55	36
18	87	28
18	194	93
18	89	81
18	148	44
18	187	12
18	135	48
18	120	59
18	56	60
18	196	83
18	43	23
18	186	63
18	52	36
18	169	52
18	85	58
18	96	66
18	172	32
18	90	98
18	62	91
18	131	23
18	58	19
18	67	89
18	22	63
18	153	41
18	65	47
18	31	14
18	63	37
19	142	71
19	66	60
19	150	31
19	164	17
19	61	65
19	195	48
19	87	69
19	42	40
19	123	41
19	143	87
19	181	99
19	112	74
19	174	26
19	128	41
19	185	44
19	108	83
19	138	45
19	141	14
19	167	33
19	22	47
19	51	44
19	77	21
19	106	54
19	45	31
19	73	99
19	28	20
19	198	11
19	132	76
19	151	14
19	145	23
19	121	41
19	99	81
19	64	33
19	79	18
19	196	54
19	149	90
19	107	64
19	29	60
19	59	17
20	71	8
20	79	64
20	194	79
20	170	25
20	106	45
20	108	83
20	144	14
20	150	82
20	183	97
20	121	10
20	137	85
20	56	66
20	58	37
20	140	66
20	26	37
20	42	25
20	72	13
20	102	24
20	160	84
20	180	19
20	154	63
20	50	45
20	82	98
20	51	91
20	159	84
20	164	96
20	68	29
20	185	70
20	63	61
20	28	26
20	34	37
20	100	37
20	138	82
20	151	15
20	145	47
20	90	41
20	197	56
20	94	92
20	168	34
21	130	66
21	152	22
21	119	26
21	80	46
21	24	72
21	85	93
21	167	94
21	50	19
21	88	82
21	123	71
21	62	94
21	169	66
21	168	66
21	106	26
21	170	32
21	178	41
21	140	55
21	197	22
21	82	93
21	105	91
21	137	39
21	158	49
21	185	22
21	142	79
21	57	28
21	61	65
21	175	20
21	196	32
21	64	18
21	44	21
22	161	35
22	177	85
22	172	52
22	48	18
22	189	79
22	162	27
22	25	76
22	143	12
22	184	40
22	63	10
22	127	92
22	110	16
22	56	61
22	61	19
22	106	75
22	107	35
22	119	5
22	167	90
22	187	54
22	140	50
22	183	63
22	121	61
22	168	87
22	113	30
22	171	81
22	57	47
22	170	70
22	26	8
22	180	38
22	194	67
22	93	65
22	130	69
22	91	45
22	152	73
22	29	32
22	192	77
22	169	60
22	101	31
22	196	55
22	111	13
22	89	18
22	95	72
22	178	35
22	34	8
22	28	84
22	44	78
23	104	86
23	57	15
23	159	42
23	85	7
23	24	86
23	169	36
23	81	52
23	129	59
23	68	61
23	88	44
23	105	42
23	197	77
23	107	93
23	195	77
23	75	70
23	170	35
23	178	76
23	148	86
23	140	97
23	191	97
23	138	28
23	102	11
23	177	40
23	115	17
23	91	85
23	168	59
23	179	7
23	100	63
23	113	86
23	143	15
23	80	96
23	136	99
23	149	69
23	127	96
23	146	34
23	162	93
23	47	58
23	130	38
23	53	60
23	67	30
23	112	75
23	153	28
23	128	93
23	186	90
23	194	46
23	150	80
24	105	59
24	139	61
24	178	95
24	144	60
24	57	23
24	47	15
24	85	59
24	133	54
24	74	37
24	120	69
24	100	81
24	46	45
24	45	34
24	122	85
24	29	8
24	151	37
24	25	76
24	83	98
24	28	96
24	71	82
24	90	53
24	30	69
24	61	53
24	114	90
24	174	89
24	110	97
24	150	16
24	192	23
24	194	87
24	197	47
24	153	7
24	98	23
24	81	78
24	146	40
24	91	78
24	86	21
24	191	17
24	128	51
24	27	31
24	163	51
24	67	45
24	93	31
25	130	31
25	89	45
25	110	13
25	53	94
25	199	36
25	88	76
25	64	17
25	186	70
25	158	71
25	147	93
25	99	10
25	172	20
25	59	59
25	135	51
25	28	46
25	33	78
25	183	51
25	124	70
25	92	90
25	131	90
25	160	59
25	134	7
25	66	76
25	76	98
25	194	49
25	98	79
25	87	7
25	41	49
25	141	54
26	157	30
26	125	87
26	142	31
26	171	70
26	117	51
26	56	85
26	113	64
26	145	97
26	79	94
26	175	85
26	197	81
26	152	92
26	66	43
26	199	74
26	68	65
26	99	74
26	178	99
26	78	39
26	55	97
26	108	87
26	139	58
26	153	52
26	27	27
26	85	53
26	89	6
26	57	67
26	83	41
26	136	68
26	73	80
26	63	32
26	35	53
26	71	50
26	168	32
26	94	81
26	53	35
26	156	51
26	110	82
26	121	80
26	31	97
26	101	27
26	51	67
27	100	92
27	80	17
27	65	77
27	176	61
27	180	70
27	149	12
27	125	73
27	172	78
27	190	75
27	30	81
27	114	45
27	159	52
27	63	76
27	55	55
27	86	76
27	136	60
27	169	52
27	118	12
27	160	62
27	54	29
27	112	73
27	127	54
27	195	54
27	60	95
27	93	78
27	67	7
27	110	23
27	105	87
27	49	44
27	50	99
27	32	22
27	192	92
27	68	97
27	38	90
27	198	29
27	166	79
28	115	8
28	82	87
28	187	81
28	67	42
28	163	41
28	149	53
28	97	6
28	139	85
28	117	64
28	167	82
28	152	14
28	61	83
28	55	23
28	50	55
28	100	86
28	69	34
28	194	75
28	180	54
28	99	80
28	87	95
28	76	14
28	174	46
28	165	9
28	184	75
28	188	45
28	159	76
28	41	9
28	68	39
28	106	69
28	39	96
28	65	67
29	150	47
29	113	30
29	121	41
29	115	7
29	128	45
29	78	40
29	141	67
29	105	71
29	94	46
29	53	60
29	164	31
29	34	23
29	173	53
29	157	54
29	190	76
29	122	99
29	88	90
29	119	50
29	95	29
29	110	78
29	181	57
29	116	67
29	195	10
29	133	84
29	186	46
29	137	34
29	136	44
29	103	82
29	196	29
30	156	72
30	64	44
30	72	71
30	75	91
30	85	32
30	83	18
30	135	61
30	183	50
30	69	7
30	140	92
30	38	76
30	109	51
30	117	15
30	137	43
30	186	46
30	198	65
30	128	60
30	96	6
30	125	85
30	149	61
30	167	18
30	139	35
30	98	32
30	91	15
30	199	54
30	118	97
30	41	32
30	63	78
30	116	45
31	143	83
31	32	79
31	71	27
31	113	46
31	107	13
31	161	43
31	155	76
31	33	7
31	105	83
31	137	55
31	134	18
31	149	59
31	195	53
31	110	41
31	108	12
31	111	60
31	140	84
31	156	23
31	136	39
31	146	68
31	91	6
31	128	71
31	160	57
31	158	79
31	157	91
31	55	22
31	119	64
31	34	84
31	57	74
31	100	66
31	62	6
31	74	45
31	115	40
31	181	97
31	73	51
31	109	98
31	187	78
31	197	91
31	148	33
31	79	63
31	63	39
31	38	47
32	156	71
32	142	65
32	69	65
32	166	74
32	64	28
32	62	34
32	135	93
32	100	82
32	178	97
32	33	10
32	101	64
32	132	72
32	119	83
32	126	26
32	91	53
32	134	12
32	61	69
32	72	80
32	125	9
32	118	45
32	35	59
32	154	69
32	128	32
32	111	25
32	76	38
32	110	67
32	44	94
32	71	38
32	160	87
32	158	99
32	127	46
32	85	51
32	96	83
33	188	90
33	132	22
33	61	11
33	89	8
33	128	23
33	157	17
33	167	50
33	124	78
33	68	23
33	87	20
33	159	49
33	150	63
33	104	94
33	162	11
33	55	97
33	175	36
33	194	43
33	142	79
33	184	16
33	197	20
33	97	32
33	76	84
33	65	58
33	187	33
33	85	41
33	103	49
33	180	75
33	144	59
33	49	40
33	189	22
34	150	89
34	88	92
34	119	10
34	178	41
34	152	86
34	73	43
34	121	8
34	188	51
34	114	73
34	139	95
34	151	82
34	169	58
34	177	86
34	36	83
34	62	48
34	68	76
34	153	70
34	155	15
34	86	98
34	69	57
34	58	93
34	137	92
34	65	84
34	41	93
34	37	47
34	57	77
34	182	84
34	43	74
34	48	60
34	75	87
34	52	32
34	80	27
34	132	87
34	184	28
34	157	46
34	172	44
34	82	48
35	77	56
35	82	18
35	182	8
35	138	90
35	122	8
35	94	10
35	125	100
35	40	60
35	144	36
35	192	21
35	153	53
35	166	30
35	103	37
35	139	14
35	78	27
35	146	39
35	172	11
35	171	79
35	150	74
35	39	46
35	48	94
35	148	74
35	41	40
35	131	69
35	114	98
35	62	72
35	194	82
35	64	86
36	144	25
36	105	54
36	99	8
36	109	19
36	91	83
36	181	35
36	82	13
36	70	39
36	173	57
36	92	78
36	169	96
36	81	64
36	141	51
36	154	20
36	80	47
36	171	69
36	62	25
36	161	51
36	103	70
36	42	94
36	85	45
36	174	6
36	66	18
36	88	14
36	115	13
36	193	98
36	189	29
36	172	31
36	79	95
36	74	52
36	166	16
37	81	35
37	84	13
37	186	13
37	173	63
37	139	36
37	190	68
37	113	36
37	62	57
37	86	79
37	152	68
37	160	18
37	177	89
37	112	41
37	137	50
37	125	57
37	146	12
37	44	38
37	70	12
37	39	29
37	121	6
37	124	99
37	94	37
37	100	78
37	111	81
37	166	39
37	159	42
37	169	36
37	51	68
37	76	39
37	116	44
37	52	87
37	106	41
38	178	13
38	65	73
38	168	80
38	136	37
38	111	66
38	99	10
38	170	78
38	87	66
38	161	26
38	152	91
38	157	72
38	134	13
38	40	95
38	89	63
38	91	25
38	94	94
38	189	35
38	47	82
38	71	92
38	93	74
38	139	85
38	114	70
38	199	65
38	185	92
38	74	13
38	108	40
38	151	31
38	140	26
38	148	27
38	123	17
39	159	96
39	124	69
39	142	52
39	69	25
39	99	7
39	111	88
39	116	46
39	108	49
39	70	57
39	125	68
39	72	48
39	175	94
39	178	54
39	97	59
39	143	29
39	183	73
39	75	62
39	138	53
39	51	96
39	78	34
39	173	40
39	167	36
39	190	60
39	110	76
39	81	17
39	160	53
39	176	96
39	126	79
39	123	54
39	49	43
39	185	36
39	55	71
39	127	48
40	157	33
40	158	41
40	134	79
40	126	25
40	145	71
40	67	99
40	78	47
40	140	49
40	151	14
40	84	43
40	104	35
40	79	17
40	116	63
40	47	47
40	89	36
40	170	6
40	96	89
40	185	16
40	168	6
40	76	97
40	103	20
40	155	72
40	144	88
40	174	95
40	102	65
40	98	96
40	108	66
40	48	75
40	85	91
40	64	74
40	191	15
40	193	85
40	146	12
40	112	84
40	121	59
40	91	28
41	69	41
41	93	48
41	67	82
41	166	35
41	129	62
41	98	9
41	134	90
41	138	68
41	155	43
41	139	80
41	91	35
41	122	85
41	150	27
41	156	52
41	79	86
41	184	96
41	88	76
41	46	76
41	103	13
41	174	67
41	190	9
41	193	27
41	70	46
41	75	76
41	135	87
41	115	17
41	170	78
41	66	57
41	195	52
41	112	45
41	50	57
41	137	61
41	182	18
42	167	7
42	110	8
42	72	9
42	121	73
42	70	64
42	177	17
42	185	89
42	85	36
42	147	9
42	158	93
42	156	69
42	139	94
42	135	71
42	107	26
42	95	61
42	67	86
42	169	81
42	75	20
42	53	28
42	77	11
42	84	83
42	54	49
42	115	94
42	74	78
42	133	40
42	69	39
42	190	52
42	56	96
42	78	66
42	142	59
42	76	11
42	87	14
42	44	75
42	92	80
43	194	38
43	141	87
43	81	17
43	72	26
43	95	17
43	80	63
43	113	90
43	74	72
43	152	38
43	65	58
43	155	74
43	166	32
43	115	54
43	158	71
43	188	84
43	45	57
43	101	50
43	142	49
43	170	80
43	119	7
43	51	73
43	163	76
43	133	93
43	167	65
43	47	51
43	132	76
43	195	99
43	127	71
43	123	15
43	138	60
43	168	93
43	44	30
43	149	96
43	143	38
43	108	76
44	151	22
44	101	92
44	119	23
44	140	19
44	137	71
44	74	46
44	116	25
44	186	12
44	89	72
44	112	51
44	111	24
44	147	54
44	145	99
44	81	47
44	138	32
44	199	7
44	191	25
44	102	38
44	190	70
44	95	39
44	136	38
44	75	16
44	195	89
44	135	46
44	176	8
44	188	22
45	135	39
45	105	28
45	157	46
45	164	67
45	109	54
45	183	20
45	131	75
45	178	50
45	160	66
45	73	8
45	96	59
45	117	48
45	165	97
45	143	43
45	101	16
45	72	43
45	68	59
45	191	45
45	146	17
45	132	65
45	114	58
45	125	23
45	185	71
45	127	81
45	174	90
45	55	50
45	51	11
45	141	57
45	166	30
46	165	85
46	177	13
46	116	88
46	180	69
46	186	53
46	114	75
46	157	87
46	154	54
46	93	41
46	122	86
46	141	49
46	142	93
46	168	93
46	121	13
46	97	92
46	130	41
46	166	36
46	83	86
46	167	75
46	196	99
46	79	24
46	136	11
46	68	9
46	108	95
46	107	58
46	61	23
46	160	81
46	67	96
46	73	87
46	92	98
46	134	50
46	53	6
46	88	36
46	188	71
46	145	35
47	164	93
47	121	59
47	126	49
47	68	52
47	98	74
47	189	75
47	151	31
47	139	90
47	130	17
47	111	55
47	134	97
47	76	66
47	185	77
47	120	64
47	144	62
47	157	66
47	56	10
47	192	63
47	179	86
47	186	25
47	187	61
47	89	8
47	69	17
47	93	90
47	137	21
47	175	6
47	177	54
47	195	13
47	53	64
47	50	93
47	77	36
47	95	96
47	70	11
48	134	77
48	97	20
48	123	7
48	148	36
48	102	5
48	93	50
48	133	55
48	131	53
48	196	32
48	104	81
48	49	95
48	69	25
48	82	85
48	199	8
48	180	84
48	87	8
48	144	17
48	167	33
48	173	86
48	78	31
48	92	39
48	120	15
48	151	74
48	178	84
48	84	55
48	118	74
48	171	49
48	176	63
48	159	40
48	71	18
48	51	94
48	103	73
48	114	66
48	182	82
48	121	30
48	136	41
48	158	30
49	166	56
49	179	67
49	74	60
49	132	52
49	199	87
49	196	45
49	167	18
49	112	22
49	144	38
49	198	57
49	133	56
49	164	18
49	137	88
49	78	66
49	108	14
49	56	84
49	85	49
49	89	98
49	158	11
49	174	19
49	119	82
49	111	18
49	105	40
49	185	40
50	83	11
50	118	39
50	180	37
50	140	83
50	189	36
50	100	92
50	145	85
50	73	43
50	76	90
50	82	47
50	105	47
50	182	44
50	71	91
50	143	68
50	101	73
50	55	16
50	194	29
50	136	31
50	131	27
50	151	19
50	113	47
50	93	43
50	94	6
50	58	24
51	156	62
51	198	90
51	126	80
51	88	65
51	183	67
51	89	32
51	92	16
51	153	65
51	193	36
51	167	86
51	96	35
51	124	14
51	180	15
51	75	13
51	80	9
51	76	8
51	190	88
51	192	13
51	116	66
51	106	61
51	112	62
51	155	88
51	60	59
51	84	65
51	128	45
51	159	63
51	140	51
51	186	68
51	79	44
51	85	11
51	179	58
51	149	25
52	128	78
52	180	20
52	130	50
52	195	50
52	174	89
52	127	18
52	154	85
52	185	41
52	199	64
52	79	48
52	82	60
52	165	75
52	170	7
52	149	69
52	145	95
52	111	27
52	140	98
52	97	23
52	175	22
52	183	40
52	177	87
52	171	71
52	73	47
52	93	12
52	107	42
52	118	50
52	64	25
52	126	75
52	184	25
52	120	13
52	105	55
52	198	66
52	67	17
53	182	66
53	74	67
53	179	77
53	135	54
53	155	88
53	177	36
53	93	17
53	126	17
53	150	14
53	84	36
53	130	62
53	138	57
53	143	49
53	152	20
53	133	27
53	137	84
53	81	78
53	60	24
53	104	53
53	105	81
53	139	14
53	141	81
53	100	99
53	56	44
53	59	60
53	156	15
53	132	30
53	117	12
53	120	40
53	157	14
53	134	30
53	183	99
53	66	49
53	123	10
54	92	53
54	194	35
54	109	81
54	197	35
54	123	25
54	175	84
54	57	55
54	196	86
54	154	15
54	98	58
54	106	20
54	177	56
54	133	61
54	151	29
54	81	71
54	182	41
54	138	26
54	174	67
54	157	59
54	111	82
54	158	62
54	97	93
54	160	35
54	191	27
54	89	76
54	131	32
54	71	49
54	193	33
54	96	48
54	140	15
55	120	26
55	177	18
55	184	91
55	118	64
55	94	90
55	143	78
55	121	61
55	176	85
55	81	89
55	158	90
55	138	81
55	154	54
55	124	19
55	199	43
55	141	52
55	170	36
55	172	19
55	76	45
55	142	46
55	195	7
55	59	44
55	182	19
55	106	26
55	111	82
55	164	41
55	67	29
55	174	38
55	129	60
55	136	63
55	97	61
55	112	83
55	119	73
56	152	55
56	194	21
56	166	12
56	125	7
56	179	12
56	190	96
56	181	85
56	101	71
56	112	25
56	116	98
56	98	73
56	133	94
56	193	43
56	61	99
56	184	30
56	176	21
56	143	6
56	90	31
56	120	66
56	159	58
56	161	61
56	94	46
56	137	71
56	129	22
56	99	37
56	163	95
56	64	42
56	104	55
56	144	96
56	198	41
56	173	73
57	125	37
57	137	18
57	108	90
57	103	92
57	191	20
57	179	22
57	134	8
57	196	93
57	107	65
57	61	40
57	119	51
57	156	13
57	183	90
57	142	94
57	67	12
57	164	22
57	104	10
57	93	23
57	185	69
57	126	47
57	58	75
57	109	68
57	128	78
58	142	45
58	141	32
58	97	87
58	103	79
58	79	42
58	137	31
58	160	74
58	177	39
58	189	75
58	168	56
58	170	77
58	153	88
58	159	72
58	195	48
58	190	56
58	116	92
58	146	38
58	113	24
58	71	26
58	154	98
58	193	99
58	145	70
58	119	57
58	147	14
58	96	8
59	82	38
59	195	8
59	144	27
59	83	78
59	131	76
59	60	35
59	186	14
59	196	69
59	198	75
59	85	42
59	191	94
59	152	13
59	181	95
59	150	84
59	151	88
59	185	64
59	136	92
59	64	32
59	164	77
59	109	18
59	88	87
59	163	24
59	63	9
59	87	53
59	73	36
59	167	95
59	188	30
59	199	69
59	89	63
59	137	56
59	90	82
60	143	36
60	157	36
60	124	26
60	104	37
60	162	16
60	195	66
60	164	56
60	129	43
60	154	17
60	147	61
60	178	51
60	90	58
60	179	23
60	163	8
60	139	75
60	186	9
60	93	70
60	127	78
60	165	79
60	102	81
60	142	76
60	91	46
60	105	69
60	123	72
60	111	18
60	126	89
60	120	81
60	132	12
60	148	34
60	159	98
60	197	6
60	79	15
61	130	49
61	127	88
61	94	21
61	185	95
61	142	80
61	170	34
61	164	16
61	163	64
61	118	71
61	196	37
61	195	40
61	176	24
61	93	68
61	98	41
61	108	11
61	133	91
61	144	40
61	189	98
61	131	85
61	198	34
61	180	95
61	112	91
61	99	39
61	92	16
61	137	99
61	173	68
61	174	55
61	175	53
61	194	29
61	143	79
61	188	93
61	83	72
61	97	66
62	128	55
62	108	49
62	151	70
62	121	59
62	182	47
62	99	48
62	86	60
62	188	57
62	95	73
62	142	98
62	194	90
62	66	51
62	70	85
62	87	63
62	114	32
62	72	64
62	152	21
62	163	62
62	137	18
62	117	59
62	71	5
62	191	78
62	146	74
62	167	40
62	198	10
62	147	53
62	106	35
62	178	90
62	90	63
62	157	94
62	116	51
62	84	35
62	69	42
62	120	61
63	90	40
63	198	77
63	104	86
63	156	89
63	161	54
63	192	62
63	142	74
63	145	55
63	84	39
63	117	43
63	135	59
63	92	7
63	163	95
63	189	58
63	102	34
63	172	100
63	125	64
63	109	6
63	159	71
63	153	42
63	150	58
63	171	53
63	179	71
63	199	53
63	147	28
63	144	52
63	81	72
63	77	64
64	174	25
64	182	50
64	179	40
64	87	33
64	156	40
64	130	84
64	138	38
64	107	84
64	162	97
64	183	50
64	134	12
64	123	9
64	189	43
64	161	88
64	65	29
64	86	81
64	108	21
64	72	63
64	125	84
64	142	6
64	70	53
64	152	78
64	198	57
64	124	91
64	171	85
64	154	22
65	179	43
65	188	20
65	128	64
65	153	70
65	164	99
65	119	14
65	68	77
65	148	37
65	172	32
65	120	39
65	99	58
65	136	75
65	177	55
65	187	99
65	167	50
65	117	12
65	114	27
65	122	30
65	185	64
65	156	14
65	196	39
65	93	51
65	144	61
65	135	70
65	97	10
65	86	10
65	113	52
66	191	36
66	115	22
66	149	83
66	154	46
66	90	54
66	92	59
66	171	87
66	142	85
66	102	70
66	126	29
66	68	9
66	181	37
66	197	27
66	155	21
66	157	30
66	188	11
66	130	97
66	91	84
66	120	56
66	175	53
66	71	89
66	127	69
66	107	64
66	88	60
66	87	56
66	113	17
66	168	85
66	163	51
67	126	30
67	96	98
67	145	6
67	135	10
67	151	66
67	154	91
67	182	75
67	190	98
67	169	50
67	192	75
67	161	25
67	186	47
67	131	28
67	125	90
67	177	6
67	176	49
67	109	65
67	105	65
67	80	68
67	193	32
67	69	85
67	93	39
67	128	25
68	130	20
68	99	53
68	197	99
68	117	29
68	131	84
68	194	84
68	95	24
68	115	32
68	144	59
68	105	27
68	143	92
68	172	53
68	140	9
68	181	76
68	182	87
68	127	40
68	187	28
68	102	45
68	90	65
68	148	80
68	190	19
68	196	14
68	87	15
69	185	31
69	108	84
69	188	38
69	137	20
69	145	45
69	191	60
69	194	59
69	98	13
69	120	12
69	172	9
69	177	13
69	100	37
69	143	39
69	73	12
69	154	58
69	165	56
69	121	89
69	95	90
69	74	91
69	79	10
69	72	20
69	109	75
69	168	11
69	180	60
70	194	28
70	112	91
70	161	56
70	149	11
70	93	34
70	114	17
70	123	40
70	101	48
70	92	44
70	137	5
70	100	60
70	144	37
70	127	38
70	129	31
70	154	69
70	134	20
70	128	59
70	142	86
70	107	10
70	110	70
70	155	44
70	193	94
70	106	95
70	187	95
71	106	12
71	158	85
71	112	59
71	176	47
71	165	94
71	141	36
71	196	76
71	195	93
71	166	69
71	197	51
71	151	71
71	98	10
71	167	69
71	95	23
71	182	55
71	180	60
72	107	26
72	136	49
72	174	81
72	157	82
72	154	45
72	128	29
72	183	25
72	163	63
72	118	64
72	144	51
72	80	40
72	147	30
72	171	90
72	186	70
72	181	94
72	95	67
72	132	80
72	194	17
72	196	34
72	113	57
72	126	36
72	124	13
72	75	36
72	109	86
72	127	57
72	166	13
72	94	91
72	195	43
73	153	8
73	160	12
73	111	100
73	75	59
73	95	89
73	139	66
73	164	20
73	105	72
73	137	82
73	167	22
73	180	75
73	185	46
73	142	59
73	107	43
73	189	20
73	138	98
73	140	56
73	166	21
73	121	74
73	104	96
73	77	22
73	82	19
73	155	30
73	152	49
73	128	88
73	129	11
73	112	29
73	86	89
73	108	71
73	174	30
73	106	18
74	191	10
74	108	34
74	116	30
74	127	41
74	100	12
74	198	54
74	103	29
74	136	93
74	145	76
74	150	51
74	125	40
74	142	51
74	158	72
74	124	18
74	192	49
74	180	95
74	112	98
74	141	92
74	117	28
74	85	47
74	95	60
74	83	26
74	146	31
74	165	38
74	111	16
74	79	7
74	154	10
74	163	89
74	153	73
74	132	68
74	75	96
75	182	14
75	129	59
75	175	43
75	179	66
75	171	96
75	152	38
75	111	44
75	122	7
75	165	5
75	105	40
75	146	9
75	100	54
75	143	34
75	86	86
75	130	38
75	157	90
75	123	29
75	140	77
75	159	53
75	116	46
75	148	71
75	167	10
75	199	13
75	149	40
76	104	76
76	105	81
76	150	37
76	142	87
76	122	89
76	171	56
76	191	85
76	161	24
76	102	34
76	188	62
76	107	13
76	158	40
76	137	22
76	144	29
76	180	90
76	184	12
76	84	85
76	134	41
76	168	46
76	194	31
76	100	19
76	190	90
76	86	99
76	141	44
76	127	39
76	112	84
76	119	81
76	182	62
76	80	16
76	177	18
76	110	58
76	165	52
76	125	47
76	172	48
77	152	34
77	169	21
77	138	70
77	172	87
77	162	62
77	113	17
77	135	38
77	102	78
77	109	58
77	191	46
77	112	14
77	80	70
77	140	55
77	171	37
77	195	82
77	196	44
77	117	44
77	121	47
77	193	12
77	199	11
77	174	10
77	167	96
77	177	80
77	90	85
77	128	99
78	173	57
78	125	7
78	165	86
78	131	51
78	111	83
78	130	23
78	112	20
78	145	81
78	180	75
78	170	34
78	127	92
78	192	35
78	162	9
78	164	86
78	174	73
78	84	97
78	128	97
78	139	78
78	163	27
78	196	23
78	90	56
78	142	75
78	122	28
78	177	23
78	183	19
78	140	62
78	169	37
78	138	33
79	108	11
79	178	45
79	132	77
79	139	60
79	119	23
79	151	69
79	125	9
79	130	52
79	191	98
79	198	21
79	121	51
79	105	9
79	161	36
79	140	74
79	197	76
79	141	16
79	90	6
79	104	69
79	180	48
79	152	83
79	175	47
79	107	98
79	138	51
79	150	63
80	152	11
80	149	95
80	181	14
80	120	74
80	102	62
80	112	50
80	168	74
80	138	39
80	142	68
80	122	23
80	195	43
80	84	85
80	163	71
80	154	43
80	81	15
80	86	81
80	114	19
80	105	56
80	132	38
80	144	25
80	186	10
80	124	74
80	127	24
80	135	12
80	95	91
80	90	9
80	192	31
80	118	68
81	156	43
81	152	65
81	176	52
81	169	9
81	199	15
81	155	23
81	108	63
81	136	69
81	129	72
81	177	12
81	148	11
81	115	7
81	196	39
81	124	26
81	132	13
81	119	98
81	116	77
81	182	18
81	122	38
81	179	48
81	126	86
81	109	41
81	181	13
81	92	59
81	162	58
82	181	17
82	134	44
82	132	67
82	158	17
82	138	81
82	131	35
82	197	55
82	178	59
82	190	33
82	182	50
82	187	49
82	136	16
82	173	48
82	153	55
82	144	88
82	159	47
82	145	74
82	104	88
82	160	29
83	158	70
83	109	69
83	162	42
83	173	97
83	112	26
83	161	15
83	138	75
83	176	63
83	180	59
83	146	44
83	115	94
83	134	53
83	160	57
83	127	63
83	148	43
83	126	18
83	113	73
83	92	32
83	141	95
83	130	9
83	184	85
83	165	19
83	91	75
83	156	11
83	172	65
83	171	7
83	97	46
83	104	44
83	151	68
83	186	40
83	118	40
83	114	54
83	108	42
83	103	62
84	199	53
84	105	29
84	187	97
84	177	66
84	167	47
84	113	97
84	180	89
84	188	27
84	163	78
84	169	11
84	93	45
84	182	31
84	125	85
84	115	83
84	90	17
84	173	16
84	192	50
84	100	51
84	153	21
84	141	7
84	123	40
84	183	32
84	195	88
84	144	81
85	187	81
85	86	81
85	167	61
85	137	52
85	119	37
85	121	32
85	126	26
85	142	69
85	184	12
85	158	48
85	198	89
85	113	51
85	88	58
85	189	65
85	92	8
85	139	23
85	94	62
85	131	53
85	106	62
85	178	55
86	189	12
86	152	61
86	121	73
86	111	95
86	185	78
86	157	12
86	190	42
86	197	9
86	128	65
86	147	56
86	172	43
86	153	77
86	184	37
86	194	21
86	181	14
86	164	73
86	112	77
86	94	10
86	177	46
86	102	92
86	166	84
86	123	97
86	170	51
86	100	94
86	95	24
86	171	24
87	152	48
87	177	41
87	191	85
87	151	100
87	183	47
87	166	97
87	92	56
87	161	48
87	145	52
87	90	16
87	179	88
87	138	11
87	116	33
87	125	34
87	163	76
87	100	39
87	117	8
87	130	87
87	173	75
87	126	82
87	172	19
87	187	54
88	192	54
88	168	83
88	197	12
88	112	24
88	110	42
88	174	21
88	90	47
88	165	69
88	171	89
88	137	86
88	151	18
88	139	21
88	130	83
88	170	91
88	196	21
88	92	99
88	120	99
88	138	91
88	183	27
88	148	39
88	191	96
88	159	50
88	122	69
88	124	56
88	143	16
88	132	63
88	180	82
88	98	16
88	117	56
89	197	73
89	180	56
89	172	30
89	187	33
89	148	43
89	184	42
89	123	32
89	97	16
89	96	37
89	113	11
89	179	36
89	183	29
89	195	83
89	162	88
89	110	61
89	133	80
89	128	75
89	194	54
89	136	37
89	138	45
89	131	78
89	170	81
89	95	65
90	178	31
90	126	62
90	147	29
90	173	47
90	197	72
90	91	41
90	161	73
90	144	20
90	187	46
90	127	57
90	95	7
90	148	20
90	191	30
90	115	29
90	165	100
90	196	69
90	152	33
90	149	8
90	145	39
90	139	59
90	123	83
90	135	98
91	137	88
91	162	9
91	135	96
91	171	19
91	140	40
91	121	53
91	139	25
91	114	72
91	132	83
91	174	43
91	197	42
91	150	85
91	126	13
91	182	61
91	112	44
91	192	59
91	101	46
91	103	79
91	102	24
92	113	65
92	193	10
92	174	44
92	135	94
92	175	39
92	150	61
92	195	90
92	192	33
92	159	15
92	173	51
92	181	62
92	197	91
92	169	11
92	180	31
92	128	7
92	137	71
92	157	67
92	97	45
92	144	59
92	199	47
92	99	34
92	153	46
92	95	99
92	149	6
93	197	26
93	132	12
93	163	88
93	155	44
93	193	22
93	198	81
93	120	5
93	101	81
93	187	67
93	145	18
93	172	67
93	191	24
93	164	48
93	177	75
93	139	49
93	196	20
94	145	42
94	180	12
94	157	14
94	119	22
94	183	40
94	150	40
94	166	21
94	199	63
94	131	30
94	125	95
94	167	7
94	149	97
94	170	78
94	179	79
94	169	76
94	118	98
94	178	55
94	109	37
94	134	68
94	195	54
94	135	75
94	107	23
94	97	91
95	121	77
95	135	25
95	170	22
95	142	72
95	161	22
95	190	29
95	188	23
95	119	43
95	134	71
95	150	90
95	181	99
95	187	80
95	168	27
95	147	61
95	171	65
95	178	12
95	110	96
95	108	76
95	107	20
96	139	61
96	156	10
96	173	86
96	120	24
96	125	47
96	184	31
96	155	71
96	164	79
96	169	57
96	127	87
96	181	91
96	168	78
96	126	71
96	103	67
96	148	7
96	195	31
96	167	8
96	178	90
96	104	36
96	197	22
96	158	42
96	152	6
96	132	20
96	134	45
96	147	83
97	184	82
97	155	52
97	194	61
97	121	45
97	195	17
97	182	89
97	149	17
97	183	47
97	188	9
97	198	45
97	145	23
97	181	64
97	100	72
97	133	18
97	177	48
97	150	48
97	187	40
97	120	24
97	110	80
97	160	74
97	130	100
97	154	79
98	179	28
98	137	8
98	196	14
98	176	50
98	169	75
98	149	71
98	193	51
98	136	94
98	142	81
98	183	38
98	190	26
98	197	79
98	162	81
98	182	87
98	148	65
98	161	43
98	177	44
98	198	98
98	133	44
98	141	7
98	155	23
98	99	51
98	117	26
98	100	13
99	150	38
99	138	58
99	148	48
99	156	48
99	145	17
99	182	24
99	180	87
99	104	25
99	167	50
99	176	19
99	147	16
99	135	100
99	120	43
99	173	51
99	132	7
99	190	15
99	175	53
99	192	88
99	140	55
99	142	6
99	141	71
99	130	19
99	160	89
100	193	80
100	161	71
100	183	86
100	194	22
100	178	51
100	144	92
100	154	66
100	179	62
100	147	8
100	104	17
100	128	79
100	177	13
100	129	92
100	145	86
100	121	53
100	141	25
100	187	38
100	130	26
100	175	8
101	138	37
101	149	89
101	190	20
101	131	99
101	146	87
101	135	41
101	157	21
101	107	74
101	125	65
101	161	51
101	189	39
101	102	63
101	180	48
101	141	43
101	154	62
101	195	11
101	108	15
101	143	52
101	115	71
101	159	99
101	164	40
101	142	51
102	149	55
102	161	35
102	162	25
102	142	36
102	153	68
102	156	29
102	128	7
102	137	11
102	197	89
102	157	45
102	180	36
102	177	84
102	103	17
102	195	65
102	176	47
102	140	88
102	115	73
102	124	43
102	165	100
102	114	24
102	166	82
102	143	21
103	131	49
103	188	62
103	185	26
103	146	88
103	173	77
103	111	42
103	104	62
103	181	77
103	156	28
103	175	74
103	117	16
103	126	9
103	129	14
103	143	20
103	115	80
103	133	31
104	187	48
104	160	43
104	181	26
104	171	46
104	130	58
104	141	21
104	163	53
104	178	69
104	143	41
104	174	95
104	182	87
104	193	94
104	129	11
104	137	27
104	191	76
105	177	61
105	179	60
105	198	93
105	148	94
105	181	98
105	168	74
105	111	98
105	165	25
105	140	34
105	162	87
105	156	30
105	197	88
105	142	73
105	196	80
105	118	48
105	117	81
106	146	54
106	174	25
106	190	85
106	196	29
106	155	77
106	169	87
106	198	53
106	134	73
106	193	23
106	163	58
106	185	24
106	127	90
106	171	16
106	176	39
106	109	42
106	180	38
106	135	32
106	111	9
106	148	17
106	188	42
106	156	89
106	186	78
107	175	24
107	146	17
107	172	23
107	194	32
107	195	62
107	183	40
107	109	59
107	138	72
107	131	27
107	178	35
107	188	50
107	147	90
107	133	24
107	162	75
107	192	69
107	114	41
107	168	65
107	161	96
107	169	22
108	154	61
108	196	69
108	158	93
108	160	47
108	129	50
108	112	68
108	140	31
108	188	56
108	165	16
108	190	82
108	186	94
108	173	41
108	180	79
108	177	13
109	111	34
109	132	49
109	183	11
109	113	14
109	152	54
109	181	51
109	198	84
109	154	37
109	165	78
109	110	28
109	150	76
109	153	69
109	193	83
109	197	26
109	185	62
109	133	43
109	151	13
109	122	32
110	151	45
110	153	8
110	189	85
110	157	17
110	156	6
110	178	73
110	114	32
110	163	86
110	148	30
110	161	26
110	139	19
110	193	69
110	171	71
110	188	7
110	142	17
110	143	52
111	175	92
111	143	60
111	113	48
111	141	91
111	133	31
111	149	92
111	136	95
111	114	16
111	119	33
111	158	59
111	174	63
111	154	99
111	196	71
111	198	74
112	150	13
112	156	61
112	167	61
112	133	93
112	137	28
112	155	24
112	192	11
112	186	94
112	143	63
112	175	75
113	193	28
113	165	57
113	145	42
113	146	67
113	194	21
113	151	82
113	190	76
113	198	71
113	195	75
113	183	36
113	147	13
113	176	56
113	138	44
114	182	86
114	184	82
114	144	27
114	175	31
114	162	33
114	170	78
114	158	79
114	120	52
114	125	81
114	141	64
114	140	72
114	167	75
114	195	23
114	153	74
114	171	80
115	163	55
115	177	37
115	196	69
115	189	89
115	140	30
115	143	32
115	155	50
115	154	36
115	137	96
115	153	28
115	186	16
115	164	88
115	168	97
115	117	23
115	119	17
115	165	88
115	170	21
115	124	43
115	174	83
115	182	53
115	118	94
115	120	50
115	159	32
115	198	8
115	142	19
116	137	43
116	146	20
116	182	99
116	186	14
116	190	51
116	147	54
116	144	70
116	165	44
116	181	15
116	154	15
116	145	48
116	140	6
116	141	82
116	159	88
116	120	32
116	157	64
116	174	11
116	153	84
116	178	93
116	197	10
116	132	29
116	180	45
116	199	82
116	138	31
117	143	7
117	161	28
117	189	71
117	144	79
117	162	57
117	170	16
117	127	39
117	156	16
117	192	56
117	187	44
118	174	55
118	191	96
118	157	86
118	190	45
118	177	74
118	181	54
118	167	68
118	141	72
118	175	53
118	179	28
118	130	49
118	168	9
118	124	44
118	194	88
118	196	83
119	147	95
119	154	100
119	163	71
119	170	75
119	146	22
119	190	49
119	149	76
119	164	7
119	169	11
119	153	57
119	130	98
119	142	63
119	180	16
119	162	76
119	178	72
119	145	84
119	122	61
119	167	99
120	170	93
120	187	69
120	177	43
120	149	5
120	162	89
120	145	26
120	181	36
120	148	64
120	158	23
120	127	64
120	154	42
120	160	25
120	198	37
120	151	80
120	172	56
120	192	48
120	156	18
120	128	10
120	171	51
120	146	98
120	176	57
120	155	89
121	162	38
121	166	33
121	155	34
121	199	16
121	142	23
121	169	27
121	171	40
121	182	16
121	129	30
121	131	36
121	158	66
121	187	93
121	173	61
121	184	17
122	167	56
122	195	68
122	173	9
122	150	61
122	146	29
122	161	74
122	127	22
122	190	69
122	182	56
122	198	68
122	170	18
122	178	100
122	185	80
122	188	83
122	160	66
122	166	62
122	147	52
123	163	13
123	155	57
123	148	78
123	183	84
123	186	11
123	152	33
123	156	67
123	127	18
123	132	77
123	173	89
123	199	45
123	129	26
123	133	65
123	184	21
123	189	23
123	170	56
123	187	60
123	191	31
123	165	31
123	125	64
124	168	30
124	173	72
124	194	95
124	161	41
124	179	24
124	162	8
124	154	39
124	191	7
124	127	69
124	176	30
124	149	37
124	163	6
124	175	91
124	169	47
124	153	50
124	137	21
125	198	22
125	167	26
125	128	87
125	180	75
125	197	40
125	192	98
125	129	62
125	164	59
125	166	57
125	168	72
125	183	46
125	184	57
125	191	14
125	136	39
125	154	50
125	131	90
126	179	21
126	167	28
126	174	30
126	161	55
126	182	9
126	198	42
126	147	14
126	188	53
126	155	52
126	133	91
126	175	28
126	199	34
127	182	82
127	160	73
127	163	13
127	162	53
127	169	44
127	176	87
127	186	37
127	173	17
127	153	46
127	135	51
127	159	33
127	133	90
127	152	99
127	165	69
127	170	65
127	161	31
128	188	67
128	150	13
128	192	58
128	193	41
128	196	28
128	133	61
128	152	61
128	155	78
128	182	50
128	129	50
129	174	11
129	197	15
129	180	93
129	168	61
129	195	77
129	170	94
129	165	29
129	137	86
129	131	39
129	189	95
129	132	44
129	136	29
130	173	59
130	156	91
130	162	39
130	183	25
130	175	47
130	134	60
130	191	75
130	140	16
130	153	35
130	160	17
130	170	9
130	187	94
131	194	78
131	189	99
131	137	46
131	164	88
131	145	83
131	146	66
131	171	71
131	163	28
132	185	90
132	163	43
132	171	54
132	182	76
132	154	62
132	179	71
132	191	33
132	159	8
132	189	37
132	181	91
132	155	55
132	195	36
133	197	40
133	159	66
133	164	19
133	178	65
133	186	17
133	136	9
133	137	42
133	138	6
134	175	94
134	161	40
134	182	77
134	158	83
134	160	94
134	177	42
134	146	11
134	144	92
134	156	37
134	181	48
134	145	37
134	148	7
135	177	87
135	193	17
135	136	58
135	182	95
135	184	89
135	166	89
135	178	25
135	139	85
135	180	14
135	188	27
135	149	29
135	170	85
135	158	97
135	144	77
136	167	39
136	183	77
136	142	35
136	159	87
136	161	86
136	164	63
136	140	66
136	191	61
136	146	12
136	160	90
136	174	88
137	165	14
137	164	23
137	179	55
137	182	55
137	178	41
137	196	35
138	186	7
138	177	65
138	191	63
138	165	34
138	181	43
138	189	88
138	144	22
138	163	66
138	168	87
138	156	59
138	193	72
138	176	74
139	168	62
139	183	19
139	193	44
139	143	31
139	174	34
139	166	97
139	187	15
139	176	24
139	194	63
139	192	73
139	188	50
139	164	48
139	165	21
139	156	95
140	172	38
140	185	70
140	168	49
140	194	33
140	177	26
140	170	64
140	190	50
140	193	23
140	144	7
140	179	10
140	150	49
140	143	51
140	166	92
140	147	75
141	164	74
141	189	56
141	176	96
141	167	43
141	146	67
141	152	74
141	149	14
141	154	52
141	166	78
141	150	43
142	170	84
142	198	34
142	181	79
142	189	15
142	173	49
142	171	92
142	192	52
143	180	81
143	146	71
143	182	91
143	147	22
143	168	33
143	164	74
143	151	12
143	184	15
143	186	64
143	145	82
144	179	21
144	151	28
144	194	81
144	184	48
144	196	24
144	173	92
144	193	11
144	197	67
144	183	17
144	154	19
144	153	53
144	161	53
145	176	68
145	192	33
145	195	60
145	171	88
145	175	53
145	166	25
145	183	66
145	189	82
145	151	34
145	150	29
145	174	6
145	180	40
146	168	10
146	167	94
146	193	10
146	179	9
146	153	75
146	150	55
146	157	17
146	198	19
146	171	37
147	190	69
147	178	29
147	172	38
147	157	37
147	180	86
147	174	74
147	155	68
147	173	85
147	181	71
147	152	30
148	192	16
148	169	89
148	187	87
148	176	45
148	150	33
148	164	89
148	186	63
149	174	36
149	177	59
149	179	77
149	155	53
149	176	7
149	185	44
149	153	15
149	171	19
149	178	95
149	181	85
150	193	95
150	153	68
150	183	85
150	181	87
150	173	46
150	190	30
150	172	52
150	154	88
150	167	38
151	152	63
151	185	59
151	179	35
151	187	19
151	175	94
151	199	15
151	172	78
151	178	29
151	176	27
151	192	95
151	197	33
152	184	43
152	188	63
152	197	31
152	176	65
152	190	67
152	154	14
152	156	78
153	190	26
153	177	90
153	175	33
153	193	65
153	194	57
154	194	29
154	156	64
154	185	78
154	160	90
154	193	30
154	163	57
154	161	41
154	155	87
155	192	61
155	196	16
155	158	98
155	159	77
155	178	16
155	188	91
155	180	96
155	190	26
155	179	74
156	182	67
156	181	11
156	196	75
156	197	8
156	161	39
156	188	11
156	170	45
156	157	25
157	192	80
157	184	97
157	178	21
157	158	88
157	180	81
157	197	8
157	185	67
157	183	25
157	161	83
157	195	30
158	198	57
158	191	15
158	159	26
158	193	94
158	194	67
158	167	90
158	197	32
159	196	70
159	162	47
159	182	82
159	180	68
159	193	51
159	173	26
159	184	73
159	176	98
160	192	68
160	183	93
160	185	28
160	190	66
160	187	77
160	195	34
160	197	99
160	199	19
161	163	34
161	184	57
161	196	10
161	185	25
162	193	6
162	199	43
162	185	79
162	192	66
162	183	57
162	163	72
163	186	52
163	198	33
163	168	32
163	190	86
163	195	35
163	194	88
163	173	16
164	189	53
164	187	5
164	169	10
164	175	63
164	193	11
164	165	56
165	190	93
165	167	62
165	193	79
165	188	40
165	197	76
165	179	5
165	181	83
165	180	52
166	198	94
166	187	12
166	168	66
166	172	64
166	170	91
166	169	6
166	189	79
167	197	53
167	177	9
167	178	52
167	169	66
168	197	95
168	199	42
168	174	7
168	185	52
168	170	43
169	170	34
169	198	21
169	171	20
169	175	88
169	174	97
169	192	6
169	172	36
169	182	5
169	193	7
170	192	78
170	172	84
170	177	38
170	198	14
170	179	93
171	194	25
171	197	86
172	183	55
172	193	17
173	194	86
173	186	23
173	190	9
173	178	59
173	179	43
174	196	55
174	178	20
174	176	31
174	198	20
175	199	27
175	176	13
175	188	79
176	198	16
176	181	33
176	183	95
177	199	15
178	186	45
180	186	65
181	194	73
181	188	63
181	186	70
182	199	41
183	195	63
183	197	60
183	189	70
184	187	56
184	191	75
184	185	88
185	190	62
186	191	6
187	194	23
187	188	75
187	190	38
188	199	84
188	192	70
188	193	31
189	191	80
190	195	93
190	197	45
191	193	84
192	198	67
193	199	29
193	196	16
193	194	10
195	199	18
195	196	72
196	199	63
196	197	30
198	199	38
