NAME: W_SPARSE_140_60
n: 140
m: 4200
0	80	33
0	34	24
0	56	84
0	65	82
0	95	94
0	103	56
0	84	49
0	61	7
0	47	100
0	98	80
0	87	51
0	134	20
0	138	56
0	40	24
0	48	43
0	57	76
0	62	12
0	83	33
0	88	59
0	108	11
0	76	84
0	2	32
0	94	23
0	102	81
0	82	11
0	53	22
0	74	26
0	7	15
0	131	18
0	36	16
0	132	30
0	125	95
0	71	22
0	85	32
0	44	46
0	55	52
0	124	13
0	129	48
0	16	67
0	63	90
0	37	68
0	77	25
0	126	45
0	15	7
0	72	6
0	33	36
0	54	43
0	51	74
0	136	63
0	101	38
0	13	71
0	60	15
0	66	78
0	106	65
0	42	76
0	21	14
0	35	37
0	22	95
0	93	92
0	24	39
0	64	71
0	117	60
0	69	57
0	92	62
0	3	36
0	118	16
0	122	58
1	82	32
1	45	54
1	70	20
1	75	14
1	66	94
1	40	61
1	43	21
1	58	5
1	68	60
1	52	74
1	98	68
1	95	78
1	106	55
1	78	87
1	107	54
1	97	52
1	96	95
1	100	27
1	46	70
1	89	96
1	131	58
1	79	96
1	104	93
1	85	79
1	88	29
1	9	45
1	80	28
1	93	64
1	101	45
1	53	6
1	64	91
1	73	16
1	99	13
1	86	96
1	15	43
1	13	30
1	42	52
1	139	92
1	134	73
1	105	37
1	129	90
1	55	59
1	76	99
1	49	50
1	63	42
1	11	11
1	3	35
1	136	52
1	90	58
1	123	53
1	37	75
1	133	53
1	35	52
1	12	72
2	104	37
2	40	9
2	71	51
2	75	74
2	83	51
2	106	55
2	82	30
2	101	16
2	7	61
2	34	33
2	105	83
2	69	31
2	84	93
2	47	33
2	36	80
2	42	31
2	5	15
2	68	20
2	107	15
2	70	43
2	135	82
2	33	50
2	38	19
2	62	58
2	58	52
2	12	81
2	52	59
2	76	67
2	51	30
2	53	94
2	87	8
2	136	83
2	17	75
2	137	49
2	109	46
2	3	10
2	65	30
2	8	82
2	134	9
2	15	84
2	19	64
2	94	95
2	77	43
2	21	85
2	48	8
2	116	45
2	28	15
2	23	34
2	125	28
2	39	89
3	69	37
3	80	38
3	43	82
3	91	37
3	68	51
3	96	45
3	7	72
3	67	43
3	38	15
3	106	71
3	101	15
3	105	25
3	47	93
3	98	84
3	9	41
3	110	13
3	11	53
3	56	67
3	65	37
3	133	93
3	89	78
3	14	54
3	37	48
3	16	10
3	104	67
3	60	21
3	132	46
3	49	61
3	129	98
3	40	16
3	127	38
3	135	5
3	17	20
3	99	54
3	19	43
3	20	67
3	10	30
3	123	58
3	61	18
3	139	35
3	42	84
3	4	36
3	52	90
3	109	97
3	131	63
3	79	99
3	36	81
3	93	10
3	94	10
3	73	53
3	92	10
3	122	23
3	53	10
3	54	17
3	46	50
3	111	95
3	118	12
3	63	54
4	67	24
4	5	96
4	63	89
4	58	58
4	46	69
4	92	56
4	102	78
4	38	49
4	68	61
4	88	25
4	74	72
4	80	56
4	87	13
4	98	52
4	78	81
4	55	34
4	42	14
4	50	78
4	47	62
4	8	76
4	81	95
4	136	72
4	101	32
4	106	87
4	35	73
4	40	42
4	100	48
4	10	20
4	12	37
4	138	58
4	96	57
4	75	34
4	97	82
4	24	87
4	103	22
4	41	23
4	131	61
4	43	76
4	70	69
4	7	64
4	45	80
4	90	82
4	18	82
4	64	87
4	139	99
4	134	75
4	65	46
4	11	51
4	31	14
4	133	80
4	49	57
4	61	43
4	76	58
5	67	69
5	40	12
5	63	74
5	94	54
5	101	17
5	108	21
5	81	76
5	85	74
5	44	37
5	49	11
5	36	78
5	10	40
5	109	66
5	99	61
5	70	39
5	54	13
5	13	59
5	112	71
5	137	89
5	73	8
5	38	90
5	14	10
5	90	18
5	37	95
5	72	89
5	74	77
5	102	53
5	56	87
5	51	65
5	61	17
5	92	76
5	20	47
5	12	40
5	11	82
5	75	54
5	15	97
5	53	85
5	68	7
5	135	35
5	86	58
5	111	72
5	106	14
5	125	84
5	18	50
5	122	72
5	136	12
5	8	80
5	28	33
5	22	75
5	123	56
5	120	43
5	138	6
6	113	23
6	59	61
6	75	92
6	78	70
6	93	49
6	42	26
6	109	45
6	74	28
6	103	29
6	107	62
6	71	82
6	57	93
6	138	21
6	61	38
6	97	87
6	13	94
6	105	49
6	12	47
6	115	34
6	9	8
6	41	60
6	48	54
6	81	99
6	47	77
6	92	14
6	99	67
6	94	7
6	70	34
6	100	11
6	108	10
6	111	52
6	46	35
6	88	24
6	43	23
6	19	56
6	135	45
6	86	54
6	73	58
6	39	86
6	25	55
6	66	97
6	69	19
6	83	69
6	89	96
6	17	64
6	76	98
6	114	16
6	27	72
6	29	46
6	31	73
6	110	82
6	72	59
6	15	67
6	67	62
7	111	73
7	40	85
7	90	80
7	50	20
7	98	52
7	72	71
7	74	85
7	102	40
7	115	86
7	84	59
7	63	57
7	92	56
7	14	58
7	41	81
7	114	68
7	12	43
7	70	59
7	42	96
7	44	12
7	93	25
7	138	81
7	68	21
7	76	53
7	17	43
7	57	28
7	116	34
7	71	90
7	91	71
7	61	61
7	78	85
7	67	62
7	19	62
7	56	82
7	79	18
7	81	33
7	109	13
7	51	75
7	133	89
7	48	11
7	16	17
7	110	26
7	38	76
7	45	57
7	55	37
7	130	90
7	85	68
7	129	69
7	137	59
7	32	67
7	112	61
7	126	15
7	21	52
7	53	27
7	101	94
7	103	86
7	28	78
7	73	9
8	45	36
8	42	40
8	88	43
8	87	82
8	80	77
8	40	75
8	93	76
8	113	61
8	85	88
8	117	62
8	11	14
8	89	38
8	100	82
8	51	45
8	70	42
8	10	84
8	75	25
8	102	87
8	78	81
8	135	13
8	46	34
8	137	61
8	65	30
8	79	79
8	104	24
8	105	36
8	107	71
8	114	95
8	16	69
8	55	19
8	71	46
8	83	45
8	116	47
8	56	98
8	66	25
8	77	54
8	82	40
8	25	16
8	9	66
8	61	81
8	103	85
8	29	69
8	94	45
8	110	99
8	32	7
8	91	67
8	86	62
8	67	22
8	72	25
8	33	14
8	44	62
8	47	25
8	112	18
8	52	96
8	26	79
8	115	31
9	70	64
9	82	18
9	94	29
9	54	20
9	115	28
9	88	92
9	86	95
9	48	39
9	117	95
9	11	24
9	102	19
9	113	42
9	14	44
9	13	50
9	61	60
9	83	52
9	76	67
9	73	27
9	65	18
9	84	78
9	21	14
9	110	78
9	60	24
9	78	7
9	91	35
9	105	15
9	79	29
9	22	37
9	42	82
9	116	54
9	51	13
9	16	65
9	98	9
9	52	8
9	95	21
9	133	35
9	130	10
9	109	21
9	104	6
9	103	78
9	59	61
9	44	77
9	30	84
9	100	35
9	131	16
9	107	96
9	41	84
9	58	11
9	112	87
9	20	44
9	40	94
9	69	95
10	100	74
10	106	38
10	85	81
10	108	90
10	13	24
10	94	41
10	60	32
10	41	68
10	87	18
10	48	82
10	14	7
10	42	7
10	56	27
10	99	41
10	46	83
10	77	61
10	81	11
10	59	26
10	66	85
10	54	15
10	80	79
10	72	46
10	89	69
10	118	8
10	43	38
10	95	93
10	50	67
10	68	82
10	84	5
10	15	53
10	98	66
10	104	11
10	115	54
10	111	25
10	75	70
10	18	92
10	64	75
10	76	100
10	44	6
10	102	95
10	86	50
10	33	16
10	63	98
10	57	89
10	128	56
10	138	51
10	119	62
10	131	82
10	135	46
10	26	65
10	109	15
10	20	55
10	65	42
10	92	37
11	89	51
11	69	80
11	74	76
11	64	53
11	45	43
11	104	76
11	47	89
11	73	29
11	82	28
11	50	43
11	78	33
11	97	14
11	13	72
11	61	57
11	56	30
11	70	70
11	80	56
11	106	75
11	117	88
11	48	14
11	46	45
11	93	81
11	91	21
11	85	58
11	88	19
11	105	84
11	20	28
11	87	44
11	139	24
11	54	21
11	43	77
11	75	29
11	60	41
11	58	50
11	111	97
11	28	92
11	116	62
11	12	6
11	18	53
11	134	45
11	15	65
11	119	39
11	120	14
11	115	98
11	29	65
11	33	34
11	17	54
11	102	45
11	31	9
11	98	11
11	86	54
11	24	69
11	55	45
11	107	27
11	25	50
11	67	94
11	90	17
11	66	15
11	32	44
11	59	10
11	94	57
12	66	95
12	89	43
12	47	21
12	97	88
12	44	67
12	55	16
12	74	13
12	77	22
12	54	58
12	100	68
12	112	89
12	107	68
12	116	41
12	85	82
12	50	76
12	56	27
12	59	10
12	45	5
12	106	84
12	14	77
12	53	25
12	64	13
12	98	80
12	19	84
12	22	32
12	63	78
12	103	71
12	111	29
12	84	6
12	15	53
12	83	18
12	82	50
12	119	40
12	58	85
12	96	22
12	52	58
12	57	28
12	93	6
12	65	76
12	76	64
12	120	97
12	99	93
12	48	13
12	34	7
12	105	25
12	138	59
12	23	84
12	37	45
12	33	76
12	60	54
12	104	73
12	61	46
12	118	74
12	13	35
12	27	35
13	44	28
13	51	51
13	81	13
13	88	40
13	102	34
13	79	46
13	58	42
13	89	33
13	122	20
13	96	87
13	110	40
13	17	51
13	84	98
13	91	43
13	72	41
13	90	17
13	19	87
13	64	24
13	20	12
13	55	100
13	59	62
13	62	81
13	66	15
13	115	80
13	92	57
13	104	29
13	80	90
13	101	61
13	63	56
13	49	71
13	114	35
13	77	94
13	139	78
13	22	91
13	30	76
13	54	88
13	105	52
13	116	20
13	31	48
13	94	48
13	108	72
13	16	88
13	46	100
13	47	30
13	74	93
13	85	26
13	117	20
13	98	56
13	14	81
13	118	82
13	121	71
13	70	74
13	97	47
13	23	51
13	129	10
13	93	60
14	93	30
14	111	77
14	112	71
14	121	45
14	81	64
14	60	86
14	77	80
14	108	54
14	57	21
14	95	70
14	19	72
14	16	61
14	87	11
14	78	54
14	101	86
14	53	63
14	104	46
14	116	56
14	114	95
14	82	13
14	105	64
14	103	71
14	47	42
14	52	48
14	119	70
14	54	54
14	62	26
14	110	7
14	122	19
14	74	54
14	86	35
14	64	25
14	117	70
14	75	43
14	97	45
14	70	86
14	45	35
14	51	97
14	136	64
14	89	95
14	137	31
14	17	74
14	22	7
14	28	50
14	128	42
14	120	75
14	130	5
14	134	79
14	36	86
14	65	86
14	18	13
14	61	30
14	100	53
15	92	77
15	93	63
15	100	25
15	123	36
15	64	26
15	55	99
15	60	16
15	72	95
15	74	52
15	79	17
15	67	84
15	90	69
15	89	47
15	105	35
15	91	50
15	51	96
15	63	77
15	112	55
15	75	19
15	99	27
15	85	75
15	83	60
15	46	63
15	80	29
15	124	62
15	87	79
15	70	81
15	16	12
15	77	43
15	56	34
15	49	24
15	122	20
15	98	38
15	24	52
15	120	7
15	97	46
15	108	79
15	104	77
15	62	73
15	111	69
15	115	23
15	33	58
15	31	15
15	37	29
15	50	90
15	103	37
15	135	24
15	116	24
15	109	50
15	118	55
15	136	22
15	26	99
15	39	52
15	58	57
15	41	46
15	127	68
16	82	82
16	98	12
16	107	40
16	17	82
16	90	26
16	109	69
16	87	46
16	112	46
16	120	30
16	18	12
16	67	94
16	89	87
16	77	79
16	51	47
16	66	78
16	86	92
16	94	28
16	110	43
16	72	94
16	70	33
16	85	27
16	113	11
16	47	82
16	105	43
16	30	36
16	31	39
16	91	75
16	25	45
16	27	49
16	80	66
16	119	65
16	58	21
16	28	12
16	117	74
16	122	91
16	84	52
16	83	62
16	29	19
16	68	57
16	50	75
16	75	62
16	69	78
16	48	63
16	124	53
16	59	90
16	20	94
16	79	57
17	108	73
17	56	45
17	95	85
17	87	95
17	58	48
17	104	58
17	82	18
17	118	99
17	101	13
17	122	59
17	117	16
17	18	36
17	54	53
17	120	45
17	125	82
17	79	31
17	22	71
17	62	61
17	123	57
17	126	20
17	89	63
17	60	21
17	115	54
17	83	47
17	78	18
17	93	81
17	114	81
17	113	62
17	28	79
17	97	61
17	23	41
17	66	46
17	64	73
17	86	57
17	81	12
17	112	58
17	109	65
17	25	80
17	88	59
17	51	8
17	67	73
17	106	98
17	68	77
17	59	58
17	19	62
17	99	20
17	34	94
17	92	12
17	137	78
17	110	98
17	80	84
17	33	57
17	102	95
17	107	16
17	35	23
17	37	27
17	27	55
17	48	99
17	63	40
17	121	92
18	105	8
18	127	13
18	55	31
18	56	28
18	64	87
18	63	5
18	81	32
18	62	76
18	24	19
18	74	74
18	26	45
18	23	91
18	91	8
18	87	79
18	96	10
18	117	80
18	49	72
18	60	82
18	70	31
18	100	32
18	72	81
18	102	78
18	21	34
18	119	53
18	112	7
18	97	86
18	84	19
18	69	60
18	103	22
18	85	42
18	83	33
18	114	92
18	66	76
18	95	91
18	125	24
18	108	84
18	77	62
18	124	41
18	126	26
18	36	60
18	118	70
18	42	48
18	54	45
18	73	37
18	20	19
18	109	60
18	137	90
18	115	75
18	139	24
18	67	42
18	43	92
18	107	24
19	111	96
19	89	42
19	102	37
19	116	82
19	128	64
19	99	61
19	122	17
19	76	14
19	54	28
19	59	41
19	107	61
19	94	56
19	106	14
19	69	9
19	50	33
19	58	81
19	71	93
19	117	88
19	74	95
19	68	28
19	86	47
19	81	66
19	100	43
19	114	76
19	97	21
19	125	93
19	60	32
19	113	68
19	20	27
19	96	90
19	61	85
19	80	92
19	112	97
19	83	84
19	138	68
19	93	76
19	41	65
19	64	16
19	92	41
19	23	64
19	53	40
19	103	70
19	52	13
19	135	30
19	134	77
19	66	16
19	87	43
19	110	47
19	39	49
19	73	45
19	82	41
20	115	62
20	64	96
20	68	11
20	99	95
20	86	70
20	103	50
20	98	66
20	111	72
20	126	42
20	127	51
20	71	95
20	106	39
20	56	27
20	75	31
20	90	23
20	22	44
20	117	12
20	113	23
20	55	64
20	51	66
20	109	49
20	83	87
20	93	40
20	116	26
20	108	15
20	129	67
20	124	89
20	35	97
20	81	74
20	89	40
20	31	38
20	122	40
20	62	97
20	94	83
20	36	42
20	53	53
20	74	58
20	41	56
20	57	97
20	87	88
20	43	60
20	39	67
20	139	50
20	82	83
20	107	93
20	30	8
20	70	74
20	37	38
20	97	58
20	61	88
20	60	85
20	101	67
20	65	21
21	86	54
21	53	35
21	56	45
21	70	39
21	97	28
21	103	86
21	113	90
21	123	50
21	55	41
21	65	42
21	84	19
21	119	87
21	130	30
21	76	7
21	73	62
21	114	96
21	75	14
21	78	59
21	108	12
21	127	14
21	90	96
21	105	14
21	69	21
21	92	30
21	118	39
21	104	98
21	83	48
21	96	28
21	93	10
21	27	12
21	68	67
21	124	75
21	54	85
21	63	76
21	28	29
21	126	6
21	60	57
21	59	45
21	39	97
21	37	32
21	106	72
21	110	70
21	82	32
21	35	43
21	36	83
21	40	27
21	66	61
21	100	20
21	34	51
21	137	25
21	38	73
21	89	75
21	112	52
21	81	9
21	77	41
21	116	56
21	43	39
21	85	20
22	114	10
22	111	95
22	83	50
22	54	86
22	70	89
22	106	64
22	56	78
22	72	84
22	88	11
22	116	54
22	84	13
22	90	42
22	78	69
22	86	10
22	67	68
22	31	99
22	57	70
22	92	29
22	115	72
22	24	88
22	109	86
22	103	10
22	30	22
22	26	6
22	74	90
22	100	25
22	64	43
22	35	95
22	124	19
22	61	55
22	73	29
22	93	96
22	108	96
22	122	30
22	68	74
22	130	41
22	95	9
22	102	95
22	58	54
22	107	70
22	110	90
22	38	39
22	66	59
22	128	15
22	60	59
22	85	59
22	120	46
22	37	87
22	36	95
22	28	49
22	121	86
22	135	50
22	46	57
23	75	27
23	104	32
23	103	9
23	67	68
23	109	80
23	121	18
23	119	53
23	118	7
23	115	43
23	117	38
23	129	31
23	74	10
23	86	83
23	55	71
23	66	57
23	107	90
23	127	33
23	33	58
23	123	19
23	130	87
23	91	27
23	57	38
23	60	40
23	71	72
23	24	94
23	99	69
23	64	63
23	90	54
23	108	56
23	32	58
23	30	7
23	27	71
23	100	91
23	34	81
23	88	29
23	42	21
23	77	17
23	81	24
23	63	54
23	101	62
23	78	47
23	95	84
23	87	16
23	94	54
23	98	71
23	40	95
23	38	55
23	68	65
23	82	98
23	92	60
23	120	20
23	51	36
23	79	54
23	47	72
24	118	16
24	59	50
24	71	94
24	72	44
24	112	55
24	93	26
24	110	77
24	56	59
24	99	17
24	111	34
24	90	58
24	62	83
24	79	57
24	115	72
24	130	84
24	103	8
24	106	22
24	121	44
24	29	62
24	89	28
24	114	35
24	104	21
24	117	14
24	55	15
24	86	82
24	58	16
24	77	41
24	28	19
24	107	57
24	66	10
24	131	19
24	128	86
24	73	33
24	97	89
24	120	47
24	68	73
24	109	12
24	44	63
24	101	25
24	75	100
24	60	55
24	96	72
24	39	93
24	61	36
24	108	71
24	85	64
24	37	86
24	57	21
24	132	52
24	41	99
24	122	90
24	36	63
25	97	92
25	133	88
25	134	13
25	120	50
25	101	96
25	66	36
25	86	88
25	31	91
25	104	65
25	65	22
25	84	53
25	87	24
25	67	23
25	130	69
25	72	81
25	57	74
25	113	36
25	123	78
25	117	69
25	69	84
25	76	89
25	115	9
25	102	30
25	75	36
25	107	67
25	93	89
25	62	42
25	106	80
25	38	39
25	27	49
25	127	8
25	40	28
25	83	26
25	60	96
25	98	81
25	109	53
25	77	78
25	44	50
25	58	17
25	48	29
25	73	93
25	68	45
25	82	58
25	29	14
25	35	88
25	42	52
25	32	97
25	114	47
25	99	38
25	70	94
25	46	8
25	49	97
25	90	33
25	96	71
25	74	97
26	85	19
26	60	18
26	128	30
26	112	72
26	75	13
26	103	30
26	104	35
26	107	33
26	77	25
26	118	41
26	121	20
26	96	5
26	110	73
26	78	38
26	69	31
26	95	14
26	102	73
26	135	73
26	29	79
26	81	44
26	134	35
26	88	94
26	58	24
26	66	16
26	133	76
26	94	51
26	97	82
26	98	17
26	100	70
26	70	40
26	73	57
26	122	64
26	36	51
26	116	40
26	62	90
26	28	50
26	35	76
26	80	17
26	120	8
26	109	25
26	105	89
26	30	51
26	106	51
26	64	40
26	125	81
26	90	18
26	99	46
26	42	77
26	67	53
26	46	99
26	27	27
26	65	19
26	33	55
26	45	29
27	129	76
27	87	10
27	83	74
27	131	91
27	123	30
27	63	34
27	86	85
27	114	82
27	136	10
27	72	13
27	88	13
27	92	34
27	79	7
27	112	10
27	125	6
27	107	64
27	111	83
27	75	37
27	31	87
27	69	75
27	96	39
27	133	52
27	81	50
27	65	42
27	36	35
27	97	32
27	102	35
27	38	28
27	89	95
27	126	78
27	58	100
27	98	85
27	45	73
27	118	11
27	37	78
27	61	67
27	80	90
27	93	29
27	128	52
27	41	80
27	49	23
27	100	47
27	135	30
27	73	88
27	59	45
27	62	35
27	33	83
27	106	25
27	90	76
27	134	75
28	88	66
28	102	20
28	81	78
28	136	47
28	60	10
28	80	100
28	129	6
28	70	32
28	69	84
28	95	10
28	32	67
28	71	21
28	118	70
28	65	12
28	103	10
28	122	75
28	74	83
28	37	23
28	134	26
28	123	53
28	125	41
28	87	84
28	41	55
28	76	98
28	128	86
28	68	69
28	45	50
28	112	40
28	66	67
28	79	20
28	135	66
28	111	43
28	34	55
28	47	26
28	116	78
28	82	17
28	86	72
28	113	12
28	124	50
28	46	84
28	83	72
28	105	61
28	126	86
28	131	95
28	39	73
28	137	61
28	114	95
29	109	35
29	91	100
29	60	91
29	87	69
29	101	19
29	69	51
29	85	54
29	131	58
29	96	38
29	111	96
29	117	37
29	137	73
29	104	93
29	72	69
29	138	66
29	81	23
29	34	28
29	84	92
29	83	28
29	39	12
29	73	21
29	95	88
29	132	77
29	77	39
29	125	84
29	134	57
29	41	23
29	40	49
29	80	75
29	86	92
29	130	34
29	44	45
29	47	31
29	92	63
29	122	54
29	119	11
29	128	35
29	135	83
29	63	55
29	114	73
29	106	19
29	127	21
29	51	24
29	46	37
29	54	77
29	62	97
29	67	17
29	136	60
29	79	70
29	33	25
29	50	7
29	89	60
29	97	65
29	35	12
30	78	19
30	117	15
30	63	89
30	82	34
30	119	64
30	75	63
30	105	40
30	102	77
30	71	40
30	70	36
30	103	62
30	83	31
30	118	83
30	38	52
30	121	57
30	77	56
30	66	90
30	133	32
30	134	50
30	128	48
30	87	81
30	122	40
30	65	41
30	96	90
30	99	16
30	130	42
30	84	65
30	104	23
30	123	11
30	31	18
30	79	41
30	136	30
30	127	96
30	36	98
30	37	32
30	85	67
30	69	91
30	33	24
30	137	98
30	51	46
30	108	13
30	135	20
30	76	43
31	102	90
31	101	22
31	131	48
31	105	43
31	110	46
31	109	91
31	128	55
31	75	65
31	116	10
31	133	56
31	122	61
31	90	66
31	120	48
31	139	94
31	74	80
31	93	49
31	68	81
31	39	15
31	85	14
31	99	60
31	121	19
31	137	38
31	70	92
31	118	11
31	100	66
31	79	27
31	124	44
31	46	7
31	66	83
31	71	52
31	37	72
31	45	79
31	36	72
31	43	61
31	138	99
31	107	16
31	50	12
31	63	68
31	129	8
31	130	76
31	119	75
31	56	45
31	96	15
31	82	31
31	134	39
31	51	69
32	113	22
32	88	50
32	110	33
32	103	20
32	70	57
32	94	5
32	100	76
32	65	36
32	37	84
32	38	44
32	85	99
32	76	73
32	109	50
32	84	57
32	129	39
32	121	73
32	122	86
32	125	43
32	130	58
32	128	29
32	96	48
32	134	34
32	63	77
32	86	34
32	45	70
32	118	97
32	91	73
32	90	41
32	71	59
32	107	89
32	112	64
32	119	38
32	135	21
32	82	79
32	64	79
32	74	13
32	124	50
32	131	18
32	75	19
32	47	52
32	78	98
32	40	59
32	49	43
32	132	53
32	57	68
32	58	29
32	52	91
32	111	91
32	101	14
32	73	24
33	138	73
33	76	6
33	122	62
33	129	64
33	75	54
33	90	12
33	106	38
33	88	44
33	108	86
33	82	43
33	105	37
33	64	90
33	121	86
33	38	20
33	78	14
33	126	11
33	34	8
33	73	27
33	98	90
33	99	95
33	104	36
33	68	19
33	66	55
33	95	9
33	79	23
33	83	54
33	37	88
33	93	97
33	111	75
33	101	80
33	40	53
33	74	47
33	131	45
33	110	93
33	71	58
33	69	61
33	124	69
33	39	67
33	46	20
33	92	53
33	139	52
33	107	57
33	48	80
33	96	19
33	84	24
33	55	11
33	80	64
33	35	44
33	127	90
33	85	88
33	125	18
33	112	71
34	74	39
34	36	30
34	104	47
34	93	34
34	119	82
34	67	93
34	90	24
34	134	57
34	101	77
34	97	36
34	139	25
34	92	34
34	98	42
34	110	25
34	99	50
34	88	50
34	128	6
34	131	58
34	91	17
34	46	66
34	66	85
34	125	62
34	75	81
34	89	29
34	80	90
34	72	87
34	37	16
34	136	24
34	132	31
34	120	96
34	79	21
34	95	43
34	133	55
34	107	56
34	126	49
34	68	11
34	49	8
34	100	87
34	94	71
34	48	33
34	78	9
34	130	28
34	121	25
34	54	64
34	83	15
34	41	87
34	123	72
34	109	92
34	138	66
34	84	45
34	85	98
34	112	66
34	45	88
34	124	25
35	80	98
35	77	62
35	100	28
35	123	93
35	130	72
35	132	78
35	122	57
35	91	68
35	133	38
35	115	77
35	69	87
35	121	72
35	139	82
35	68	30
35	97	33
35	95	8
35	104	46
35	75	70
35	127	17
35	106	68
35	99	11
35	71	29
35	90	33
35	94	74
35	111	59
35	43	17
35	93	68
35	45	77
35	109	10
35	118	91
35	87	19
35	105	51
35	86	77
35	125	83
35	76	89
35	50	39
35	102	83
35	136	20
35	81	72
35	88	80
35	67	54
35	131	47
35	79	12
35	53	21
35	60	87
35	63	87
35	84	65
35	44	80
35	89	35
35	116	12
36	79	52
36	67	40
36	71	9
36	109	81
36	119	20
36	73	44
36	80	83
36	83	71
36	128	53
36	97	59
36	70	53
36	110	81
36	93	84
36	42	38
36	99	75
36	68	26
36	104	20
36	131	85
36	86	70
36	84	42
36	111	73
36	39	12
36	92	32
36	69	58
36	108	25
36	136	58
36	126	32
36	82	69
36	101	22
36	85	15
36	134	71
36	94	48
36	127	95
36	48	37
36	135	42
36	52	53
36	40	56
36	76	44
36	43	36
36	106	13
36	58	15
36	107	87
36	74	31
36	100	28
36	55	77
36	130	30
36	137	13
36	120	60
37	73	54
37	118	82
37	83	42
37	134	35
37	91	71
37	112	60
37	117	69
37	133	49
37	39	12
37	92	43
37	79	56
37	81	94
37	122	42
37	103	92
37	93	93
37	99	34
37	137	48
37	119	8
37	69	50
37	135	90
37	44	81
37	45	11
37	98	85
37	107	41
37	75	89
37	97	80
37	90	61
37	74	20
37	127	11
37	95	87
37	42	15
37	70	31
37	43	91
37	53	84
37	125	76
37	126	14
37	58	64
37	130	54
37	123	9
37	111	96
37	80	12
37	124	26
37	139	45
37	56	95
37	96	90
37	68	18
37	138	94
38	88	68
38	133	76
38	85	16
38	118	35
38	77	63
38	72	17
38	86	74
38	91	16
38	108	46
38	139	46
38	39	85
38	101	48
38	102	17
38	71	72
38	100	68
38	40	25
38	47	76
38	80	54
38	103	26
38	50	24
38	99	34
38	44	61
38	48	89
38	124	7
38	134	36
38	87	97
38	90	81
38	126	21
38	128	11
38	97	17
38	104	65
38	127	81
38	92	67
38	106	85
38	69	11
38	107	31
38	82	86
38	51	57
38	78	85
38	136	39
38	54	60
38	75	35
38	95	88
38	123	78
38	49	6
38	122	44
38	121	14
38	137	99
38	84	64
38	57	15
38	64	78
38	109	5
38	125	41
38	138	93
39	114	90
39	136	33
39	106	39
39	108	74
39	74	15
39	116	43
39	104	68
39	78	51
39	129	75
39	89	71
39	94	35
39	97	42
39	132	96
39	133	16
39	118	38
39	121	35
39	130	20
39	87	22
39	125	98
39	85	53
39	43	44
39	77	38
39	115	55
39	138	62
39	84	84
39	98	98
39	76	25
39	83	22
39	82	60
39	100	67
39	55	12
39	56	9
39	103	77
39	86	73
39	134	95
39	107	86
39	110	35
39	123	85
39	42	47
39	112	90
39	81	79
39	111	40
39	93	81
39	64	14
39	63	62
39	105	93
40	129	89
40	133	86
40	99	21
40	103	25
40	82	68
40	127	23
40	114	74
40	73	98
40	41	74
40	95	94
40	126	48
40	105	22
40	76	55
40	119	53
40	136	79
40	80	98
40	78	86
40	122	79
40	107	87
40	132	34
40	131	77
40	134	92
40	94	68
40	135	72
40	88	82
40	59	71
40	106	55
40	112	41
40	60	68
40	47	70
40	58	33
40	120	68
40	43	55
40	97	96
40	56	78
40	124	21
40	104	74
40	79	61
40	42	42
41	89	70
41	75	69
41	84	95
41	139	78
41	90	43
41	124	13
41	134	84
41	44	78
41	93	11
41	120	61
41	125	50
41	77	11
41	105	86
41	130	31
41	136	24
41	46	17
41	122	61
41	43	77
41	106	52
41	78	5
41	121	46
41	135	50
41	97	43
41	49	84
41	74	69
41	117	83
41	80	11
41	73	42
41	82	94
41	109	6
41	53	96
41	116	64
41	60	54
41	100	84
41	79	24
41	52	39
41	45	73
41	99	99
41	113	73
41	119	70
41	64	62
41	85	96
42	105	8
42	76	27
42	90	61
42	96	71
42	125	48
42	88	87
42	73	43
42	127	10
42	77	99
42	48	33
42	45	13
42	122	67
42	91	55
42	131	60
42	75	16
42	99	33
42	80	92
42	108	79
42	89	42
42	106	14
42	97	13
42	120	92
42	54	72
42	86	48
42	98	88
42	82	54
42	83	87
42	94	67
42	138	60
42	49	55
42	55	7
42	62	61
42	129	55
42	66	16
42	95	10
42	135	42
42	113	27
42	87	25
42	139	76
42	71	60
43	130	87
43	86	40
43	134	65
43	45	84
43	104	95
43	76	85
43	116	44
43	83	68
43	114	18
43	132	24
43	89	17
43	82	25
43	78	38
43	49	39
43	138	88
43	77	100
43	91	76
43	87	77
43	99	33
43	125	82
43	103	45
43	128	85
43	110	69
43	80	68
43	54	96
43	55	94
43	46	47
43	133	15
43	137	37
43	93	88
43	59	12
43	109	28
43	129	11
43	74	30
43	88	85
43	131	56
43	124	39
43	111	10
43	90	27
43	66	66
43	100	31
43	136	12
43	44	92
43	120	51
43	123	87
43	107	62
43	122	87
44	135	50
44	95	51
44	133	51
44	122	79
44	76	42
44	108	63
44	105	56
44	136	60
44	137	16
44	46	74
44	87	25
44	83	33
44	53	30
44	104	80
44	102	39
44	93	92
44	88	15
44	117	39
44	139	16
44	124	70
44	127	8
44	77	27
44	86	27
44	101	100
44	97	91
44	134	90
44	51	60
44	96	100
44	98	14
44	121	99
44	48	5
44	49	57
44	84	91
44	92	51
44	89	27
44	138	90
44	130	20
44	54	36
44	110	7
44	79	56
44	106	59
44	58	6
44	128	15
45	135	85
45	92	15
45	138	91
45	112	19
45	46	31
45	76	77
45	115	74
45	78	89
45	86	66
45	122	38
45	52	37
45	120	96
45	94	21
45	49	59
45	116	65
45	117	41
45	130	24
45	111	9
45	137	68
45	100	44
45	104	12
45	50	17
45	126	9
45	90	10
45	59	63
45	63	35
45	99	67
45	124	59
45	136	75
45	64	90
45	128	46
45	93	79
45	101	33
45	105	36
45	62	50
45	110	51
45	48	98
45	71	76
46	127	9
46	78	30
46	136	13
46	134	88
46	98	16
46	116	31
46	92	79
46	126	41
46	49	13
46	94	67
46	118	41
46	108	27
46	54	7
46	123	24
46	125	74
46	99	71
46	124	84
46	97	27
46	104	70
46	90	26
46	88	96
46	132	24
46	111	69
46	110	97
46	79	16
46	61	76
46	87	16
46	133	56
46	121	83
46	135	73
46	138	77
46	80	21
46	122	27
46	83	83
46	51	46
46	86	92
46	139	35
46	105	5
46	114	27
46	129	43
47	78	79
47	120	37
47	126	49
47	81	98
47	97	44
47	84	12
47	103	20
47	91	25
47	122	40
47	99	51
47	90	69
47	133	60
47	124	74
47	132	33
47	114	72
47	53	58
47	107	43
47	104	14
47	108	49
47	127	54
47	61	99
47	137	8
47	51	70
47	95	53
47	48	61
47	58	18
47	79	35
47	83	19
47	87	44
47	82	9
47	89	12
47	123	49
47	125	81
47	128	95
47	57	56
47	138	87
47	50	85
47	59	36
47	65	79
47	130	46
47	80	39
47	110	34
47	94	29
47	67	36
47	134	38
47	139	54
48	127	8
48	97	94
48	114	79
48	106	27
48	115	80
48	89	49
48	80	56
48	104	45
48	112	71
48	50	57
48	119	70
48	84	90
48	111	66
48	124	77
48	98	27
48	122	92
48	93	34
48	53	72
48	113	83
48	85	75
48	82	19
48	58	27
48	59	16
48	125	46
48	54	53
48	79	32
48	129	30
48	60	97
48	81	90
48	65	36
48	117	60
48	86	28
48	90	38
48	92	68
48	139	95
48	133	29
48	67	56
48	134	29
48	73	82
48	132	90
48	71	23
48	131	5
48	64	51
48	101	35
48	136	24
49	116	100
49	92	36
49	108	66
49	115	79
49	96	35
49	127	35
49	125	14
49	124	28
49	102	72
49	107	19
49	134	32
49	138	16
49	51	90
49	99	11
49	57	64
49	101	23
49	53	54
49	85	23
49	104	78
49	91	5
49	59	16
49	81	49
49	66	68
49	100	66
49	90	24
49	132	41
49	135	26
49	50	26
49	73	54
49	67	80
49	83	11
49	62	84
49	89	80
49	63	22
50	139	49
50	100	66
50	51	84
50	121	12
50	118	79
50	52	65
50	103	96
50	126	69
50	115	85
50	97	69
50	95	91
50	131	62
50	107	81
50	92	51
50	89	5
50	125	41
50	124	9
50	116	48
50	111	94
50	112	73
50	108	58
50	58	66
50	91	17
50	137	8
50	86	19
50	110	31
50	136	9
50	68	60
50	82	22
50	57	94
50	67	74
50	64	74
50	102	99
50	59	9
50	128	16
50	53	55
50	78	9
50	120	34
50	93	43
50	130	17
51	119	11
51	127	62
51	107	69
51	114	40
51	89	46
51	129	71
51	134	24
51	53	85
51	105	64
51	98	57
51	99	71
51	109	51
51	136	59
51	96	8
51	82	12
51	123	51
51	56	56
51	124	94
51	132	94
51	61	84
51	63	44
51	108	56
51	113	39
51	116	23
51	52	81
51	128	92
51	87	37
51	106	65
51	117	86
51	67	50
51	85	75
51	125	90
51	126	52
51	54	33
51	55	37
51	59	64
51	135	84
51	74	20
51	130	57
51	133	22
52	109	13
52	138	10
52	53	80
52	54	13
52	99	69
52	98	36
52	86	32
52	92	31
52	90	13
52	116	39
52	131	97
52	127	30
52	139	99
52	137	73
52	114	40
52	125	46
52	63	97
52	136	22
52	120	86
52	104	64
52	126	56
52	108	26
52	89	74
52	117	22
52	100	93
52	105	64
52	74	70
52	69	44
52	59	29
52	133	6
52	64	62
52	70	14
52	84	35
52	77	60
52	132	39
52	123	29
52	106	15
52	67	97
52	81	38
53	89	7
53	138	23
53	124	30
53	136	86
53	110	36
53	85	65
53	133	89
53	58	55
53	131	32
53	57	27
53	109	9
53	94	26
53	102	82
53	84	50
53	128	36
53	134	46
53	55	44
53	90	61
53	87	74
53	137	21
53	88	30
53	98	27
53	116	47
53	104	55
53	107	70
53	129	35
53	67	42
53	103	20
53	130	33
53	91	12
53	70	71
53	112	23
53	122	13
53	95	82
53	123	75
53	111	67
53	74	94
53	62	11
53	105	81
54	125	11
54	98	56
54	100	85
54	114	66
54	86	7
54	123	73
54	112	60
54	137	12
54	62	97
54	115	93
54	136	37
54	87	58
54	57	33
54	118	36
54	126	59
54	63	38
54	92	52
54	129	74
54	134	11
54	106	16
54	58	16
54	124	25
54	120	54
54	89	91
54	95	42
54	104	22
54	135	70
54	66	78
54	85	68
54	113	25
54	60	74
54	93	15
54	70	38
55	124	93
55	138	31
55	56	43
55	106	89
55	123	15
55	121	99
55	110	90
55	108	98
55	119	23
55	133	54
55	120	19
55	115	65
55	98	5
55	90	87
55	94	45
55	60	19
55	87	56
55	96	25
55	91	78
55	57	13
55	65	59
55	102	17
55	117	52
55	137	11
55	67	90
55	107	84
55	68	29
55	126	25
55	122	82
55	59	66
55	76	65
55	111	60
55	66	65
55	82	28
55	99	78
55	69	34
55	64	46
55	75	16
56	103	98
56	105	17
56	130	65
56	133	52
56	112	59
56	107	17
56	60	78
56	134	88
56	113	43
56	124	8
56	111	78
56	91	42
56	88	27
56	121	29
56	132	41
56	98	22
56	102	40
56	94	47
56	101	84
56	65	75
56	59	9
56	117	64
56	115	90
56	97	52
56	92	14
56	72	61
56	64	38
56	125	86
56	135	61
56	79	11
56	96	53
56	61	43
56	90	68
56	126	62
56	82	83
57	111	89
57	120	10
57	89	45
57	102	87
57	127	53
57	88	10
57	110	57
57	96	50
57	98	79
57	60	45
57	64	69
57	59	10
57	62	68
57	123	50
57	124	13
57	65	83
57	92	13
57	93	90
57	121	68
57	138	25
57	95	70
57	115	48
57	126	7
57	106	60
57	81	51
57	112	37
57	116	39
57	129	74
57	109	15
57	80	67
57	113	74
57	70	9
58	89	75
58	107	62
58	135	20
58	136	58
58	106	47
58	103	84
58	130	54
58	137	30
58	113	76
58	97	60
58	139	59
58	99	27
58	112	59
58	101	46
58	62	56
58	65	63
58	91	88
58	100	66
58	109	49
58	127	10
58	133	100
58	66	31
58	108	66
58	126	9
58	98	29
58	69	33
58	122	70
58	94	90
58	138	63
58	104	79
58	68	42
58	121	46
58	71	40
59	105	56
59	101	70
59	113	71
59	135	16
59	60	26
59	108	96
59	106	24
59	62	87
59	91	49
59	126	88
59	123	30
59	109	12
59	95	96
59	90	82
59	67	63
59	99	97
59	66	75
59	131	39
59	136	62
59	61	49
59	127	39
59	134	53
59	75	62
59	124	44
59	103	74
59	97	36
59	78	87
59	72	100
59	118	20
59	74	23
59	69	89
59	92	17
59	120	58
59	71	85
59	117	48
59	79	9
59	129	41
59	70	36
59	111	91
60	119	6
60	91	13
60	95	91
60	102	12
60	139	92
60	123	82
60	99	5
60	113	13
60	96	14
60	65	7
60	128	97
60	136	81
60	129	14
60	122	32
60	61	28
60	126	84
60	69	14
60	110	26
60	138	51
60	108	94
60	132	29
60	116	23
60	115	97
60	134	38
60	109	59
60	125	15
60	124	76
60	78	13
60	137	26
60	73	80
60	62	24
60	67	56
60	117	83
60	75	81
60	76	11
60	83	36
61	134	67
61	109	60
61	121	27
61	62	59
61	113	70
61	97	37
61	104	48
61	106	10
61	120	91
61	122	60
61	63	79
61	95	51
61	128	86
61	93	89
61	107	7
61	98	55
61	124	52
61	67	16
61	112	39
61	68	62
61	94	20
61	77	94
61	131	79
61	115	72
61	127	58
61	137	41
61	82	49
61	123	65
61	105	30
61	71	75
61	103	12
61	92	81
61	84	6
61	76	91
61	99	57
61	119	49
61	79	91
61	73	13
62	111	62
62	103	57
62	96	44
62	131	47
62	110	49
62	120	78
62	124	53
62	99	47
62	125	24
62	98	78
62	113	61
62	122	76
62	109	93
62	97	61
62	66	91
62	65	41
62	67	62
62	112	90
62	117	89
62	134	96
62	128	11
62	68	57
62	100	62
62	72	28
62	74	54
62	81	65
62	71	26
62	116	55
62	69	73
62	126	70
62	73	95
62	106	71
62	114	41
62	137	48
62	79	46
62	94	80
62	119	75
62	127	20
63	125	77
63	126	63
63	102	57
63	97	45
63	120	8
63	127	15
63	115	91
63	105	17
63	106	10
63	136	9
63	131	63
63	111	71
63	124	51
63	123	26
63	64	39
63	132	88
63	117	36
63	101	81
63	116	21
63	71	43
63	121	90
63	80	65
63	137	97
63	82	21
63	107	36
63	87	100
63	122	20
63	83	31
64	113	14
64	97	7
64	137	81
64	119	12
64	101	85
64	95	86
64	108	8
64	105	24
64	114	91
64	128	8
64	133	25
64	65	78
64	102	63
64	126	21
64	99	43
64	135	92
64	109	19
64	123	83
64	100	47
64	136	15
64	106	40
64	80	81
64	120	39
64	132	33
64	83	33
64	115	87
64	129	24
64	110	7
64	75	54
64	124	46
64	117	75
64	111	36
64	122	53
64	71	29
64	138	32
64	84	50
65	121	79
65	97	51
65	109	28
65	136	44
65	130	24
65	123	90
65	114	62
65	70	54
65	108	36
65	132	39
65	104	21
65	126	66
65	74	15
65	69	6
65	78	8
65	81	29
65	131	93
65	82	19
65	103	32
65	101	64
65	85	30
65	139	38
65	66	49
65	119	64
65	105	27
65	120	76
65	98	13
65	100	49
65	107	77
65	96	47
66	135	20
66	132	20
66	129	9
66	131	11
66	68	91
66	104	68
66	109	50
66	107	32
66	103	61
66	70	83
66	102	74
66	113	78
66	101	72
66	120	14
66	73	27
66	110	53
66	138	49
66	78	44
66	134	9
66	111	41
66	121	77
66	74	38
66	72	56
66	77	82
66	123	20
66	126	63
66	98	67
66	91	88
66	86	35
66	81	76
66	122	55
66	112	91
66	87	43
67	134	45
67	123	84
67	100	70
67	118	57
67	68	67
67	112	90
67	130	8
67	124	65
67	119	67
67	128	32
67	106	89
67	137	37
67	105	21
67	70	13
67	110	49
67	73	75
67	127	57
67	114	10
67	122	38
67	135	47
67	120	89
67	103	53
67	104	17
67	111	23
67	131	37
67	113	20
67	75	21
67	87	18
67	121	6
67	99	43
67	84	78
67	86	15
67	132	35
68	124	95
68	69	17
68	128	63
68	123	95
68	99	40
68	116	35
68	104	94
68	125	11
68	110	70
68	131	78
68	109	42
68	121	44
68	130	52
68	119	33
68	122	17
68	101	88
68	77	41
68	105	80
68	71	72
68	87	10
68	126	97
68	73	36
68	84	70
68	82	52
68	138	32
68	90	53
68	74	93
68	83	20
68	102	64
68	72	60
69	129	99
69	73	100
69	101	48
69	130	20
69	105	46
69	102	92
69	136	81
69	111	42
69	139	50
69	108	73
69	114	88
69	127	7
69	135	97
69	123	31
69	119	25
69	112	48
69	134	77
69	72	87
69	84	55
69	118	66
69	74	97
69	75	71
69	107	87
69	100	79
69	116	42
69	90	47
69	93	96
69	138	17
69	115	24
69	81	78
69	70	45
69	124	93
69	71	82
69	91	46
69	117	82
70	108	16
70	106	39
70	102	64
70	75	7
70	134	75
70	123	13
70	114	49
70	138	12
70	112	61
70	125	53
70	133	86
70	137	58
70	116	7
70	118	56
70	81	78
70	103	38
70	135	87
70	119	71
70	77	34
70	127	75
70	139	93
70	74	78
70	79	16
70	111	86
70	132	77
70	101	71
70	80	28
70	85	79
70	105	44
70	120	28
70	131	33
70	88	61
70	126	83
70	104	10
70	129	99
70	86	96
70	82	67
70	109	94
71	111	34
71	113	44
71	118	17
71	122	96
71	128	63
71	134	90
71	121	96
71	72	50
71	130	10
71	77	57
71	102	92
71	73	91
71	105	64
71	137	16
71	110	26
71	123	24
71	125	74
71	86	87
71	127	72
71	108	98
71	106	69
71	87	53
71	104	57
71	120	77
71	88	23
71	114	54
71	133	38
71	79	54
71	115	76
71	83	51
72	106	88
72	135	59
72	73	34
72	119	74
72	133	63
72	113	36
72	115	74
72	74	63
72	120	61
72	111	76
72	75	87
72	80	23
72	126	97
72	123	11
72	112	57
72	77	15
72	82	33
72	86	25
72	81	90
72	85	56
72	88	31
72	132	41
72	124	17
72	122	7
72	125	52
72	78	76
72	99	73
73	106	54
73	136	29
73	112	91
73	118	39
73	120	24
73	115	30
73	130	10
73	127	74
73	117	21
73	129	19
73	75	46
73	124	62
73	107	76
73	139	68
73	78	80
73	111	52
73	133	28
73	109	87
73	138	11
73	114	40
73	122	91
73	88	30
73	84	80
73	116	45
73	76	78
73	82	56
73	89	21
73	135	82
73	125	30
73	121	70
74	131	66
74	133	31
74	120	7
74	121	27
74	139	60
74	132	43
74	115	62
74	78	43
74	117	99
74	82	96
74	111	23
74	105	39
74	124	54
74	128	96
74	109	87
74	106	80
74	113	25
74	77	57
74	127	42
74	89	33
74	98	47
74	101	13
74	118	9
74	76	92
74	114	16
74	129	36
75	126	86
75	130	38
75	107	67
75	135	24
75	128	23
75	117	84
75	119	86
75	76	35
75	81	5
75	82	15
75	127	89
75	84	20
75	120	6
75	111	18
75	109	65
75	139	9
75	132	67
75	80	12
75	93	75
75	90	83
75	131	81
75	110	12
75	129	41
75	116	23
75	133	85
75	92	53
75	118	76
75	122	25
75	97	17
75	113	98
75	100	86
75	115	73
75	121	57
75	99	95
75	108	13
75	112	7
76	107	63
76	129	15
76	79	9
76	113	27
76	133	89
76	85	44
76	82	12
76	86	56
76	137	56
76	122	26
76	114	21
76	124	94
76	134	94
76	90	35
76	126	74
76	91	60
76	139	85
76	115	92
76	121	8
76	135	86
76	87	90
76	116	54
76	100	39
76	102	22
77	116	41
77	128	91
77	108	93
77	136	82
77	137	72
77	132	19
77	139	82
77	114	41
77	121	70
77	138	19
77	85	37
77	133	41
77	113	21
77	112	10
77	83	70
77	134	35
77	90	84
77	86	39
77	82	77
77	125	9
77	96	8
77	115	97
77	103	24
77	92	10
77	135	41
77	124	59
77	104	78
77	89	85
78	125	49
78	120	36
78	136	45
78	81	53
78	139	87
78	112	63
78	134	100
78	135	47
78	133	48
78	128	27
78	91	65
78	88	46
78	93	66
78	138	73
78	131	10
78	111	21
78	82	61
78	89	86
78	124	52
78	96	97
78	99	85
78	100	10
78	113	68
78	86	54
78	127	5
78	98	80
78	132	61
79	139	28
79	126	18
79	119	76
79	137	84
79	127	82
79	80	54
79	138	72
79	85	23
79	118	31
79	88	45
79	129	7
79	89	83
79	133	21
79	113	52
79	120	10
79	90	42
79	116	62
79	111	17
79	114	81
79	81	86
79	98	65
79	134	99
79	101	84
79	91	81
79	122	95
79	102	52
79	84	72
79	123	31
79	131	38
80	139	26
80	122	62
80	117	85
80	120	92
80	114	8
80	115	98
80	111	95
80	113	11
80	85	14
80	88	67
80	121	19
80	127	72
80	84	59
80	128	23
80	129	26
80	81	64
80	96	66
80	112	87
80	94	22
80	138	88
80	86	23
80	98	69
80	99	47
80	90	36
80	101	94
80	95	58
80	97	47
80	87	43
81	122	75
81	113	50
81	124	82
81	125	39
81	136	68
81	86	66
81	118	44
81	89	56
81	84	10
81	138	96
81	92	21
81	99	7
81	135	93
81	112	62
81	102	19
81	128	55
81	139	67
81	95	8
81	132	36
81	83	50
81	98	43
81	117	36
82	129	21
82	88	75
82	83	21
82	87	12
82	119	39
82	90	29
82	95	34
82	127	43
82	130	74
82	123	67
82	138	33
82	133	8
82	139	89
82	94	17
82	103	31
82	104	18
82	99	22
82	89	30
82	124	13
82	109	13
82	101	9
82	131	39
82	85	95
83	126	8
83	117	90
83	119	17
83	138	89
83	118	92
83	134	96
83	86	6
83	129	44
83	133	57
83	135	62
83	123	87
83	95	42
83	115	50
83	91	82
83	92	57
83	132	15
83	90	80
83	99	32
83	103	14
83	116	50
83	100	82
83	88	43
84	134	85
84	116	49
84	137	42
84	120	27
84	127	67
84	86	8
84	135	64
84	90	58
84	88	97
84	95	12
84	136	23
84	130	65
84	122	51
84	121	9
84	102	59
84	117	58
84	104	34
84	98	95
84	132	38
84	103	65
84	125	63
84	99	98
85	122	68
85	138	87
85	126	10
85	134	42
85	89	45
85	119	53
85	117	38
85	133	16
85	116	29
85	130	70
85	86	74
85	99	52
85	127	29
85	120	30
85	131	81
85	121	7
85	98	65
85	96	94
85	124	26
85	107	16
85	90	39
85	87	44
86	137	21
86	132	7
86	135	25
86	123	20
86	128	19
86	125	50
86	94	42
86	88	43
86	120	29
86	98	12
86	100	13
86	133	57
86	104	20
86	105	69
87	138	13
87	120	92
87	134	95
87	129	15
87	122	73
87	93	53
87	90	22
87	130	12
87	128	73
87	132	61
87	100	23
87	119	8
87	101	66
87	123	39
87	136	97
87	118	41
87	139	21
87	105	8
87	92	37
87	91	89
87	103	100
87	133	85
87	108	43
87	135	69
88	130	7
88	132	79
88	119	51
88	139	7
88	94	5
88	126	11
88	129	12
88	92	92
88	103	81
88	133	23
88	100	83
88	102	48
88	96	97
88	125	74
88	131	67
88	138	60
88	109	44
88	134	28
88	99	10
88	90	90
88	112	18
88	123	58
89	124	41
89	128	77
89	121	92
89	126	43
89	137	26
89	122	16
89	131	99
89	134	97
89	91	43
89	139	93
89	105	38
89	132	73
89	96	75
89	108	96
89	120	79
89	136	99
89	113	63
89	127	56
89	106	5
90	127	98
90	133	36
90	135	56
90	129	52
90	134	30
90	136	31
90	95	36
90	124	80
90	102	43
90	130	73
90	98	90
90	132	41
90	99	31
90	137	15
90	125	55
90	94	8
90	101	75
90	100	100
90	121	14
90	131	9
91	125	42
91	132	83
91	96	70
91	93	18
91	124	82
91	134	98
91	104	6
91	103	28
91	94	11
91	108	79
91	135	94
91	101	16
91	106	67
91	138	59
91	128	61
91	130	39
92	137	13
92	93	52
92	135	94
92	132	88
92	124	49
92	129	89
92	139	89
92	109	29
92	103	69
92	127	26
92	133	45
92	97	71
92	134	88
92	101	78
92	125	31
92	131	22
92	104	24
92	119	58
93	127	86
93	124	19
93	96	77
93	139	48
93	129	51
93	108	7
93	126	98
93	106	43
93	102	26
93	101	55
93	110	59
93	133	95
93	137	14
93	132	9
93	109	91
94	137	14
94	138	67
94	128	63
94	129	19
94	130	42
94	99	36
94	97	95
94	131	57
94	135	97
94	102	96
94	104	90
94	126	29
94	113	34
94	111	22
94	106	16
94	117	92
95	98	78
95	132	51
95	131	87
95	134	43
95	137	84
95	138	48
95	139	86
95	104	43
95	105	98
95	110	18
95	101	32
95	99	25
95	135	20
95	109	30
95	113	75
95	120	52
96	134	44
96	97	11
96	99	90
96	103	22
96	131	74
96	105	77
96	138	73
96	135	85
96	111	72
96	137	16
96	139	5
96	117	71
96	114	50
96	127	60
96	102	12
97	138	19
97	135	76
97	106	89
97	99	97
97	131	40
97	102	96
97	113	69
97	129	36
97	114	41
97	128	66
97	136	22
97	101	100
97	110	7
97	109	86
98	132	79
98	100	83
98	131	25
98	130	40
98	139	17
98	101	40
98	129	19
98	105	52
98	113	82
98	106	87
98	115	55
98	104	39
98	124	49
98	117	6
98	125	43
98	108	44
99	139	34
99	100	69
99	133	56
99	136	30
99	104	57
99	107	47
99	102	11
99	109	74
99	101	24
99	113	80
99	120	82
99	103	12
99	130	35
99	122	62
99	106	93
99	115	16
99	126	38
100	135	62
100	133	88
100	139	32
100	101	93
100	134	31
100	138	12
100	106	28
100	102	24
100	110	74
100	132	56
100	115	10
100	121	6
100	120	48
100	109	97
100	118	63
101	134	66
101	102	36
101	104	19
101	105	26
101	110	5
101	113	88
101	136	42
101	114	33
101	137	34
101	118	79
101	133	38
101	111	47
101	121	51
101	123	7
101	132	73
101	112	62
101	116	46
101	138	12
101	120	94
102	139	36
102	138	33
102	108	91
102	135	100
102	134	18
102	137	92
102	109	87
102	107	60
102	110	79
102	124	7
102	123	75
102	133	49
103	107	83
103	108	25
103	137	90
103	104	19
103	135	31
103	136	72
103	115	28
103	138	55
103	139	86
103	122	88
103	117	69
103	109	92
104	111	41
104	107	24
104	118	96
104	109	59
104	113	65
104	117	75
104	108	88
104	120	96
104	115	8
104	139	77
104	127	24
104	106	97
105	114	67
105	123	31
105	112	27
105	108	57
105	117	48
105	113	40
105	110	39
105	118	89
105	121	27
105	122	76
106	139	59
106	111	34
106	107	60
106	110	5
106	115	27
106	124	63
106	116	45
106	128	88
106	122	76
106	120	48
106	123	58
107	109	51
107	112	65
107	108	12
107	113	44
107	120	39
107	138	76
107	110	8
107	124	65
107	118	50
107	119	68
107	117	21
107	128	54
107	114	82
107	125	37
107	137	97
108	110	84
108	113	16
108	118	32
108	121	25
108	120	14
108	124	34
108	127	41
108	139	25
108	129	82
108	115	26
109	114	44
109	122	82
109	118	6
109	123	83
109	117	94
109	120	62
109	126	20
109	127	54
109	135	62
110	112	59
110	114	31
110	121	26
110	124	29
110	131	97
110	125	36
110	130	18
110	136	44
111	113	73
111	119	67
111	120	90
111	118	9
111	116	14
111	114	96
111	117	33
111	122	33
111	132	33
111	136	9
111	130	50
112	122	54
112	119	21
112	115	79
112	114	66
112	126	76
112	120	30
112	128	18
112	127	8
112	117	26
113	115	65
113	121	85
113	116	32
113	126	15
113	118	6
114	122	73
114	125	18
114	123	8
114	115	27
114	117	27
114	121	55
114	137	11
114	129	24
114	133	18
115	120	8
115	121	30
115	125	87
115	117	47
115	132	74
115	127	66
115	136	8
115	129	46
115	130	58
115	135	14
115	128	51
116	120	39
116	122	36
116	135	31
116	126	8
116	138	79
116	130	15
116	133	41
117	119	17
117	118	18
117	124	83
117	122	49
117	136	87
117	131	14
117	134	39
118	121	85
118	126	65
118	129	93
119	125	58
119	121	11
119	126	14
119	123	57
119	127	60
119	128	32
119	137	69
119	133	91
119	134	70
120	125	37
120	135	58
120	124	65
120	131	22
120	122	13
120	123	91
120	129	99
120	136	49
120	130	48
121	122	52
121	126	34
121	123	55
121	131	63
121	136	38
121	124	85
121	133	55
121	134	92
121	129	95
122	124	24
122	133	21
122	129	86
122	131	45
122	128	40
123	125	38
123	136	74
123	126	89
123	134	43
123	131	95
123	137	64
123	138	42
124	133	50
124	127	33
124	134	36
124	132	72
125	129	61
125	128	8
125	135	5
125	127	48
125	126	86
125	134	27
125	132	34
126	127	28
126	131	37
126	132	22
126	138	29
127	131	23
127	130	48
127	133	92
127	132	91
127	135	44
127	139	18
128	132	89
128	136	17
128	131	7
128	134	24
128	139	91
129	132	95
129	139	97
129	130	15
129	137	71
129	136	40
129	131	82
130	131	76
130	137	69
131	138	49
131	139	17
131	134	60
131	136	19
132	136	70
132	135	12
132	137	30
132	133	63
132	134	14
132	138	7
133	136	29
134	138	35
134	137	57
134	139	97
135	136	85
136	137	48
136	138	76
137	138	15
137	139	31
