NAME: W_SPARSE_200_73
n: 200
m: 7200
0	138	22
0	141	47
0	121	93
0	152	42
0	103	21
0	78	56
0	126	18
0	143	43
0	68	9
0	54	27
0	162	26
0	92	54
0	139	12
0	147	88
0	45	22
0	110	5
0	157	95
0	79	23
0	137	24
0	4	28
0	56	31
0	81	86
0	133	34
0	13	38
0	136	20
0	160	74
0	47	88
0	55	31
0	125	52
0	128	35
0	188	68
0	38	61
0	69	23
0	57	25
0	76	51
0	109	88
0	129	8
0	156	33
0	60	81
0	7	56
0	87	42
0	19	63
0	70	17
0	158	18
0	142	32
0	108	72
0	74	57
0	199	59
0	39	11
0	75	86
0	73	98
0	193	72
0	51	40
0	9	85
0	82	66
0	149	21
0	153	97
0	64	77
0	184	6
0	144	45
0	48	16
0	140	50
0	195	89
0	12	26
0	93	65
0	112	22
0	85	32
0	119	82
0	25	24
0	44	57
0	43	95
0	172	35
0	14	70
0	59	9
0	84	62
0	31	76
1	135	77
1	90	90
1	101	10
1	122	72
1	77	95
1	69	10
1	70	30
1	148	22
1	124	73
1	39	18
1	65	21
1	133	74
1	147	83
1	38	26
1	125	78
1	100	66
1	76	70
1	58	25
1	150	35
1	79	81
1	87	26
1	153	57
1	130	15
1	75	57
1	195	59
1	88	51
1	157	20
1	46	86
1	128	53
1	116	78
1	8	96
1	97	79
1	110	62
1	145	72
1	154	40
1	50	37
1	60	18
1	139	44
1	121	12
1	136	20
1	192	46
1	21	21
1	149	10
1	94	17
1	134	8
1	18	38
1	137	71
1	45	38
1	187	51
1	53	89
1	199	91
1	132	50
1	119	55
1	185	45
1	63	28
1	61	81
1	91	95
1	40	33
1	41	84
1	156	14
1	6	93
1	28	21
1	68	45
1	26	39
1	188	71
1	102	86
1	13	63
1	179	39
1	42	81
1	7	70
1	59	90
1	112	97
2	143	62
2	163	100
2	107	82
2	114	33
2	141	74
2	68	11
2	82	29
2	157	78
2	93	71
2	53	87
2	61	22
2	120	62
2	41	36
2	105	93
2	90	70
2	152	69
2	3	56
2	116	96
2	129	42
2	198	6
2	65	85
2	55	81
2	127	51
2	155	59
2	124	28
2	70	72
2	54	96
2	51	80
2	12	5
2	123	75
2	195	93
2	81	59
2	67	40
2	112	12
2	75	86
2	126	68
2	196	76
2	111	17
2	9	71
2	194	78
2	8	66
2	199	97
2	95	69
2	92	72
2	94	33
2	192	79
2	188	97
2	56	89
2	154	94
2	197	34
2	77	47
2	45	99
2	149	49
2	98	32
2	109	86
2	189	83
2	133	94
2	191	54
2	113	40
2	62	60
2	178	35
2	4	53
2	73	97
2	146	51
2	28	93
2	118	12
2	135	99
2	174	62
2	186	69
2	106	72
2	108	14
2	102	45
2	10	79
2	89	49
2	80	22
2	96	12
2	138	27
2	130	86
3	132	13
3	86	25
3	108	64
3	156	14
3	70	66
3	131	22
3	52	14
3	113	38
3	150	68
3	124	60
3	73	44
3	161	57
3	76	80
3	96	76
3	98	64
3	199	45
3	59	39
3	104	7
3	102	33
3	139	96
3	6	81
3	82	12
3	79	55
3	44	11
3	94	86
3	196	7
3	128	96
3	137	81
3	154	14
3	16	48
3	107	40
3	141	46
3	109	53
3	129	70
3	47	60
3	89	48
3	75	95
3	144	82
3	60	57
3	12	64
3	190	19
3	110	39
3	69	34
3	105	8
3	114	99
3	78	64
3	19	37
3	67	15
3	157	43
3	136	52
3	180	11
3	184	17
3	182	24
3	159	94
3	42	55
3	15	46
3	71	18
3	142	70
3	23	97
3	125	27
3	57	85
3	51	88
3	134	55
3	27	57
3	100	9
3	162	23
3	175	60
3	4	12
3	21	64
3	64	91
3	32	14
3	176	77
3	24	46
3	53	69
3	37	46
4	164	56
4	58	15
4	70	39
4	113	53
4	162	90
4	142	87
4	67	82
4	42	65
4	96	72
4	118	18
4	128	30
4	101	12
4	111	54
4	83	22
4	150	13
4	86	9
4	196	43
4	160	10
4	65	44
4	123	15
4	136	75
4	132	46
4	90	14
4	148	31
4	198	42
4	114	44
4	50	45
4	98	63
4	75	93
4	9	49
4	93	79
4	159	49
4	97	90
4	47	21
4	193	69
4	84	65
4	104	37
4	117	17
4	153	7
4	12	33
4	17	19
4	72	94
4	24	75
4	147	26
4	124	76
4	158	41
4	45	28
4	56	42
4	134	94
4	197	30
4	141	93
4	89	57
4	183	59
4	60	59
4	73	93
4	11	97
4	19	41
4	41	48
4	179	51
4	192	86
4	71	97
4	95	98
4	157	32
4	81	99
4	64	93
4	88	57
4	178	38
4	69	85
4	100	62
4	77	60
4	181	16
5	53	47
5	136	20
5	85	73
5	71	71
5	150	18
5	77	68
5	51	42
5	59	9
5	75	25
5	46	88
5	140	52
5	11	75
5	165	80
5	144	30
5	110	28
5	78	87
5	114	19
5	153	16
5	155	30
5	67	83
5	162	88
5	121	36
5	193	67
5	141	54
5	6	87
5	115	56
5	91	67
5	139	74
5	62	22
5	99	97
5	131	7
5	44	68
5	149	59
5	125	99
5	168	66
5	116	19
5	104	22
5	105	14
5	122	50
5	123	56
5	157	33
5	80	69
5	107	21
5	196	14
5	50	8
5	23	76
5	48	8
5	45	41
5	133	99
5	33	41
5	21	98
5	20	12
5	64	11
5	26	50
5	29	24
5	197	27
5	97	44
5	17	8
5	7	73
6	57	44
6	139	27
6	100	53
6	160	45
6	51	17
6	79	95
6	91	45
6	126	52
6	48	52
6	121	95
6	167	48
6	78	48
6	83	56
6	50	85
6	80	71
6	77	52
6	151	92
6	147	94
6	199	64
6	138	46
6	9	66
6	135	21
6	197	20
6	10	70
6	98	55
6	104	8
6	152	54
6	129	98
6	18	40
6	134	83
6	12	26
6	19	98
6	159	67
6	94	53
6	84	62
6	61	50
6	69	53
6	107	73
6	132	99
6	165	85
6	131	74
6	43	36
6	82	48
6	52	64
6	54	63
6	124	60
6	13	92
6	108	75
6	185	79
6	145	75
6	73	84
6	97	94
6	143	90
6	166	6
6	109	92
6	119	13
6	142	32
6	26	37
6	11	89
6	72	51
6	114	73
6	58	16
6	34	41
6	120	84
6	127	73
6	140	47
6	37	81
6	8	58
6	20	15
6	110	48
7	145	82
7	52	100
7	118	35
7	131	32
7	136	99
7	51	81
7	82	88
7	84	35
7	109	47
7	150	72
7	115	42
7	133	12
7	11	49
7	71	90
7	76	24
7	149	61
7	106	70
7	95	77
7	62	5
7	162	27
7	77	12
7	130	12
7	113	19
7	74	70
7	108	70
7	116	46
7	73	60
7	21	36
7	69	24
7	165	87
7	86	46
7	198	55
7	147	22
7	134	70
7	8	35
7	137	93
7	67	49
7	58	70
7	61	71
7	63	58
7	126	5
7	170	83
7	48	64
7	83	80
7	159	99
7	153	94
7	143	29
7	85	75
7	59	100
7	10	77
7	31	29
7	128	62
7	120	6
7	154	30
7	18	15
7	89	33
7	79	11
7	64	88
7	45	45
7	142	48
7	123	77
8	45	65
8	50	10
8	57	6
8	65	80
8	48	78
8	121	73
8	104	44
8	169	9
8	96	25
8	142	79
8	145	63
8	162	8
8	100	68
8	9	53
8	58	44
8	83	80
8	152	66
8	114	52
8	133	33
8	165	85
8	128	68
8	95	97
8	122	64
8	87	79
8	159	60
8	88	67
8	76	36
8	74	76
8	23	45
8	118	96
8	195	34
8	108	13
8	127	6
8	86	75
8	188	17
8	19	41
8	93	49
8	140	72
8	186	66
8	54	17
8	59	14
8	109	62
8	52	48
8	81	6
8	161	52
8	185	39
8	80	16
8	144	59
8	26	74
8	49	32
8	151	58
8	153	46
8	63	57
8	187	98
8	21	96
8	197	47
8	199	30
8	71	49
8	34	16
8	135	59
8	14	94
8	32	24
8	183	16
8	25	76
8	92	82
8	102	85
8	175	80
8	98	31
9	161	75
9	167	63
9	80	25
9	65	74
9	83	28
9	48	50
9	130	62
9	94	67
9	67	54
9	160	75
9	93	59
9	121	36
9	154	49
9	152	63
9	14	45
9	61	27
9	62	71
9	46	14
9	150	33
9	89	30
9	49	81
9	58	69
9	69	77
9	149	77
9	137	47
9	107	58
9	17	61
9	146	78
9	170	96
9	127	63
9	116	72
9	79	80
9	168	32
9	133	27
9	81	60
9	98	90
9	106	75
9	158	78
9	84	99
9	100	76
9	132	77
9	21	32
9	135	91
9	112	49
9	57	79
9	156	26
9	143	25
9	196	54
9	18	34
9	19	36
9	60	24
9	119	79
9	172	85
9	194	27
9	87	46
9	104	38
9	147	41
9	188	16
9	92	19
9	171	33
9	22	93
9	165	76
9	120	54
9	30	20
9	28	15
9	52	81
9	27	33
10	167	84
10	65	16
10	148	88
10	137	48
10	73	74
10	121	83
10	144	93
10	85	97
10	101	37
10	171	10
10	104	99
10	110	63
10	161	15
10	94	31
10	54	6
10	63	30
10	158	91
10	130	27
10	107	10
10	149	28
10	156	25
10	91	8
10	113	66
10	145	36
10	51	7
10	97	78
10	96	87
10	119	82
10	71	26
10	166	31
10	58	73
10	14	88
10	124	74
10	89	88
10	55	49
10	159	29
10	68	74
10	160	72
10	164	53
10	108	11
10	138	76
10	30	43
10	157	46
10	53	81
10	70	57
10	116	13
10	131	78
10	190	90
10	60	76
10	22	82
10	72	35
10	133	49
10	136	24
10	80	31
10	50	57
10	132	50
10	98	66
10	35	81
10	109	56
10	106	89
10	52	83
10	47	24
10	74	81
10	117	37
10	177	61
10	194	67
10	48	22
10	196	61
11	120	33
11	71	98
11	95	21
11	149	66
11	81	17
11	116	50
11	98	14
11	147	11
11	125	85
11	101	83
11	52	85
11	55	16
11	110	78
11	157	58
11	67	9
11	53	60
11	154	31
11	142	26
11	65	72
11	115	17
11	18	100
11	20	8
11	57	30
11	168	32
11	153	47
11	127	38
11	109	54
11	174	18
11	58	94
11	75	85
11	143	73
11	173	16
11	99	39
11	103	42
11	89	74
11	128	39
11	151	34
11	156	13
11	93	81
11	97	75
11	137	97
11	107	21
11	76	19
11	126	62
11	170	79
11	31	32
11	37	64
11	51	25
11	66	92
11	134	60
11	117	17
11	30	17
11	196	77
11	60	50
11	23	87
11	41	36
11	186	74
11	146	62
11	39	46
11	27	96
11	161	71
11	124	46
11	38	9
11	141	59
11	83	50
11	119	18
12	70	15
12	130	30
12	62	55
12	56	97
12	85	29
12	72	19
12	13	66
12	118	96
12	123	87
12	101	11
12	156	12
12	99	64
12	58	64
12	64	36
12	144	43
12	170	79
12	94	31
12	71	93
12	14	78
12	69	82
12	63	93
12	151	48
12	162	14
12	84	93
12	82	23
12	166	8
12	155	51
12	67	81
12	150	56
12	107	48
12	137	45
12	159	23
12	113	80
12	66	42
12	31	81
12	164	78
12	29	60
12	88	23
12	103	13
12	120	23
12	147	6
12	135	36
12	136	80
12	49	51
12	23	43
12	160	65
12	30	47
12	57	65
12	131	84
12	188	49
12	172	54
12	110	11
12	55	81
12	24	44
12	32	77
12	59	40
12	193	12
12	138	43
12	145	15
12	16	17
12	158	27
12	40	70
12	152	96
12	149	47
12	163	49
12	41	76
12	44	20
12	108	94
12	169	42
12	96	92
12	74	44
12	141	21
12	191	83
13	66	40
13	157	66
13	50	43
13	126	70
13	125	6
13	56	72
13	76	6
13	51	6
13	64	65
13	79	45
13	170	17
13	102	15
13	172	35
13	67	58
13	135	52
13	57	79
13	77	63
13	160	50
13	143	38
13	20	85
13	100	12
13	136	82
13	176	21
13	82	57
13	168	32
13	110	7
13	98	88
13	62	27
13	84	100
13	147	17
13	87	25
13	18	90
13	165	20
13	23	10
13	86	68
13	74	24
13	21	68
13	114	20
13	117	46
13	163	42
13	198	64
13	103	8
13	54	52
13	26	12
13	85	41
13	112	19
13	27	29
13	140	55
13	70	11
13	195	60
13	55	8
13	189	27
13	194	20
13	93	70
13	153	31
13	152	93
13	83	71
13	115	73
13	144	26
13	69	89
13	34	17
13	193	97
13	156	65
13	108	96
13	124	78
14	139	30
14	92	16
14	120	14
14	66	81
14	145	100
14	101	12
14	159	68
14	111	55
14	102	57
14	72	48
14	176	52
14	142	19
14	141	36
14	134	80
14	160	44
14	90	68
14	52	68
14	127	95
14	109	47
14	123	93
14	161	74
14	125	95
14	165	84
14	65	91
14	75	59
14	54	89
14	74	92
14	162	99
14	27	12
14	51	9
14	173	19
14	124	8
14	31	55
14	73	28
14	174	74
14	70	5
14	135	91
14	53	48
14	28	89
14	106	50
14	84	14
14	130	44
14	195	97
14	197	44
14	68	47
14	88	71
14	136	30
14	147	87
14	19	40
14	32	32
14	192	15
14	116	99
14	129	65
14	137	32
14	151	33
14	78	32
14	83	53
14	58	7
14	189	80
14	152	91
14	131	87
14	76	90
14	63	30
14	112	31
14	166	56
14	194	83
14	49	11
15	107	24
15	142	33
15	127	73
15	89	24
15	95	69
15	162	11
15	96	29
15	129	45
15	62	55
15	100	59
15	132	38
15	135	78
15	176	32
15	88	59
15	85	33
15	84	43
15	151	75
15	65	12
15	120	24
15	138	21
15	152	35
15	83	59
15	61	65
15	178	23
15	52	45
15	173	96
15	175	97
15	58	41
15	16	8
15	25	15
15	167	33
15	87	68
15	159	94
15	131	14
15	133	6
15	35	90
15	55	36
15	145	84
15	67	81
15	109	81
15	70	80
15	91	59
15	128	72
15	82	51
15	68	62
15	53	26
15	36	43
15	39	88
15	40	56
15	99	96
15	30	72
15	29	35
15	184	97
15	170	12
15	56	67
15	71	51
15	125	79
15	130	44
15	146	6
15	137	93
15	166	35
15	153	47
15	78	44
15	185	57
15	160	44
15	197	43
16	167	23
16	154	60
16	80	91
16	99	84
16	93	66
16	67	45
16	176	11
16	105	19
16	78	96
16	122	28
16	54	87
16	84	87
16	110	95
16	163	94
16	107	11
16	91	8
16	155	81
16	58	86
16	169	76
16	138	84
16	62	97
16	74	43
16	76	63
16	56	26
16	82	15
16	100	20
16	139	30
16	166	14
16	142	65
16	143	51
16	134	26
16	63	89
16	150	100
16	152	55
16	108	99
16	128	29
16	96	27
16	141	33
16	75	77
16	26	88
16	90	42
16	179	16
16	126	50
16	19	7
16	106	52
16	18	8
16	124	43
16	68	48
16	27	11
16	17	45
16	101	83
16	168	43
16	135	79
16	25	81
16	104	80
16	119	21
16	81	6
16	136	97
16	29	13
16	34	68
16	130	24
16	194	45
16	48	33
16	140	58
17	139	41
17	54	90
17	120	26
17	148	42
17	164	25
17	117	95
17	142	22
17	81	71
17	158	17
17	61	61
17	77	87
17	91	60
17	119	45
17	92	6
17	178	73
17	99	69
17	71	25
17	172	45
17	179	81
17	67	30
17	107	93
17	21	46
17	118	95
17	140	98
17	63	55
17	98	17
17	25	57
17	27	23
17	168	17
17	108	69
17	74	60
17	32	51
17	80	78
17	144	50
17	82	64
17	127	33
17	167	77
17	110	100
17	93	64
17	123	49
17	136	84
17	157	86
17	145	7
17	58	29
17	96	66
17	100	16
17	72	25
17	69	20
17	28	54
17	102	57
17	121	96
17	23	39
17	62	35
17	33	9
17	153	53
17	165	93
17	146	17
17	126	25
17	193	98
17	84	36
17	141	8
17	180	19
17	151	80
17	173	14
17	128	89
17	171	42
17	161	69
17	195	53
17	159	58
18	90	5
18	144	20
18	177	87
18	116	61
18	172	85
18	130	70
18	21	6
18	69	75
18	151	73
18	131	77
18	102	35
18	119	74
18	114	66
18	128	99
18	109	99
18	20	21
18	58	88
18	59	74
18	180	85
18	136	46
18	150	13
18	171	70
18	162	49
18	121	37
18	147	72
18	23	23
18	75	40
18	178	32
18	123	56
18	94	62
18	79	87
18	135	22
18	154	61
18	176	72
18	26	31
18	160	34
18	72	64
18	83	9
18	175	79
18	55	33
18	110	26
18	155	51
18	124	77
18	159	23
18	173	39
18	63	38
18	167	29
18	39	35
18	87	64
18	41	51
18	105	73
18	146	78
18	100	89
18	179	9
18	86	72
18	42	62
18	47	72
18	174	48
18	181	40
18	51	77
18	98	46
18	168	61
19	70	25
19	106	29
19	103	56
19	161	94
19	176	6
19	89	68
19	56	22
19	129	15
19	162	42
19	139	44
19	97	31
19	121	80
19	100	8
19	65	26
19	98	69
19	177	56
19	170	74
19	172	10
19	61	88
19	69	55
19	133	81
19	82	59
19	137	63
19	147	69
19	168	54
19	77	64
19	156	56
19	180	63
19	23	78
19	149	73
19	108	55
19	71	23
19	92	14
19	178	46
19	114	47
19	117	44
19	174	71
19	159	69
19	36	85
19	73	16
19	75	91
19	166	60
19	179	57
19	123	41
19	155	65
19	67	62
19	197	12
19	113	66
19	85	74
19	86	30
19	32	62
19	27	38
19	35	88
19	96	37
19	138	62
19	25	28
19	49	44
19	63	56
19	105	87
19	126	11
19	112	82
19	119	52
19	132	21
19	143	96
19	160	78
19	110	63
19	51	56
20	94	34
20	114	98
20	105	25
20	82	38
20	129	54
20	125	96
20	137	63
20	149	100
20	71	85
20	178	42
20	152	58
20	162	84
20	79	72
20	143	41
20	58	93
20	95	72
20	165	31
20	156	89
20	23	99
20	61	12
20	60	6
20	182	44
20	100	90
20	106	55
20	27	25
20	110	32
20	161	74
20	131	93
20	159	85
20	22	78
20	93	14
20	177	29
20	65	86
20	126	97
20	122	74
20	175	27
20	170	13
20	28	15
20	21	82
20	117	77
20	138	85
20	172	63
20	83	63
20	80	39
20	147	83
20	118	13
20	88	10
20	72	97
20	174	30
20	29	93
20	198	7
20	167	99
20	92	91
20	179	78
20	133	66
20	127	72
20	124	96
20	120	98
20	108	60
20	81	23
20	74	22
20	66	33
20	148	31
20	38	15
20	155	55
20	99	42
20	111	62
20	103	97
21	105	68
21	102	54
21	169	72
21	107	78
21	112	91
21	171	46
21	183	68
21	134	66
21	25	45
21	142	22
21	109	66
21	97	39
21	85	62
21	72	18
21	75	58
21	121	22
21	80	68
21	98	51
21	129	24
21	74	76
21	131	44
21	23	52
21	71	96
21	167	19
21	108	23
21	32	63
21	78	24
21	159	41
21	93	55
21	96	88
21	118	22
21	61	57
21	153	62
21	24	38
21	60	75
21	117	61
21	139	15
21	125	79
21	133	31
21	150	20
21	170	31
21	152	42
21	151	88
21	63	95
21	196	13
21	36	82
21	141	50
21	162	20
21	195	67
21	41	53
21	163	67
21	101	31
21	67	58
21	165	85
21	50	100
21	64	97
21	65	11
21	143	7
21	140	19
21	88	74
21	54	81
21	179	89
21	104	100
22	64	55
22	70	35
22	133	15
22	97	58
22	23	74
22	152	15
22	141	27
22	106	58
22	179	66
22	111	57
22	160	64
22	140	90
22	150	50
22	185	44
22	29	37
22	139	70
22	146	96
22	144	51
22	100	12
22	174	71
22	105	77
22	27	45
22	73	77
22	170	36
22	78	39
22	87	11
22	168	16
22	126	14
22	161	51
22	32	45
22	28	27
22	89	64
22	72	9
22	38	59
22	184	8
22	42	34
22	25	43
22	177	54
22	135	39
22	120	91
22	112	59
22	94	58
22	114	50
22	48	14
22	65	21
22	138	73
22	193	92
22	81	21
22	46	49
22	52	68
22	102	72
22	86	98
22	130	96
22	77	41
22	189	91
22	98	20
23	84	82
23	97	41
23	126	85
23	162	36
23	168	70
23	68	78
23	169	75
23	136	29
23	163	84
23	112	49
23	105	12
23	27	94
23	62	78
23	79	43
23	134	74
23	123	33
23	152	47
23	108	19
23	147	82
23	100	14
23	103	41
23	165	53
23	67	60
23	143	97
23	24	46
23	172	48
23	77	26
23	166	51
23	149	25
23	60	31
23	98	87
23	124	71
23	36	76
23	25	27
23	159	99
23	175	26
23	170	23
23	89	24
23	142	35
23	34	25
23	118	28
23	151	31
23	173	64
23	113	96
23	73	57
23	164	30
23	177	57
23	61	61
23	127	64
23	90	14
23	33	12
23	35	6
23	110	45
23	131	54
23	128	48
23	26	85
23	184	73
23	197	40
23	48	39
23	49	65
23	179	60
23	107	49
23	93	84
23	132	54
23	137	12
23	139	21
23	52	10
23	186	71
23	63	69
23	116	9
23	65	8
23	88	18
23	70	25
24	64	97
24	151	54
24	178	54
24	101	55
24	77	52
24	96	39
24	160	15
24	98	79
24	158	69
24	177	98
24	187	58
24	128	54
24	108	43
24	124	23
24	154	29
24	135	51
24	127	89
24	138	37
24	107	7
24	111	83
24	89	33
24	169	58
24	117	61
24	100	27
24	144	90
24	34	96
24	146	81
24	92	47
24	119	31
24	115	63
24	149	67
24	114	31
24	126	66
24	97	34
24	83	82
24	84	65
24	95	63
24	170	44
24	179	48
24	172	10
24	133	51
24	74	50
24	180	97
24	69	54
24	65	25
24	147	83
24	85	38
24	67	77
24	73	38
24	82	42
24	116	78
24	159	76
24	176	86
24	86	86
24	43	52
24	105	94
24	61	23
24	109	65
24	199	89
24	78	86
24	44	57
24	139	97
24	157	44
24	181	64
24	156	25
24	164	33
24	198	65
25	122	22
25	133	67
25	130	68
25	113	34
25	121	57
25	97	30
25	111	84
25	145	78
25	166	10
25	96	54
25	147	56
25	100	35
25	83	92
25	118	44
25	183	12
25	90	11
25	177	16
25	74	21
25	75	14
25	73	6
25	89	59
25	109	50
25	126	11
25	142	63
25	179	72
25	124	53
25	146	58
25	137	41
25	103	45
25	88	9
25	175	63
25	67	45
25	38	30
25	151	79
25	44	24
25	81	37
25	171	71
25	43	97
25	188	21
25	164	7
25	140	82
25	32	61
25	66	65
25	143	8
25	162	47
25	64	66
25	42	27
25	94	84
25	98	95
25	116	50
25	167	15
25	161	34
25	87	30
25	180	44
25	184	53
25	160	70
25	52	65
25	107	83
25	134	50
25	141	93
25	199	95
25	62	22
25	195	18
26	100	56
26	98	11
26	102	74
26	97	64
26	76	30
26	127	82
26	139	41
26	121	85
26	28	82
26	167	94
26	159	91
26	82	81
26	79	86
26	145	12
26	148	23
26	119	54
26	83	55
26	184	86
26	164	32
26	86	51
26	106	17
26	173	79
26	179	7
26	33	78
26	163	59
26	171	12
26	157	21
26	69	56
26	153	92
26	178	57
26	118	56
26	63	91
26	128	13
26	185	44
26	42	46
26	135	65
26	32	22
26	129	18
26	96	65
26	116	98
26	81	57
26	187	10
26	101	49
26	114	95
26	146	38
26	151	21
26	188	28
26	34	71
26	40	72
26	174	89
26	144	90
26	36	32
26	158	84
26	155	55
26	122	87
26	29	35
26	80	50
26	89	73
26	150	65
26	160	57
26	124	78
26	39	23
26	53	73
26	48	35
26	130	84
26	162	23
26	27	16
26	60	90
26	147	48
27	78	16
27	105	21
27	121	72
27	155	89
27	89	84
27	120	63
27	141	90
27	172	95
27	177	26
27	143	20
27	135	52
27	144	26
27	66	74
27	165	87
27	72	32
27	164	16
27	157	97
27	83	95
27	73	72
27	153	82
27	170	29
27	111	28
27	117	14
27	100	45
27	185	66
27	160	48
27	179	23
27	102	94
27	187	28
27	82	55
27	174	5
27	67	53
27	36	69
27	68	75
27	49	42
27	142	87
27	178	95
27	41	8
27	137	65
27	30	43
27	39	90
27	122	72
27	151	63
27	104	37
27	119	19
27	77	91
27	91	57
27	134	13
27	190	23
27	45	51
27	31	31
27	97	68
27	169	73
27	150	71
27	161	83
27	189	11
27	159	89
27	65	51
27	94	68
27	33	60
27	52	16
27	84	37
27	145	66
28	150	22
28	86	88
28	159	36
28	127	51
28	30	69
28	107	23
28	120	43
28	96	82
28	75	93
28	104	23
28	115	92
28	141	59
28	73	27
28	98	97
28	117	90
28	131	29
28	29	80
28	156	71
28	83	99
28	157	93
28	70	54
28	36	52
28	172	55
28	186	11
28	103	41
28	175	38
28	184	88
28	135	33
28	148	63
28	123	82
28	173	85
28	40	54
28	188	28
28	41	17
28	93	96
28	91	95
28	43	84
28	185	36
28	177	28
28	126	85
28	181	26
28	111	36
28	118	80
28	99	29
28	139	85
28	134	45
28	88	43
28	33	36
28	35	95
28	79	65
28	95	18
28	53	93
28	136	92
28	170	41
28	82	25
28	147	89
28	154	68
28	182	49
28	198	68
28	121	93
28	72	94
28	183	19
28	196	41
28	140	48
28	145	94
28	52	18
28	158	68
28	44	48
28	137	27
29	82	27
29	182	74
29	123	89
29	166	59
29	164	67
29	103	8
29	143	76
29	157	20
29	135	72
29	175	98
29	158	19
29	77	84
29	131	30
29	189	35
29	33	87
29	119	40
29	112	12
29	191	8
29	80	74
29	130	90
29	137	84
29	183	88
29	138	7
29	127	12
29	88	91
29	94	53
29	104	74
29	168	93
29	91	73
29	40	95
29	133	43
29	129	78
29	159	88
29	86	62
29	136	52
29	87	65
29	37	42
29	46	84
29	145	94
29	149	18
29	170	65
29	188	57
29	81	53
29	44	17
29	47	22
29	126	50
29	114	11
29	35	44
29	57	87
29	174	79
29	99	35
29	154	88
29	172	16
29	52	58
29	146	48
29	150	99
29	75	69
29	111	58
29	113	13
29	171	48
29	169	17
29	58	38
29	102	50
29	41	51
29	148	95
30	106	58
30	80	85
30	72	49
30	101	84
30	156	72
30	124	83
30	155	85
30	181	52
30	191	9
30	145	33
30	110	82
30	108	47
30	159	15
30	133	67
30	79	95
30	117	38
30	146	36
30	104	53
30	161	78
30	174	54
30	34	61
30	188	90
30	179	32
30	132	46
30	41	32
30	185	95
30	90	18
30	172	57
30	169	96
30	152	68
30	129	17
30	86	20
30	192	25
30	111	74
30	134	73
30	37	60
30	46	8
30	74	75
30	142	66
30	44	52
30	141	91
30	102	42
30	109	79
30	112	40
30	154	76
30	153	84
30	171	39
30	113	12
30	76	92
30	40	66
30	180	52
30	178	96
30	97	54
30	136	97
30	93	32
30	98	82
30	193	68
30	57	20
30	107	47
30	162	15
30	168	92
30	87	75
30	139	30
31	68	57
31	128	55
31	143	15
31	123	72
31	114	45
31	189	71
31	132	40
31	185	61
31	151	42
31	80	8
31	168	16
31	130	87
31	193	54
31	120	18
31	155	35
31	71	46
31	76	70
31	164	73
31	153	63
31	99	46
31	88	30
31	150	36
31	98	73
31	115	26
31	158	36
31	74	97
31	110	45
31	119	93
31	122	69
31	145	61
31	171	85
31	102	22
31	111	26
31	48	61
31	138	94
31	44	10
31	167	91
31	109	74
31	191	19
31	73	95
31	159	39
31	157	5
31	43	87
31	51	39
31	46	59
31	107	81
31	85	85
31	34	88
31	131	33
31	137	22
31	127	67
31	126	69
31	124	97
31	135	92
31	180	6
31	32	6
31	37	86
31	125	54
31	97	82
31	169	16
31	134	66
31	55	68
31	129	60
31	162	47
31	178	41
32	178	65
32	107	87
32	191	32
32	136	75
32	130	61
32	102	49
32	155	64
32	162	97
32	87	7
32	159	52
32	161	48
32	150	59
32	72	72
32	89	67
32	152	21
32	132	48
32	172	93
32	174	66
32	100	66
32	41	41
32	126	30
32	129	86
32	42	37
32	104	64
32	115	71
32	138	23
32	79	72
32	120	94
32	169	53
32	184	13
32	157	35
32	149	7
32	39	12
32	187	52
32	77	52
32	114	83
32	142	60
32	91	39
32	118	54
32	109	88
32	105	70
32	123	56
32	125	31
32	73	49
32	176	17
32	192	22
32	48	18
32	121	8
32	128	66
32	38	48
32	170	13
32	85	52
32	52	96
32	135	76
32	182	81
32	180	15
32	167	97
32	60	99
32	171	95
32	101	8
32	188	72
32	54	19
33	126	37
33	89	46
33	76	84
33	191	10
33	196	62
33	141	8
33	147	83
33	140	33
33	170	52
33	105	43
33	39	98
33	112	91
33	153	55
33	166	14
33	135	23
33	84	39
33	40	17
33	137	31
33	114	30
33	117	87
33	151	14
33	130	56
33	145	21
33	45	57
33	72	31
33	152	68
33	44	11
33	77	13
33	108	94
33	70	53
33	136	27
33	47	87
33	103	41
33	133	78
33	171	30
33	173	31
33	48	25
33	144	79
33	50	21
33	164	90
33	159	85
33	91	41
33	134	49
33	155	14
33	184	96
33	34	84
33	73	69
33	124	76
33	90	85
33	186	9
33	129	51
33	94	29
33	109	78
33	38	31
33	88	70
33	178	66
33	168	59
33	71	76
33	104	10
33	62	100
33	143	58
33	163	63
33	74	68
33	115	47
33	122	60
33	36	65
33	193	70
33	42	17
33	138	12
33	189	26
33	187	53
33	113	36
34	168	24
34	111	85
34	194	55
34	178	10
34	71	6
34	147	66
34	104	77
34	118	27
34	165	35
34	78	7
34	132	92
34	86	97
34	127	49
34	166	68
34	143	17
34	110	38
34	156	99
34	97	52
34	82	19
34	112	38
34	136	85
34	128	11
34	149	32
34	106	88
34	193	71
34	107	48
34	105	89
34	192	66
34	196	44
34	190	22
34	145	61
34	162	67
34	72	6
34	101	48
34	144	55
34	75	33
34	39	53
34	137	63
34	85	63
34	158	59
34	84	40
34	124	65
34	174	73
34	94	61
34	44	19
34	92	77
34	181	23
34	159	48
34	154	100
34	195	45
34	38	71
34	135	28
34	123	13
34	184	77
34	187	56
34	77	77
34	179	66
34	63	95
34	46	73
35	179	95
35	128	14
35	122	18
35	119	23
35	98	38
35	191	92
35	186	76
35	94	91
35	108	97
35	181	46
35	39	86
35	154	63
35	93	62
35	184	40
35	159	14
35	196	7
35	83	48
35	89	9
35	187	89
35	118	58
35	172	27
35	134	46
35	111	34
35	104	5
35	115	33
35	131	93
35	86	28
35	126	39
35	101	95
35	193	29
35	91	37
35	178	51
35	185	58
35	192	70
35	129	64
35	78	79
35	55	86
35	87	59
35	92	53
35	40	83
35	177	14
35	142	24
35	81	95
35	102	46
35	127	20
35	61	91
35	189	38
35	52	77
35	135	53
35	66	51
35	145	60
35	112	81
35	169	81
35	157	58
35	197	41
35	143	100
35	168	22
36	191	99
36	84	99
36	112	57
36	119	38
36	165	89
36	156	37
36	88	28
36	118	55
36	166	83
36	91	91
36	196	68
36	159	64
36	170	91
36	154	90
36	130	18
36	188	37
36	142	38
36	172	97
36	126	96
36	83	17
36	137	33
36	167	12
36	124	93
36	176	43
36	197	10
36	129	5
36	104	10
36	135	45
36	195	67
36	193	75
36	131	87
36	86	50
36	97	63
36	168	64
36	41	30
36	123	61
36	132	51
36	47	79
36	150	38
36	75	88
36	177	88
36	103	82
36	192	89
36	77	51
36	183	61
36	62	24
36	189	91
36	89	82
36	182	21
36	51	66
36	187	65
36	153	35
36	116	37
36	173	58
36	49	16
36	50	52
36	67	18
36	102	95
36	127	6
36	71	54
36	87	62
36	199	9
36	82	88
37	128	23
37	116	25
37	142	6
37	175	87
37	159	99
37	171	17
37	78	21
37	99	68
37	101	9
37	164	38
37	88	80
37	155	15
37	158	32
37	191	91
37	168	72
37	92	67
37	109	10
37	173	23
37	160	46
37	104	34
37	102	40
37	199	87
37	179	8
37	190	29
37	115	90
37	143	94
37	192	13
37	43	70
37	100	43
37	39	44
37	122	85
37	105	9
37	157	21
37	52	78
37	145	85
37	176	60
37	148	87
37	90	57
37	174	54
37	81	14
37	103	23
37	111	10
37	76	6
37	82	16
37	152	43
37	139	54
37	182	21
37	186	92
37	146	86
37	77	79
37	126	93
37	198	47
37	137	76
37	65	39
37	149	91
37	134	84
37	165	66
37	49	65
37	70	13
37	69	12
37	120	79
38	105	73
38	192	70
38	104	90
38	135	72
38	141	26
38	95	92
38	189	79
38	40	53
38	159	12
38	78	13
38	90	89
38	183	73
38	122	60
38	175	58
38	110	55
38	119	55
38	132	11
38	161	97
38	107	12
38	101	99
38	43	65
38	109	71
38	181	56
38	194	60
38	150	83
38	146	79
38	124	54
38	143	38
38	41	61
38	165	75
38	127	18
38	49	47
38	100	51
38	178	60
38	136	33
38	96	49
38	185	23
38	108	69
38	179	14
38	126	99
38	112	48
38	129	9
38	137	91
38	114	51
38	160	63
38	157	52
38	153	44
38	170	32
38	59	9
38	131	98
38	55	67
38	85	98
38	191	63
38	50	20
38	83	93
38	133	67
38	92	95
38	77	74
38	118	22
38	130	78
38	117	50
38	169	32
38	149	24
39	186	68
39	181	58
39	190	54
39	90	22
39	137	48
39	107	6
39	171	48
39	133	6
39	79	42
39	130	47
39	124	97
39	113	17
39	139	38
39	144	97
39	145	98
39	184	71
39	108	36
39	187	13
39	198	57
39	88	93
39	166	83
39	131	45
39	45	58
39	120	83
39	135	95
39	174	65
39	92	44
39	151	30
39	154	60
39	155	11
39	77	66
39	97	61
39	173	22
39	140	7
39	51	50
39	134	84
39	40	39
39	99	14
39	164	78
39	117	36
39	122	14
39	179	57
39	96	93
39	127	94
39	60	51
39	112	32
39	42	77
39	162	72
39	83	43
39	73	74
39	57	50
39	49	63
39	87	82
39	153	75
40	107	8
40	85	90
40	128	34
40	146	33
40	174	60
40	125	84
40	170	30
40	195	12
40	100	32
40	171	54
40	147	11
40	158	32
40	50	86
40	180	47
40	154	96
40	190	67
40	167	20
40	123	64
40	177	58
40	97	35
40	176	16
40	175	12
40	150	50
40	164	13
40	101	54
40	103	35
40	119	48
40	105	33
40	129	48
40	131	77
40	116	79
40	89	58
40	178	75
40	141	83
40	184	91
40	90	45
40	126	82
40	194	99
40	121	75
40	87	50
40	94	37
40	56	88
40	51	95
40	163	46
40	46	59
40	91	11
40	159	60
40	185	47
40	168	30
40	110	72
40	53	26
40	161	69
40	132	83
40	69	21
41	158	66
41	123	83
41	134	77
41	150	40
41	155	65
41	197	81
41	105	69
41	140	86
41	157	74
41	160	100
41	120	76
41	117	94
41	141	71
41	147	31
41	159	24
41	125	42
41	83	79
41	103	18
41	91	23
41	175	55
41	104	15
41	47	82
41	188	58
41	92	64
41	95	84
41	177	51
41	51	77
41	94	51
41	166	83
41	191	56
41	93	93
41	100	51
41	187	21
41	111	43
41	176	87
41	44	14
41	54	96
41	133	88
41	132	62
41	43	91
41	84	28
41	162	77
41	53	6
41	167	86
41	190	75
41	156	32
41	50	33
41	174	83
41	169	37
41	56	6
41	181	30
41	118	82
41	172	15
41	116	18
41	138	44
41	110	55
41	78	77
41	192	71
41	126	86
41	45	6
41	88	76
41	107	77
41	70	52
41	113	90
41	62	56
41	131	65
41	180	56
41	49	57
41	66	34
41	115	40
41	142	46
41	193	37
42	182	53
42	91	75
42	135	51
42	123	52
42	132	76
42	138	35
42	181	50
42	188	21
42	194	75
42	192	59
42	157	35
42	170	87
42	139	48
42	90	7
42	162	25
42	177	40
42	88	63
42	152	79
42	163	32
42	174	6
42	110	76
42	159	78
42	79	46
42	86	43
42	198	37
42	175	49
42	48	24
42	196	47
42	116	61
42	180	67
42	54	42
42	154	26
42	101	21
42	173	21
42	199	37
42	55	14
42	149	92
42	50	56
42	56	73
42	62	56
42	57	97
42	120	25
42	102	56
42	156	35
42	67	36
42	94	65
42	130	9
42	103	96
42	145	7
42	43	8
42	69	37
42	104	86
42	99	88
42	60	6
42	129	66
42	80	84
42	128	16
42	111	40
42	131	43
42	89	8
42	186	66
42	158	85
42	47	49
43	158	51
43	170	82
43	193	58
43	185	42
43	106	8
43	110	26
43	81	30
43	127	73
43	140	92
43	152	100
43	118	8
43	147	79
43	85	9
43	104	70
43	80	95
43	138	15
43	48	11
43	47	61
43	174	52
43	133	85
43	168	7
43	176	35
43	129	45
43	171	25
43	156	5
43	179	42
43	130	57
43	116	66
43	132	22
43	146	9
43	154	9
43	177	7
43	44	63
43	90	18
43	92	32
43	95	70
43	52	25
43	134	86
43	100	45
43	111	93
43	119	26
43	97	89
43	184	64
43	143	68
43	91	65
43	53	30
43	59	12
43	189	17
43	120	57
43	64	51
43	49	46
43	58	13
43	178	100
43	56	43
43	196	60
43	139	35
43	199	56
43	125	38
43	68	81
44	198	59
44	171	97
44	185	80
44	178	7
44	197	57
44	196	56
44	95	85
44	45	6
44	89	86
44	160	100
44	142	67
44	162	16
44	143	50
44	47	89
44	46	42
44	52	19
44	154	44
44	165	14
44	181	72
44	135	91
44	99	89
44	177	83
44	134	48
44	159	88
44	179	7
44	105	91
44	58	61
44	83	77
44	98	22
44	167	26
44	123	28
44	144	47
44	168	68
44	188	94
44	131	56
44	122	54
44	66	82
44	151	18
44	169	96
44	156	58
44	166	30
44	145	74
44	91	99
44	107	23
44	147	9
44	133	72
44	161	26
44	71	27
44	86	31
44	129	96
44	153	35
44	157	88
44	184	99
44	111	71
44	64	85
44	136	56
44	150	14
44	74	53
44	163	48
45	155	86
45	153	18
45	178	77
45	186	12
45	146	88
45	115	68
45	96	69
45	135	81
45	139	71
45	160	37
45	150	56
45	180	51
45	97	46
45	113	10
45	199	87
45	170	12
45	136	35
45	126	71
45	181	31
45	187	25
45	93	55
45	158	42
45	130	99
45	174	82
45	82	94
45	98	82
45	107	97
45	175	79
45	196	97
45	116	39
45	171	71
45	84	23
45	112	8
45	102	78
45	183	77
45	157	12
45	197	43
45	179	92
45	147	9
45	133	14
45	156	62
45	50	65
45	165	67
45	64	83
45	176	80
45	198	92
45	163	92
45	66	42
45	91	21
45	58	33
45	90	47
45	149	97
45	138	76
45	106	24
45	55	68
45	189	67
45	151	36
46	169	88
46	192	79
46	104	90
46	91	27
46	93	34
46	195	39
46	151	75
46	194	12
46	171	55
46	116	83
46	150	66
46	191	28
46	113	69
46	167	89
46	156	72
46	198	6
46	170	31
46	144	77
46	138	88
46	141	75
46	180	67
46	199	98
46	84	34
46	146	82
46	173	70
46	57	91
46	161	95
46	129	56
46	165	70
46	117	96
46	85	24
46	105	9
46	147	26
46	197	91
46	89	95
46	123	16
46	166	5
46	122	12
46	145	98
46	100	55
46	86	68
46	65	38
46	97	8
46	127	57
46	162	48
46	63	81
46	98	48
46	179	67
46	193	93
46	183	7
46	58	55
46	99	30
46	95	45
46	108	61
46	143	38
46	159	34
46	106	89
46	79	93
47	179	56
47	116	32
47	109	51
47	97	73
47	187	9
47	110	65
47	176	55
47	178	60
47	114	46
47	177	22
47	125	8
47	87	36
47	155	25
47	140	13
47	144	24
47	145	78
47	48	89
47	195	78
47	157	34
47	90	84
47	119	25
47	149	8
47	102	31
47	123	14
47	158	19
47	147	48
47	167	37
47	132	73
47	128	73
47	92	91
47	183	31
47	143	56
47	146	79
47	62	24
47	126	11
47	131	81
47	103	46
47	182	50
47	188	89
47	94	65
47	101	29
47	66	68
47	117	18
47	136	29
47	84	60
47	169	75
47	104	39
47	141	91
47	170	97
47	160	6
47	198	18
47	124	22
47	76	57
47	111	86
47	127	87
47	186	96
47	152	85
47	174	53
47	199	93
47	173	61
47	56	41
47	190	26
47	130	29
47	192	86
48	198	65
48	177	51
48	122	65
48	188	44
48	127	90
48	105	74
48	51	94
48	112	74
48	125	84
48	101	10
48	109	11
48	163	23
48	93	32
48	137	94
48	89	35
48	96	66
48	121	81
48	141	48
48	57	19
48	160	23
48	184	71
48	186	27
48	161	19
48	119	16
48	139	22
48	98	22
48	158	97
48	194	68
48	142	82
48	146	22
48	138	14
48	49	68
48	181	17
48	132	13
48	115	94
48	173	6
48	106	48
48	67	40
48	134	35
48	97	6
48	135	74
48	65	54
48	133	15
48	54	84
48	128	48
48	156	71
48	185	7
48	131	96
48	169	53
48	168	89
48	193	58
48	111	71
48	187	19
48	68	69
48	73	57
48	107	87
48	53	46
49	174	63
49	191	81
49	108	68
49	109	87
49	90	35
49	91	94
49	138	95
49	50	71
49	103	55
49	165	66
49	86	36
49	96	52
49	148	10
49	192	71
49	143	30
49	87	19
49	135	44
49	130	59
49	94	67
49	141	21
49	184	96
49	55	35
49	120	42
49	160	69
49	178	24
49	152	94
49	59	62
49	194	9
49	88	87
49	53	81
49	162	82
49	187	16
49	151	43
49	190	39
49	52	9
49	117	17
49	153	87
49	124	16
49	146	73
49	107	83
49	121	73
49	163	50
49	181	86
49	95	71
49	186	31
49	198	55
49	64	71
49	134	65
49	129	30
49	156	77
49	188	19
49	133	45
49	105	100
49	79	28
49	166	22
49	149	58
49	54	97
49	114	27
50	194	80
50	121	73
50	129	32
50	171	57
50	97	64
50	137	72
50	95	82
50	142	87
50	138	68
50	165	99
50	99	77
50	106	87
50	107	7
50	151	83
50	113	39
50	173	92
50	198	98
50	163	36
50	102	95
50	155	10
50	197	61
50	87	33
50	167	98
50	125	43
50	59	51
50	164	27
50	118	54
50	190	28
50	183	78
50	88	55
50	189	51
50	168	12
50	66	66
50	130	96
50	60	16
50	112	14
50	188	67
50	115	37
50	141	65
50	54	9
50	181	25
50	69	79
50	172	57
50	185	11
50	96	30
50	57	34
50	145	97
50	111	16
50	108	64
50	195	35
50	158	31
50	75	12
50	103	85
50	147	24
50	177	18
50	148	47
50	51	88
50	122	68
50	65	17
50	134	99
51	191	35
51	110	74
51	160	72
51	128	92
51	119	35
51	129	77
51	94	89
51	130	90
51	95	95
51	145	91
51	122	71
51	133	10
51	177	71
51	117	38
51	53	22
51	148	92
51	182	47
51	132	51
51	124	27
51	104	12
51	149	57
51	147	63
51	93	6
51	135	31
51	192	77
51	126	53
51	114	32
51	58	76
51	89	27
51	92	17
51	88	32
51	113	80
51	102	10
51	167	36
51	178	43
51	190	41
51	103	47
51	186	61
51	61	66
51	105	56
51	90	77
51	111	37
51	98	47
51	65	7
51	70	77
51	180	63
51	140	54
51	106	91
51	79	56
51	63	79
51	55	19
51	77	60
51	158	45
51	170	97
51	82	65
51	196	58
52	104	9
52	103	80
52	141	100
52	152	49
52	54	12
52	108	49
52	146	25
52	131	81
52	182	82
52	196	21
52	114	34
52	173	76
52	147	40
52	118	21
52	149	87
52	59	82
52	119	41
52	124	40
52	123	74
52	129	20
52	136	89
52	161	59
52	107	9
52	140	90
52	99	14
52	133	50
52	198	32
52	111	88
52	105	61
52	112	24
52	55	77
52	151	26
52	106	51
52	154	75
52	92	16
52	185	54
52	171	69
52	117	39
52	153	83
52	76	64
52	62	60
52	101	36
52	164	84
52	75	93
52	121	26
52	90	11
52	148	32
52	155	95
52	57	15
52	95	90
53	180	21
53	193	19
53	116	98
53	142	75
53	92	5
53	188	51
53	117	32
53	110	86
53	135	37
53	166	77
53	111	50
53	131	83
53	106	75
53	182	23
53	149	22
53	140	19
53	125	54
53	154	8
53	114	85
53	141	69
53	199	48
53	104	7
53	163	25
53	123	8
53	95	55
53	164	15
53	55	60
53	150	85
53	190	92
53	61	86
53	189	17
53	146	59
53	118	16
53	103	57
53	99	35
53	124	15
53	126	21
53	93	63
53	144	7
53	136	99
53	161	32
53	109	93
53	115	28
53	102	67
53	145	29
53	57	75
53	167	18
53	80	39
53	54	31
53	122	65
53	153	16
53	100	13
53	62	12
53	159	35
53	198	37
53	156	52
53	175	37
53	184	73
54	108	70
54	154	40
54	174	54
54	152	68
54	56	84
54	109	57
54	144	84
54	164	64
54	193	45
54	157	12
54	116	15
54	140	22
54	99	24
54	179	6
54	172	37
54	190	84
54	117	24
54	135	69
54	136	21
54	153	44
54	182	32
54	104	28
54	95	24
54	166	43
54	66	76
54	143	64
54	113	47
54	59	43
54	71	49
54	196	54
54	187	42
54	148	71
54	133	30
54	176	87
54	178	29
54	181	82
54	150	41
54	165	72
54	55	50
54	105	30
54	149	43
54	184	30
54	70	89
54	91	89
54	134	66
54	158	36
54	189	97
54	87	11
54	81	94
54	89	71
54	100	62
55	149	15
55	110	5
55	190	51
55	125	74
55	107	74
55	177	49
55	195	45
55	155	20
55	176	98
55	178	15
55	112	49
55	97	51
55	101	32
55	99	48
55	175	51
55	198	18
55	167	13
55	199	5
55	165	19
55	113	58
55	119	72
55	162	42
55	120	69
55	166	31
55	148	25
55	102	49
55	184	6
55	63	81
55	154	47
55	144	42
55	191	54
55	59	95
55	180	82
55	146	94
55	153	22
55	81	46
55	156	18
55	103	52
55	65	11
55	172	92
55	130	33
55	138	18
55	186	18
55	67	97
55	163	67
55	96	92
55	95	35
55	75	67
55	116	82
55	58	58
56	102	31
56	188	29
56	110	5
56	147	54
56	115	23
56	151	39
56	166	43
56	111	24
56	146	85
56	108	16
56	59	71
56	178	73
56	199	29
56	123	59
56	175	86
56	144	69
56	120	93
56	133	30
56	98	42
56	189	28
56	68	74
56	62	16
56	181	93
56	161	99
56	186	84
56	185	42
56	138	31
56	106	21
56	101	20
56	112	28
56	172	68
56	94	14
56	76	57
56	127	45
56	142	24
56	60	19
56	143	43
56	198	45
56	176	73
56	165	77
56	126	82
56	131	54
56	121	11
56	174	8
56	184	78
56	197	48
56	61	46
56	129	46
57	187	99
57	95	66
57	155	81
57	178	77
57	96	84
57	112	18
57	117	37
57	59	57
57	99	79
57	153	48
57	107	8
57	199	32
57	60	45
57	179	28
57	141	41
57	172	46
57	150	78
57	127	46
57	191	98
57	190	78
57	129	90
57	133	19
57	193	16
57	173	77
57	116	38
57	63	86
57	170	30
57	101	95
57	181	44
57	158	42
57	185	78
57	189	78
57	198	53
57	104	40
57	103	81
57	196	18
57	69	44
57	98	27
57	125	42
57	163	94
57	74	65
57	120	92
57	66	13
57	160	36
57	147	28
57	171	17
57	65	79
57	145	76
57	138	75
57	128	20
57	123	73
57	197	88
57	105	98
57	142	29
57	126	76
57	152	21
57	76	87
57	166	81
57	180	57
57	67	97
57	174	86
57	71	61
58	117	88
58	131	42
58	149	31
58	158	93
58	179	52
58	199	39
58	142	11
58	190	94
58	129	78
58	101	40
58	60	10
58	168	20
58	192	21
58	165	98
58	143	53
58	151	14
58	116	84
58	111	37
58	63	65
58	163	51
58	176	27
58	123	76
58	188	76
58	159	95
58	113	100
58	130	80
58	152	44
58	193	14
58	120	36
58	141	57
58	146	10
58	75	74
58	137	57
58	119	15
58	105	80
58	187	73
58	177	40
58	189	17
58	102	10
58	167	49
58	172	12
58	76	60
58	195	8
58	169	17
58	180	49
58	82	50
58	162	14
58	66	54
58	109	25
58	114	59
58	139	66
58	174	32
58	68	87
58	67	6
58	148	37
58	156	37
58	138	93
58	91	95
58	182	83
59	193	17
59	184	76
59	123	63
59	113	44
59	198	34
59	176	28
59	185	51
59	125	89
59	144	63
59	194	7
59	96	91
59	97	39
59	145	42
59	112	76
59	160	98
59	69	67
59	139	20
59	105	55
59	121	55
59	148	46
59	164	84
59	137	33
59	111	61
59	142	49
59	158	25
59	128	87
59	199	25
59	103	94
59	122	74
59	65	15
59	159	55
59	136	57
59	130	48
59	180	43
59	186	19
59	151	65
59	98	22
59	178	30
59	131	56
59	114	90
59	188	82
59	168	34
59	192	72
59	86	14
59	71	31
59	153	85
60	135	42
60	100	55
60	186	89
60	115	68
60	151	25
60	174	63
60	164	28
60	136	49
60	154	56
60	168	63
60	120	33
60	113	42
60	181	60
60	191	78
60	190	39
60	125	15
60	182	69
60	157	66
60	103	15
60	153	82
60	162	79
60	185	53
60	118	22
60	178	43
60	196	27
60	148	44
60	140	73
60	183	25
60	176	88
60	133	38
60	184	99
60	132	68
60	127	89
60	169	69
60	150	94
60	179	43
60	138	51
60	193	30
60	99	34
60	172	76
60	189	93
60	131	37
60	62	56
60	70	50
60	80	31
60	84	40
60	74	23
60	144	65
60	105	16
61	157	86
61	113	62
61	62	83
61	139	38
61	164	23
61	140	86
61	132	38
61	108	47
61	104	83
61	149	8
61	144	42
61	186	45
61	176	54
61	172	46
61	188	56
61	145	96
61	153	21
61	101	12
61	156	91
61	107	44
61	182	5
61	150	82
61	72	22
61	169	58
61	195	51
61	165	80
61	168	93
61	174	40
61	65	5
61	109	61
61	151	19
61	194	77
61	181	38
61	141	76
61	177	40
61	148	62
61	63	16
61	87	24
61	99	84
61	133	96
61	178	12
61	155	95
61	86	91
61	111	46
61	102	67
61	76	66
61	166	23
61	95	28
61	106	28
62	156	89
62	177	21
62	144	7
62	193	19
62	140	87
62	182	15
62	135	78
62	107	12
62	124	8
62	154	86
62	119	60
62	190	34
62	122	90
62	192	42
62	181	66
62	137	54
62	176	90
62	185	12
62	187	38
62	78	58
62	173	52
62	184	13
62	165	60
62	198	59
62	179	25
62	158	34
62	109	65
62	133	89
62	114	88
62	146	50
62	172	85
62	116	49
62	148	30
62	75	21
62	143	7
62	195	84
62	118	34
62	129	37
62	149	69
62	167	49
62	113	58
62	159	11
62	151	20
62	100	35
62	188	36
62	73	69
62	90	88
62	111	20
63	138	72
63	143	50
63	186	71
63	185	37
63	136	53
63	184	89
63	102	32
63	66	8
63	168	52
63	115	42
63	140	85
63	118	19
63	177	78
63	131	34
63	127	12
63	111	59
63	139	28
63	155	28
63	100	17
63	147	64
63	179	42
63	165	38
63	132	24
63	134	84
63	110	33
63	141	70
63	192	15
63	169	88
63	166	97
63	158	50
63	133	57
63	173	54
63	149	65
63	123	60
63	104	17
63	167	62
63	198	12
63	129	17
63	78	63
63	170	37
63	64	13
63	188	58
63	88	71
63	126	96
63	72	57
63	182	77
63	85	21
63	82	15
63	81	20
63	154	49
63	79	52
63	191	44
63	70	87
64	181	15
64	137	91
64	105	84
64	127	95
64	124	62
64	148	94
64	143	21
64	69	96
64	117	57
64	135	56
64	139	87
64	158	91
64	197	73
64	133	68
64	155	27
64	126	34
64	186	99
64	171	95
64	146	71
64	65	20
64	185	96
64	167	27
64	194	84
64	77	97
64	110	93
64	128	29
64	182	79
64	149	76
64	175	38
64	113	82
64	180	90
64	153	39
64	72	44
64	80	19
64	122	67
64	102	8
64	83	61
64	106	77
64	125	91
64	73	84
64	71	69
64	129	62
64	111	35
64	193	44
64	94	65
64	132	37
64	198	30
64	131	64
65	171	5
65	175	47
65	107	16
65	134	52
65	165	10
65	150	56
65	167	69
65	139	95
65	145	93
65	140	18
65	103	10
65	119	67
65	142	8
65	164	28
65	73	11
65	71	51
65	112	34
65	141	84
65	192	67
65	70	47
65	169	17
65	181	44
65	185	89
65	133	72
65	196	33
65	137	84
65	160	69
65	177	47
65	176	17
65	120	35
65	78	49
65	135	37
65	124	41
65	189	83
65	159	82
65	168	28
65	80	44
65	131	50
65	161	67
65	122	13
65	186	71
65	172	63
65	193	6
65	199	38
65	153	79
65	81	22
65	188	33
65	162	20
65	147	6
65	75	96
65	126	11
65	128	8
65	182	17
65	184	32
66	132	97
66	177	55
66	143	23
66	125	69
66	110	26
66	145	53
66	106	18
66	107	12
66	187	67
66	104	69
66	114	61
66	198	99
66	138	17
66	74	75
66	115	33
66	142	15
66	190	73
66	178	78
66	160	67
66	183	19
66	103	53
66	76	57
66	155	87
66	165	70
66	151	62
66	127	5
66	77	26
66	175	10
66	120	92
66	128	12
66	162	47
66	181	67
66	186	34
66	171	43
66	137	12
66	79	87
66	105	93
66	140	28
66	146	6
66	72	62
66	75	6
66	156	15
66	111	82
66	94	69
66	170	31
66	163	24
66	185	29
66	91	38
67	129	56
67	172	98
67	193	72
67	146	63
67	176	28
67	183	65
67	119	24
67	140	86
67	167	75
67	163	24
67	169	24
67	72	97
67	184	55
67	166	79
67	111	37
67	171	60
67	71	72
67	149	87
67	162	16
67	194	24
67	157	9
67	144	70
67	131	31
67	185	69
67	152	97
67	78	95
67	145	81
67	181	32
67	124	24
67	113	25
67	190	56
67	135	92
67	121	52
67	85	62
67	168	8
67	161	55
67	118	63
67	188	21
67	139	82
67	115	42
67	123	99
67	165	40
67	108	10
67	153	39
67	73	83
67	138	59
67	132	74
67	186	52
67	88	99
67	180	32
67	187	12
67	69	35
67	142	96
67	100	20
67	117	98
68	180	45
68	111	61
68	171	70
68	192	97
68	127	30
68	123	94
68	197	86
68	73	80
68	134	80
68	71	31
68	162	28
68	115	35
68	190	53
68	125	30
68	128	46
68	179	88
68	181	64
68	157	94
68	186	5
68	196	62
68	147	46
68	151	73
68	169	27
68	177	65
68	159	80
68	172	30
68	173	88
68	198	55
68	176	16
68	79	61
68	116	65
68	110	31
68	72	6
68	143	61
68	124	9
68	130	83
68	129	37
68	69	85
68	152	65
68	113	11
68	150	54
68	120	28
68	77	25
68	87	54
68	142	28
68	154	100
68	83	57
68	99	92
68	106	5
68	158	40
69	183	99
69	132	52
69	147	91
69	161	10
69	72	34
69	117	86
69	170	48
69	75	86
69	158	13
69	193	34
69	143	15
69	124	7
69	108	39
69	114	15
69	140	87
69	198	89
69	73	22
69	165	65
69	190	63
69	152	31
69	113	65
69	189	13
69	120	6
69	196	21
69	107	58
69	156	89
69	86	23
69	169	49
69	171	95
69	163	27
69	112	96
69	155	80
69	127	6
69	80	10
69	122	75
69	175	15
69	166	43
69	91	8
69	82	94
69	130	50
69	92	60
69	128	17
69	199	80
69	182	10
69	119	35
69	137	73
70	157	24
70	192	43
70	164	78
70	128	76
70	162	70
70	186	11
70	72	19
70	126	43
70	119	67
70	133	71
70	75	69
70	110	24
70	77	74
70	177	77
70	179	51
70	122	42
70	173	19
70	178	46
70	151	14
70	123	96
70	190	65
70	181	92
70	143	38
70	175	28
70	121	81
70	113	52
70	125	68
70	136	76
70	189	37
70	88	27
70	183	41
70	131	24
70	167	13
70	154	97
70	160	63
70	78	61
70	170	14
70	112	57
70	171	7
70	198	59
70	156	22
70	187	88
70	176	95
70	94	32
70	184	36
70	165	96
70	91	18
70	129	92
70	138	25
70	152	84
70	158	69
70	195	92
71	174	7
71	179	14
71	180	70
71	195	29
71	173	76
71	177	82
71	126	60
71	166	8
71	162	54
71	109	75
71	134	77
71	108	96
71	74	23
71	144	51
71	135	56
71	79	67
71	139	90
71	122	59
71	130	13
71	116	94
71	159	51
71	187	69
71	197	73
71	149	53
71	191	85
71	156	84
71	111	76
71	80	8
71	155	59
71	124	90
71	163	95
71	140	31
71	82	10
71	86	24
71	194	99
71	189	96
71	146	26
71	198	83
71	91	83
71	97	33
71	181	23
71	169	63
71	118	91
71	167	71
71	157	53
71	72	87
71	101	86
72	143	57
72	152	16
72	130	86
72	74	26
72	125	80
72	149	56
72	179	93
72	73	20
72	197	80
72	77	62
72	173	76
72	122	61
72	123	48
72	164	64
72	181	85
72	136	50
72	120	66
72	121	45
72	169	96
72	114	69
72	133	80
72	187	7
72	131	72
72	184	66
72	115	67
72	116	37
72	167	72
72	75	10
72	137	44
72	171	71
72	175	8
72	195	19
72	145	46
72	89	64
72	142	70
72	180	75
72	192	66
72	88	70
72	141	60
72	191	39
72	76	77
72	135	79
72	166	18
72	86	47
72	161	21
72	126	55
72	157	99
72	110	73
72	127	89
72	98	18
72	183	83
72	104	69
73	176	50
73	142	91
73	129	15
73	114	17
73	134	74
73	124	89
73	170	17
73	139	46
73	166	55
73	189	6
73	197	28
73	179	37
73	186	82
73	119	88
73	191	42
73	147	26
73	83	99
73	111	28
73	185	93
73	78	55
73	89	27
73	187	28
73	86	43
73	193	87
73	130	59
73	141	98
73	131	27
73	148	78
73	161	27
73	138	48
73	165	10
73	154	87
73	93	26
73	96	81
73	98	41
73	92	44
73	115	100
73	188	67
73	153	29
73	158	65
73	137	8
73	172	98
73	82	83
73	107	78
73	101	96
73	90	68
73	145	41
73	196	64
73	127	68
74	198	32
74	176	46
74	124	49
74	154	16
74	160	78
74	156	99
74	147	77
74	192	67
74	182	45
74	116	87
74	117	71
74	120	82
74	157	90
74	191	41
74	125	70
74	180	25
74	127	39
74	122	44
74	177	65
74	178	86
74	163	8
74	159	18
74	88	12
74	81	90
74	194	50
74	75	52
74	149	48
74	171	58
74	189	11
74	80	16
74	139	39
74	153	95
74	84	75
74	83	36
74	138	35
74	184	93
74	118	78
74	183	40
74	93	23
74	87	41
74	145	94
74	114	21
74	166	27
74	152	87
74	94	14
74	113	21
74	129	37
74	126	80
74	101	43
74	79	37
74	104	85
74	85	46
74	109	9
75	198	90
75	189	93
75	191	66
75	156	59
75	120	49
75	131	69
75	138	33
75	147	14
75	144	26
75	179	52
75	130	28
75	197	22
75	81	72
75	155	79
75	128	67
75	159	71
75	136	8
75	83	33
75	139	48
75	114	37
75	133	61
75	143	76
75	135	97
75	176	60
75	196	98
75	177	77
75	121	30
75	172	31
75	170	64
75	142	21
75	125	25
75	86	73
75	153	39
75	98	37
75	199	63
75	132	100
75	150	25
75	168	59
75	87	72
75	117	33
75	112	73
75	190	50
75	194	9
75	91	25
75	103	39
75	126	29
75	149	84
75	151	85
75	113	52
75	102	71
75	82	88
76	194	63
76	179	95
76	133	13
76	153	54
76	184	44
76	135	9
76	117	19
76	193	96
76	118	75
76	178	17
76	168	45
76	138	52
76	122	19
76	165	26
76	189	69
76	196	81
76	147	19
76	141	55
76	157	83
76	162	63
76	181	63
76	167	22
76	151	10
76	158	91
76	152	13
76	190	72
76	139	75
76	128	83
76	89	82
76	155	29
76	154	12
76	140	59
76	142	86
76	170	57
76	171	90
76	82	70
76	132	34
76	78	93
76	121	20
76	85	86
76	191	85
76	107	35
76	195	38
77	125	35
77	157	83
77	146	30
77	123	49
77	154	13
77	116	32
77	127	23
77	122	91
77	161	42
77	173	41
77	126	57
77	143	29
77	168	56
77	148	64
77	164	21
77	131	77
77	124	97
77	88	37
77	172	85
77	155	65
77	135	19
77	94	77
77	114	99
77	117	21
77	165	70
77	130	24
77	182	58
77	97	98
77	152	65
77	80	68
77	159	28
77	84	27
77	120	99
77	78	49
77	198	9
77	190	88
77	147	91
77	98	92
77	163	96
77	167	25
77	191	33
77	107	48
77	109	68
77	171	40
77	175	19
77	105	47
77	149	16
77	199	43
77	197	28
78	129	68
78	137	71
78	166	52
78	146	27
78	119	72
78	118	87
78	130	9
78	154	14
78	128	52
78	142	67
78	171	83
78	187	7
78	177	64
78	163	24
78	117	78
78	139	8
78	153	98
78	79	32
78	197	31
78	167	54
78	147	83
78	148	25
78	159	59
78	164	72
78	155	6
78	199	88
78	189	16
78	175	79
78	183	23
78	91	68
78	126	76
78	170	32
78	157	27
78	92	46
78	121	100
78	138	16
78	196	17
78	133	6
78	120	50
78	123	42
78	89	74
78	140	95
78	180	84
78	95	88
78	178	33
78	184	66
78	93	5
78	194	42
78	160	20
78	190	51
78	84	44
79	127	49
79	189	61
79	187	13
79	83	9
79	180	46
79	160	54
79	183	68
79	141	34
79	173	24
79	159	77
79	170	79
79	174	13
79	123	7
79	188	28
79	155	32
79	175	48
79	143	51
79	85	79
79	116	22
79	176	8
79	153	75
79	122	51
79	164	47
79	82	73
79	94	24
79	95	40
79	158	20
79	167	57
79	91	67
79	100	20
79	81	47
79	93	30
79	157	46
79	171	64
79	142	40
79	172	68
79	106	98
79	191	6
79	165	14
79	107	91
79	80	62
79	156	72
79	133	97
80	146	47
80	137	20
80	145	49
80	153	25
80	195	96
80	132	50
80	155	89
80	151	85
80	149	57
80	83	82
80	190	42
80	159	65
80	162	86
80	147	86
80	143	94
80	163	7
80	138	43
80	130	66
80	120	89
80	152	92
80	198	38
80	177	63
80	148	97
80	169	64
80	131	18
80	184	52
80	91	81
80	140	95
80	81	96
80	86	17
80	87	11
80	178	66
80	135	67
80	150	38
80	166	71
80	167	50
80	139	77
80	157	57
80	191	61
80	168	59
80	122	11
80	104	15
81	180	6
81	185	36
81	155	86
81	167	32
81	173	53
81	162	10
81	191	27
81	119	90
81	128	28
81	147	35
81	146	34
81	171	33
81	156	9
81	132	41
81	196	44
81	88	14
81	118	82
81	160	25
81	168	9
81	179	31
81	137	53
81	198	51
81	85	18
81	124	44
81	154	25
81	86	29
81	163	30
81	131	37
81	190	98
81	96	98
81	166	73
81	174	49
81	133	77
81	135	63
81	176	59
81	186	93
81	192	90
81	164	32
81	149	68
81	169	39
81	89	86
81	97	25
81	99	62
81	175	59
81	152	78
81	183	80
81	127	60
81	161	71
81	125	80
81	104	9
81	194	17
81	144	20
81	123	17
81	100	33
81	134	6
81	136	63
81	143	95
82	171	14
82	83	49
82	194	64
82	136	61
82	157	21
82	193	60
82	195	58
82	175	73
82	125	6
82	145	25
82	161	99
82	190	42
82	92	68
82	141	85
82	162	55
82	154	88
82	88	17
82	123	97
82	185	31
82	124	97
82	169	64
82	126	33
82	134	60
82	191	76
82	127	48
82	151	36
82	168	81
82	130	57
82	97	53
82	183	54
82	155	12
82	174	12
82	103	34
82	122	67
82	110	62
82	129	54
82	133	41
82	135	19
82	176	56
83	183	34
83	197	74
83	125	80
83	142	10
83	153	7
83	186	32
83	189	92
83	195	14
83	123	24
83	178	73
83	174	9
83	158	73
83	154	16
83	86	39
83	198	59
83	199	30
83	97	27
83	157	25
83	196	17
83	168	20
83	150	53
83	121	63
83	104	55
83	193	57
83	177	94
83	101	63
83	181	96
83	182	13
83	148	75
83	102	60
83	161	88
83	130	27
83	170	42
83	98	18
83	159	92
83	145	16
83	144	96
83	89	6
83	136	19
83	190	92
84	175	98
84	85	45
84	165	67
84	128	70
84	197	74
84	88	28
84	182	53
84	91	94
84	192	68
84	131	60
84	180	61
84	159	34
84	186	71
84	122	37
84	194	72
84	90	63
84	196	87
84	96	74
84	152	35
84	190	85
84	157	44
84	178	79
84	168	50
84	189	64
84	193	91
84	133	5
84	148	84
84	166	37
84	163	62
84	150	7
84	176	96
84	139	94
84	183	89
84	93	18
84	138	17
84	151	53
84	170	98
84	87	98
84	145	58
84	86	61
84	144	28
84	142	95
84	130	75
84	141	40
85	133	81
85	161	48
85	186	46
85	196	62
85	126	18
85	137	76
85	193	94
85	127	7
85	194	34
85	124	11
85	190	74
85	89	49
85	138	43
85	165	23
85	95	47
85	136	36
85	158	91
85	172	43
85	191	47
85	175	45
85	86	74
85	153	33
85	169	71
85	195	19
85	99	54
85	152	92
85	164	62
85	162	66
85	128	46
85	192	26
85	145	13
85	88	42
85	123	79
85	140	74
85	155	91
85	160	37
85	129	80
85	98	62
85	163	63
85	111	80
85	125	45
86	154	37
86	181	29
86	128	81
86	187	81
86	147	70
86	178	60
86	150	82
86	189	72
86	171	84
86	174	70
86	160	37
86	130	33
86	158	90
86	194	74
86	131	96
86	196	73
86	142	26
86	88	67
86	199	45
86	99	24
86	144	63
86	89	64
86	90	14
86	169	79
86	183	50
86	127	29
86	138	66
86	140	8
86	91	76
86	135	52
86	106	36
86	137	85
86	172	75
86	153	87
86	165	61
86	112	57
86	114	68
86	94	21
86	116	77
86	139	53
86	123	50
86	170	66
86	103	34
86	185	62
87	182	36
87	185	54
87	154	75
87	189	41
87	157	38
87	195	56
87	129	74
87	168	51
87	131	65
87	164	99
87	99	19
87	166	73
87	174	97
87	162	21
87	89	99
87	161	89
87	93	5
87	92	97
87	152	73
87	187	20
87	108	74
87	111	23
87	101	33
87	100	50
87	106	52
87	176	45
87	107	43
87	127	70
87	135	18
87	114	37
87	136	21
87	190	57
87	143	32
87	199	19
87	133	75
87	186	84
87	128	46
87	178	57
87	120	79
87	160	61
88	199	16
88	130	58
88	141	35
88	173	29
88	150	25
88	162	25
88	182	46
88	192	74
88	167	9
88	180	61
88	138	57
88	157	75
88	196	99
88	171	67
88	131	69
88	183	87
88	174	17
88	197	84
88	134	55
88	163	52
88	126	96
88	156	74
88	172	11
88	148	52
88	140	89
88	153	76
88	127	8
88	158	13
88	170	30
88	143	49
88	137	69
88	187	79
88	139	24
88	181	29
88	101	42
88	154	71
88	100	21
88	166	35
88	142	55
88	179	57
88	90	21
88	189	60
88	144	34
89	135	87
89	184	73
89	194	61
89	157	88
89	188	58
89	191	53
89	129	73
89	177	62
89	159	45
89	162	73
89	95	73
89	91	27
89	97	46
89	170	43
89	133	92
89	148	67
89	196	82
89	195	13
89	140	13
89	146	48
89	166	29
89	134	80
89	173	78
89	98	99
89	90	44
89	130	31
89	165	16
89	160	77
89	167	61
89	103	90
89	110	62
89	192	67
89	143	68
89	126	24
89	185	89
89	158	99
90	159	34
90	128	41
90	154	21
90	160	87
90	149	32
90	163	93
90	136	15
90	195	69
90	92	79
90	133	63
90	172	44
90	157	16
90	178	63
90	161	58
90	177	23
90	198	51
90	145	44
90	144	48
90	199	9
90	166	100
90	105	83
90	141	71
90	95	85
90	181	95
90	175	21
90	93	11
90	130	99
90	183	53
90	176	27
90	164	64
90	115	93
90	196	82
91	169	87
91	194	83
91	187	46
91	178	45
91	134	64
91	167	9
91	188	67
91	163	54
91	98	88
91	139	36
91	166	83
91	197	62
91	101	8
91	193	34
91	141	21
91	100	86
91	103	21
91	97	20
91	143	56
91	150	48
91	172	54
91	195	39
91	165	98
91	173	33
91	184	79
91	162	55
91	156	32
91	168	89
91	161	51
91	130	19
91	144	68
91	132	76
91	198	19
91	186	27
91	149	61
91	104	43
91	110	63
91	118	8
91	146	46
91	96	90
91	147	66
91	133	6
91	131	67
92	136	85
92	170	98
92	186	54
92	197	39
92	159	23
92	129	16
92	181	78
92	162	37
92	156	89
92	184	47
92	163	34
92	177	66
92	164	15
92	137	16
92	190	26
92	191	55
92	188	43
92	97	6
92	107	58
92	153	7
92	104	14
92	169	33
92	134	28
92	173	28
92	138	72
92	93	62
92	180	57
92	193	77
92	106	90
92	147	64
92	152	11
92	103	16
92	135	46
92	171	100
92	99	99
92	113	9
92	133	30
92	118	69
92	124	92
92	155	49
92	199	78
93	180	50
93	131	48
93	138	16
93	137	92
93	164	78
93	166	32
93	169	6
93	178	86
93	181	97
93	185	22
93	161	63
93	198	41
93	135	40
93	103	8
93	160	51
93	188	93
93	104	75
93	132	80
93	140	87
93	153	44
93	189	17
93	193	47
93	199	25
93	134	12
93	183	44
93	163	89
93	109	21
93	182	41
93	191	29
93	112	86
93	106	87
93	136	92
93	95	56
93	107	61
93	165	52
93	177	89
93	149	61
93	175	10
93	111	82
93	97	32
93	173	92
94	131	43
94	161	14
94	191	7
94	148	21
94	188	23
94	154	84
94	146	39
94	134	33
94	181	31
94	155	64
94	157	36
94	151	47
94	183	19
94	152	47
94	96	61
94	179	14
94	174	83
94	159	72
94	158	24
94	163	43
94	160	41
94	176	14
94	137	18
94	138	39
94	139	18
94	108	33
94	199	81
94	141	41
94	190	53
94	136	77
94	187	8
94	189	60
94	144	42
94	177	29
94	98	93
94	105	44
94	95	46
94	184	97
94	126	52
94	196	36
94	118	67
94	162	86
95	142	14
95	168	38
95	199	12
95	165	67
95	192	58
95	147	21
95	173	88
95	193	51
95	186	48
95	174	64
95	166	83
95	172	29
95	134	90
95	146	21
95	133	19
95	148	34
95	198	45
95	163	56
95	154	29
95	160	46
95	152	36
95	157	62
95	191	19
95	97	40
95	110	50
95	96	100
95	151	66
95	139	51
95	178	78
95	136	47
95	114	92
95	167	11
95	120	58
95	155	86
95	102	86
95	112	49
95	169	64
95	137	70
95	117	30
95	181	82
95	106	42
96	156	12
96	172	61
96	171	79
96	174	26
96	188	13
96	182	58
96	180	17
96	100	93
96	167	51
96	170	71
96	183	75
96	175	90
96	185	65
96	190	55
96	195	58
96	109	85
96	106	10
96	107	84
96	179	72
96	184	68
96	193	31
96	196	12
96	153	65
96	149	97
96	155	97
96	104	23
96	120	49
96	116	39
96	103	47
96	151	29
96	137	89
96	181	69
96	194	8
96	169	45
96	173	56
96	192	33
96	142	20
96	126	34
96	148	56
97	134	10
97	151	78
97	146	27
97	190	28
97	139	5
97	158	31
97	136	23
97	103	16
97	193	91
97	141	52
97	191	64
97	199	47
97	167	46
97	168	67
97	111	68
97	144	26
97	188	73
97	145	13
97	174	18
97	183	37
97	160	95
97	108	17
97	184	55
97	161	24
97	196	70
97	122	30
97	137	23
97	127	64
97	138	97
97	182	93
97	120	18
97	180	16
98	144	73
98	195	83
98	140	55
98	194	93
98	191	37
98	109	98
98	146	22
98	164	85
98	152	50
98	176	60
98	104	95
98	153	25
98	182	58
98	103	75
98	161	46
98	105	47
98	99	23
98	102	7
98	149	84
98	113	28
98	155	43
98	185	29
98	115	11
98	137	45
98	162	90
98	181	97
98	189	32
98	135	42
98	122	14
98	132	6
99	176	18
99	147	61
99	169	41
99	167	53
99	183	62
99	195	14
99	156	42
99	102	45
99	164	86
99	191	77
99	108	76
99	168	36
99	106	8
99	193	89
99	179	33
99	113	90
99	161	60
99	186	26
99	192	64
99	173	55
99	136	78
99	163	91
99	115	29
99	116	67
99	153	54
99	194	52
99	160	70
99	119	69
99	190	89
99	184	57
99	104	94
99	103	9
99	175	33
99	180	20
99	150	64
99	123	64
99	172	94
99	178	91
99	158	54
100	186	25
100	196	50
100	195	63
100	197	96
100	178	30
100	138	53
100	147	29
100	185	11
100	176	80
100	142	47
100	140	42
100	149	5
100	151	10
100	187	90
100	115	80
100	157	99
100	165	84
100	146	55
100	163	78
100	109	86
100	122	36
100	158	15
100	159	43
100	114	32
100	118	40
100	143	21
100	106	42
100	102	5
100	119	20
100	127	11
100	111	49
100	162	54
100	175	18
100	192	19
100	177	38
100	180	59
101	166	58
101	198	71
101	182	22
101	188	78
101	174	35
101	192	98
101	190	6
101	109	26
101	112	21
101	110	32
101	197	24
101	180	37
101	149	25
101	108	55
101	157	10
101	151	54
101	167	28
101	186	30
101	177	61
101	179	63
101	147	13
101	184	24
101	113	62
101	115	45
101	138	93
101	142	10
101	155	94
101	178	86
101	199	92
101	150	37
101	152	64
101	120	53
101	104	89
101	145	97
101	144	23
101	140	81
101	133	97
101	194	10
102	163	49
102	168	61
102	103	71
102	162	16
102	157	49
102	154	49
102	159	29
102	105	27
102	110	82
102	188	48
102	156	56
102	192	8
102	184	55
102	144	77
102	186	96
102	165	61
102	114	33
102	183	89
102	160	85
102	177	85
102	104	43
102	118	52
102	193	33
102	117	8
102	142	50
102	141	8
102	153	16
102	107	80
102	146	60
102	180	77
102	195	40
102	132	82
103	193	48
103	186	91
103	161	76
103	198	9
103	156	100
103	142	82
103	174	70
103	176	18
103	173	88
103	181	86
103	188	15
103	151	99
103	106	79
103	112	25
103	105	75
103	141	63
103	171	92
103	162	95
103	147	58
103	185	83
103	189	60
103	175	64
103	169	38
103	111	88
103	152	58
103	197	32
103	120	89
103	123	53
103	127	99
103	109	49
103	116	38
103	117	45
104	157	75
104	171	69
104	166	26
104	174	65
104	148	46
104	159	60
104	185	37
104	192	21
104	107	34
104	158	18
104	195	96
104	183	63
104	173	18
104	117	96
104	193	88
104	142	51
104	184	52
104	147	38
104	109	6
104	178	58
104	190	75
104	168	24
104	156	38
104	146	15
104	189	93
104	188	76
104	112	81
104	105	87
105	182	95
105	170	7
105	106	29
105	175	90
105	172	39
105	111	8
105	165	94
105	184	54
105	177	30
105	191	36
105	169	31
105	163	76
105	188	87
105	149	90
105	158	15
105	109	76
105	183	6
105	166	17
105	114	62
105	110	97
105	113	23
105	108	78
105	194	89
105	189	68
105	174	47
105	118	23
105	164	69
105	179	73
105	129	43
105	196	77
105	150	23
105	197	98
105	142	79
105	192	9
105	187	70
105	121	67
105	145	40
105	193	57
105	140	17
105	155	75
105	167	22
106	144	76
106	157	45
106	146	11
106	191	65
106	169	14
106	173	30
106	118	38
106	179	95
106	112	64
106	170	84
106	172	86
106	192	23
106	115	8
106	119	13
106	160	63
106	163	51
106	167	91
106	194	61
106	187	17
106	108	9
106	107	73
106	171	31
106	178	18
106	193	19
106	199	69
106	128	7
106	198	16
106	164	83
106	195	39
106	110	99
106	159	92
106	149	73
106	127	72
106	137	95
106	148	63
106	111	37
106	131	21
106	186	24
107	186	40
107	192	7
107	174	72
107	193	99
107	165	75
107	184	56
107	199	42
107	167	70
107	170	53
107	148	31
107	112	18
107	171	88
107	175	60
107	151	36
107	117	39
107	120	52
107	146	14
107	113	34
107	122	22
107	187	97
107	114	71
107	125	83
107	185	8
107	128	95
107	173	47
107	154	56
107	155	94
107	110	84
107	150	40
107	176	36
107	159	79
107	121	16
107	133	81
107	149	96
107	179	77
107	190	44
108	152	78
108	156	75
108	168	22
108	189	55
108	146	36
108	174	80
108	145	31
108	198	18
108	192	52
108	181	32
108	163	92
108	167	13
108	185	92
108	166	53
108	184	7
108	160	35
108	182	82
108	110	12
108	112	8
108	153	6
108	147	82
108	162	91
108	176	47
108	132	9
108	135	52
108	157	36
108	195	49
108	190	37
108	120	90
108	113	60
108	119	64
108	178	12
109	191	96
109	173	12
109	149	17
109	180	47
109	146	71
109	147	71
109	166	25
109	183	90
109	114	27
109	160	64
109	150	38
109	117	78
109	177	50
109	172	97
109	190	22
109	189	20
109	197	85
109	187	14
109	156	26
109	119	51
109	148	9
109	163	51
109	157	94
109	162	86
109	116	97
109	170	62
109	131	33
109	182	45
109	178	37
109	158	76
109	167	68
110	171	29
110	113	13
110	178	97
110	194	27
110	121	88
110	199	71
110	193	97
110	198	47
110	125	66
110	163	87
110	192	63
110	156	22
110	162	52
110	167	7
110	128	96
110	148	30
110	129	56
110	134	83
110	161	100
110	147	46
110	170	36
110	119	10
110	169	92
110	195	82
110	173	41
110	114	49
111	181	43
111	166	74
111	169	89
111	180	97
111	185	72
111	159	16
111	191	38
111	193	87
111	178	70
111	149	9
111	176	95
111	162	59
111	194	37
111	174	92
111	167	25
111	161	79
111	177	20
111	171	9
111	126	9
111	135	94
111	129	38
111	189	12
111	112	50
111	139	39
111	128	94
111	127	38
111	134	13
111	113	100
111	157	43
112	156	68
112	180	47
112	171	10
112	168	12
112	162	96
112	185	68
112	186	99
112	194	65
112	154	39
112	182	62
112	178	66
112	113	26
112	150	16
112	125	22
112	195	97
112	123	68
112	116	6
112	192	97
112	124	60
112	183	15
112	129	73
112	115	59
112	132	93
112	184	15
112	172	50
112	199	63
112	120	74
112	174	60
112	144	85
113	174	45
113	169	68
113	157	16
113	151	91
113	118	12
113	192	85
113	196	58
113	167	57
113	180	59
113	190	10
113	126	77
113	156	15
113	199	21
113	188	58
113	186	35
113	122	90
113	165	32
113	181	40
113	162	86
113	154	88
113	182	50
113	155	65
113	176	26
113	143	86
113	119	56
113	129	62
113	135	53
114	158	49
114	170	10
114	163	67
114	192	55
114	185	9
114	153	65
114	173	38
114	167	32
114	157	17
114	183	49
114	166	51
114	191	15
114	168	50
114	182	38
114	184	97
114	186	24
114	162	87
114	137	63
114	118	82
114	165	60
114	195	86
114	120	28
114	193	87
114	121	65
114	179	81
114	145	31
115	155	98
115	190	91
115	175	70
115	185	93
115	162	97
115	153	6
115	199	26
115	116	71
115	173	49
115	124	83
115	188	19
115	179	26
115	176	57
115	152	98
115	128	93
115	191	20
115	195	51
115	159	81
115	182	12
115	187	18
115	118	82
115	125	45
115	140	34
115	184	98
115	141	58
115	126	22
115	174	61
115	170	62
115	196	27
115	186	93
115	160	99
115	129	89
115	183	11
116	196	54
116	154	83
116	194	80
116	174	65
116	190	81
116	197	70
116	199	40
116	158	26
116	119	48
116	159	64
116	156	55
116	177	7
116	173	49
116	122	43
116	191	68
116	126	11
116	124	30
116	179	62
116	132	57
116	160	16
116	198	12
116	127	28
116	165	35
116	135	13
116	117	44
116	129	66
116	141	58
116	187	88
116	166	79
116	131	54
116	138	16
116	155	69
116	120	86
116	170	92
116	130	74
117	169	36
117	190	39
117	185	71
117	156	23
117	194	86
117	179	96
117	186	77
117	175	5
117	155	78
117	187	74
117	181	9
117	199	37
117	167	58
117	166	43
117	180	28
117	174	24
117	159	50
117	178	6
117	120	54
117	188	20
117	137	91
117	160	23
117	176	60
117	172	65
117	140	15
117	193	24
117	173	36
117	163	34
117	118	80
118	167	28
118	184	67
118	192	52
118	168	26
118	193	23
118	178	50
118	165	24
118	198	33
118	126	60
118	185	62
118	123	89
118	156	37
118	197	95
118	127	37
118	125	74
118	169	42
118	176	91
118	181	32
118	196	27
118	141	35
118	164	44
118	183	6
118	134	51
118	182	35
118	119	50
118	160	73
118	155	19
118	199	42
118	122	58
118	152	71
118	175	43
118	170	49
118	131	92
119	188	86
119	122	81
119	168	69
119	165	43
119	195	55
119	158	15
119	167	67
119	164	13
119	182	6
119	175	18
119	131	68
119	173	70
119	190	81
119	135	97
119	169	45
119	157	74
119	196	94
119	161	32
119	134	90
119	171	34
120	166	36
120	172	46
120	175	93
120	193	84
120	174	19
120	182	51
120	185	79
120	179	59
120	188	10
120	130	96
120	122	74
120	134	8
120	140	97
120	198	45
120	160	11
120	176	75
120	123	7
120	125	14
120	132	38
120	145	13
120	127	87
120	163	36
120	121	19
120	157	90
120	171	56
120	131	47
120	159	30
120	137	33
120	156	43
121	188	34
121	160	65
121	179	58
121	180	46
121	185	31
121	163	12
121	171	79
121	177	88
121	181	43
121	166	7
121	165	86
121	159	36
121	161	6
121	132	11
121	136	58
121	141	95
121	194	93
121	144	85
121	148	80
121	164	62
121	145	43
121	187	12
121	162	27
122	175	92
122	176	26
122	179	67
122	173	46
122	196	92
122	169	28
122	184	79
122	159	9
122	197	66
122	195	76
122	126	14
122	174	70
122	170	11
122	191	10
122	129	91
122	185	63
122	190	44
122	135	70
122	192	83
122	194	20
122	182	43
122	183	94
122	138	57
122	167	88
122	137	68
122	124	37
122	150	19
122	151	82
122	161	17
123	191	92
123	173	64
123	167	49
123	187	11
123	193	94
123	124	32
123	134	21
123	129	56
123	139	6
123	127	39
123	194	51
123	133	36
123	188	86
123	184	35
123	138	81
123	172	28
123	177	12
123	178	96
123	179	62
123	160	13
123	183	87
123	162	24
123	165	97
123	136	65
123	171	5
123	145	7
124	176	77
124	178	99
124	183	98
124	172	37
124	180	46
124	184	57
124	188	32
124	191	37
124	175	51
124	177	80
124	142	52
124	138	68
124	139	47
124	152	97
124	163	98
124	149	59
124	145	16
124	192	87
124	125	33
124	195	11
124	133	93
124	197	89
124	193	72
125	167	24
125	188	82
125	189	84
125	199	72
125	176	96
125	165	76
125	163	36
125	182	8
125	197	13
125	198	27
125	173	62
125	127	95
125	135	13
125	140	84
125	181	69
125	136	24
125	195	37
125	166	60
125	168	15
125	180	15
125	129	87
125	183	58
125	132	23
125	185	75
125	139	76
125	178	96
125	155	65
126	172	59
126	185	82
126	170	78
126	199	43
126	184	67
126	168	59
126	183	99
126	178	38
126	164	31
126	139	98
126	188	25
126	163	17
126	182	16
126	191	11
126	166	83
126	177	47
126	192	60
126	142	36
126	194	21
126	148	76
126	180	89
126	179	70
126	136	65
126	133	56
126	189	41
127	190	75
127	184	64
127	130	24
127	131	60
127	168	75
127	169	78
127	185	15
127	173	30
127	129	69
127	167	95
127	176	23
127	182	57
127	196	41
127	137	89
127	152	9
127	139	40
127	135	51
127	195	69
127	174	36
128	195	21
128	177	41
128	191	31
128	193	69
128	167	41
128	135	38
128	132	19
128	168	8
128	137	65
128	166	97
128	173	30
128	187	22
128	139	52
128	183	38
128	146	82
128	181	19
128	165	94
128	134	66
128	184	96
128	136	47
128	154	7
128	152	54
128	141	94
128	178	23
128	129	26
128	198	75
128	144	70
129	178	30
129	191	15
129	185	20
129	182	50
129	194	82
129	135	92
129	173	11
129	188	76
129	170	43
129	198	42
129	132	56
129	137	52
129	181	41
129	189	73
129	131	33
129	134	39
129	183	45
129	141	20
129	199	70
129	142	36
129	130	42
129	167	12
129	197	75
129	146	28
129	143	8
129	152	67
129	168	77
129	190	46
129	193	82
129	140	34
129	175	85
129	176	83
129	153	63
130	168	38
130	174	92
130	169	94
130	171	83
130	192	33
130	180	29
130	133	37
130	193	82
130	143	86
130	178	79
130	184	91
130	185	64
130	167	18
130	175	53
130	196	95
130	152	85
130	176	96
130	197	42
130	136	27
130	159	63
131	177	57
131	178	33
131	186	23
131	198	41
131	170	87
131	143	5
131	190	70
131	139	82
131	171	98
131	172	21
131	192	50
131	137	55
131	156	58
131	185	7
131	144	39
131	182	80
131	136	78
131	134	10
131	197	62
132	180	11
132	187	88
132	192	31
132	182	82
132	190	73
132	142	31
132	178	41
132	139	33
132	198	30
132	179	92
132	133	90
132	147	96
132	194	72
132	193	33
132	149	63
132	196	39
132	185	98
132	146	32
132	181	69
133	184	54
133	171	9
133	181	71
133	134	40
133	142	34
133	187	15
133	150	63
133	146	23
133	154	13
133	186	13
133	145	79
133	148	86
133	189	96
133	190	55
133	170	67
133	174	72
133	141	39
133	183	26
133	180	89
133	138	10
134	173	37
134	194	93
134	142	49
134	193	62
134	187	66
134	171	57
134	145	87
134	135	37
134	136	30
134	176	77
134	153	66
134	158	9
134	197	31
134	177	20
134	163	99
134	192	63
135	189	68
135	173	44
135	176	65
135	199	31
135	186	24
135	172	41
135	145	34
135	179	21
135	196	43
135	197	55
135	198	30
135	140	24
135	151	42
135	178	31
135	144	62
135	185	6
135	175	35
135	141	70
135	194	13
135	169	30
135	157	88
135	167	45
136	196	70
136	174	12
136	179	98
136	175	45
136	139	98
136	198	63
136	192	71
136	183	8
136	143	24
136	144	53
136	181	48
136	186	68
136	184	78
136	163	20
136	193	69
136	157	44
136	154	58
137	195	12
137	187	32
137	199	70
137	188	80
137	182	43
137	147	55
137	177	56
137	141	63
137	151	32
137	185	9
137	145	28
137	158	52
137	176	82
137	155	87
137	144	83
137	189	21
137	138	60
137	150	65
137	197	81
137	175	67
138	192	72
138	182	23
138	176	5
138	193	27
138	177	54
138	180	27
138	150	88
138	189	50
138	147	96
138	157	75
138	187	8
138	179	84
138	181	96
138	142	62
138	191	52
138	156	26
138	184	13
138	163	30
139	189	82
139	180	10
139	177	22
139	191	63
139	193	64
139	151	71
139	176	58
139	187	15
139	149	69
139	148	63
139	199	25
139	183	56
139	198	21
139	156	44
139	164	79
140	191	23
140	187	78
140	196	58
140	142	49
140	151	56
140	185	88
140	194	43
140	177	6
140	197	56
140	150	89
140	178	22
140	148	51
140	193	45
140	149	71
140	146	12
140	154	31
141	189	90
141	148	66
141	195	67
141	144	41
141	145	55
141	146	15
141	147	61
141	143	38
141	151	44
141	161	84
141	163	81
141	199	97
141	194	48
141	153	44
141	158	50
141	182	81
141	187	67
141	149	17
142	185	60
142	183	82
142	186	58
142	180	87
142	190	44
142	188	45
142	161	37
142	150	71
142	155	25
142	179	49
142	147	49
142	159	77
142	164	12
142	181	83
142	173	24
142	165	34
142	170	43
142	162	69
143	189	38
143	190	25
143	195	32
143	182	59
143	180	58
143	147	19
143	152	89
143	191	22
143	159	68
143	198	32
143	184	55
143	197	48
143	144	79
143	156	81
143	185	50
144	193	17
144	147	94
144	188	92
144	189	33
144	148	94
144	196	24
144	182	46
144	192	11
144	155	92
144	163	66
144	168	97
144	158	39
144	152	6
144	153	48
144	165	64
144	151	68
144	167	30
144	160	62
144	199	84
145	198	41
145	182	12
145	185	96
145	153	31
145	184	41
145	157	71
145	156	52
145	148	56
145	183	31
145	191	87
145	186	33
145	162	11
145	172	55
145	163	35
145	177	13
145	187	60
145	189	95
146	190	19
146	183	73
146	192	55
146	198	43
146	153	80
146	150	95
146	194	70
146	189	62
146	161	10
146	165	50
146	195	89
146	162	15
146	166	59
146	152	78
146	163	39
146	147	87
146	187	52
146	191	39
146	185	14
146	168	21
146	164	69
146	149	37
146	172	84
147	198	41
147	196	32
147	158	33
147	153	33
147	149	8
147	194	76
147	186	14
147	150	47
147	155	67
147	163	50
147	197	61
147	157	39
147	190	21
147	167	25
147	185	49
147	173	20
147	192	67
148	195	70
148	185	24
148	198	63
148	152	71
148	191	79
148	149	41
148	164	47
148	154	78
148	155	33
148	166	99
148	168	10
148	161	52
148	186	53
148	194	81
148	153	28
148	173	45
148	199	96
148	171	8
148	156	80
148	183	19
149	199	73
149	198	24
149	190	83
149	158	72
149	156	9
149	159	67
149	160	62
149	169	31
149	166	91
149	153	34
149	164	70
149	177	83
149	186	41
149	191	11
149	195	40
149	188	53
150	192	11
150	189	49
150	152	99
150	199	58
150	166	55
150	198	82
150	191	65
150	154	66
151	196	62
151	189	59
151	153	72
151	158	20
151	193	83
151	188	65
151	174	68
151	190	39
151	159	41
151	164	89
151	169	73
151	194	72
151	176	94
152	190	61
152	192	89
152	193	51
152	159	28
152	195	7
152	161	91
152	154	30
152	170	78
152	166	25
152	155	15
152	189	15
152	165	46
152	175	45
152	179	70
152	164	35
152	197	24
153	192	12
153	154	93
153	194	22
153	168	61
153	167	73
153	156	8
153	190	79
153	173	49
153	175	49
153	197	61
154	196	47
154	164	26
154	165	71
154	191	74
154	157	11
154	193	67
154	155	26
154	171	80
154	175	40
154	160	8
154	185	29
154	187	96
155	162	96
155	167	49
155	197	84
155	161	15
155	198	64
155	158	71
155	195	60
155	157	22
155	177	19
155	179	67
155	173	51
155	183	76
155	174	42
155	172	35
155	170	32
155	185	48
156	159	82
156	165	7
156	164	36
156	160	37
156	157	78
156	195	67
156	197	30
156	173	50
156	196	83
156	166	68
156	183	23
156	181	15
157	162	71
157	197	40
157	167	24
157	170	53
157	195	53
157	174	85
157	196	36
158	198	50
158	161	16
158	195	9
158	169	29
158	196	8
158	172	56
158	197	85
158	164	98
158	178	54
158	173	49
158	176	33
158	166	38
158	171	73
158	180	76
158	191	6
159	169	21
159	162	62
159	177	85
159	161	49
159	173	25
159	167	27
159	175	11
159	163	37
160	166	69
160	169	47
160	164	92
160	163	9
160	173	59
160	198	43
160	184	52
160	168	34
160	161	50
160	174	86
160	180	49
161	167	21
161	173	92
161	171	69
161	182	74
161	175	97
161	185	63
161	180	13
161	162	47
161	194	21
161	184	13
162	199	8
162	163	58
162	165	85
162	166	26
162	185	86
162	170	88
162	174	42
162	188	7
162	171	65
163	164	23
163	165	52
163	170	71
163	180	69
163	169	24
163	171	71
163	174	64
163	179	27
163	181	63
163	187	70
163	168	25
163	166	68
164	173	51
164	167	15
164	170	68
164	179	35
164	176	67
164	188	92
164	192	18
164	171	80
164	180	22
164	177	84
164	169	7
164	185	91
164	194	66
165	166	34
165	184	24
165	172	5
165	173	100
165	168	57
165	182	33
165	185	97
165	193	34
165	170	10
165	189	42
166	183	17
166	173	67
166	171	67
166	177	39
166	186	88
166	174	89
166	172	45
166	179	90
166	195	93
166	184	9
166	182	80
166	187	52
166	170	60
167	169	93
167	170	77
167	180	33
167	187	68
167	183	21
167	182	40
167	194	27
168	172	97
168	179	25
168	184	56
168	186	27
168	178	71
168	169	64
168	196	80
169	177	84
169	175	88
169	182	55
169	176	38
169	196	34
169	189	31
169	192	20
169	173	92
169	183	13
170	177	74
170	173	40
170	184	87
170	180	68
170	181	5
170	188	62
171	179	41
171	175	21
171	187	29
171	195	18
171	184	98
172	173	87
172	175	68
172	184	14
172	183	44
172	178	28
172	185	16
172	181	91
172	191	13
172	198	52
172	189	53
173	176	48
173	180	54
173	177	42
173	179	74
173	186	39
173	195	72
173	191	16
173	193	32
173	199	34
173	183	84
173	181	35
173	184	67
174	179	7
174	176	37
174	184	60
174	181	21
174	183	33
175	176	14
175	179	58
175	193	20
175	184	25
175	199	94
175	180	67
175	177	24
176	181	90
176	180	49
176	182	31
176	184	20
176	190	70
176	178	53
176	194	23
176	188	9
176	191	56
176	189	98
177	184	61
177	192	7
177	186	6
177	181	93
177	189	35
178	186	60
178	191	70
178	192	28
179	181	68
179	182	47
179	187	98
179	189	98
179	192	56
179	188	91
179	191	9
180	192	67
180	197	66
180	184	81
180	191	63
180	188	68
180	189	66
181	183	88
181	185	51
181	192	85
181	193	26
181	187	34
181	191	60
182	195	79
182	197	82
182	183	91
182	194	50
182	198	44
182	184	56
182	196	7
183	185	88
183	186	43
183	199	32
183	192	86
183	193	79
183	198	18
184	187	16
184	186	40
184	193	75
184	191	18
184	190	70
185	187	38
185	190	65
185	192	79
185	197	19
185	188	20
185	194	36
185	189	72
185	198	24
185	193	13
186	198	18
186	189	65
186	195	80
186	191	89
186	187	5
187	189	27
187	191	63
187	194	82
187	199	73
188	192	32
188	193	15
188	194	25
188	191	48
188	195	38
189	190	8
189	196	81
189	194	92
189	191	80
189	198	85
190	197	58
190	194	66
190	196	24
190	198	34
190	195	93
191	194	38
191	197	13
191	195	37
191	193	38
192	196	75
192	197	71
192	194	12
193	195	87
193	197	22
194	198	69
194	196	80
195	198	22
195	196	16
196	199	25
197	199	88
197	198	54
