NAME: W_SPARSE_200_93
n: 200
m: 9200
0	50	44
0	150	84
0	54	12
0	127	8
0	92	84
0	133	8
0	131	24
0	143	37
0	137	19
0	114	62
0	81	53
0	111	90
0	145	38
0	7	42
0	151	99
0	85	7
0	68	43
0	9	78
0	86	38
0	93	39
0	105	73
0	191	23
0	126	13
0	128	76
0	88	75
0	12	78
0	107	56
0	193	78
0	60	23
0	48	37
0	108	48
0	102	85
0	76	7
0	96	98
0	83	78
0	59	85
0	192	69
0	62	10
0	80	86
0	125	14
0	199	7
0	57	93
0	18	34
0	98	59
0	129	75
0	90	42
0	112	84
0	138	57
0	67	10
0	73	96
0	180	70
0	152	50
0	153	47
0	15	43
0	51	31
0	97	8
0	87	62
0	175	72
0	91	72
0	197	93
0	84	43
0	6	58
0	173	33
0	185	6
0	103	65
0	4	12
0	140	97
0	72	11
0	100	78
0	29	65
0	58	35
0	118	63
0	21	89
0	115	15
0	71	24
0	178	85
0	77	80
0	142	40
0	176	100
0	37	84
0	34	72
0	53	31
0	66	50
0	27	53
0	49	12
0	121	47
0	120	10
0	109	39
0	89	65
0	56	50
0	130	23
0	8	47
0	61	7
0	20	18
0	65	77
0	161	57
1	137	24
1	92	44
1	129	64
1	153	61
1	84	35
1	58	12
1	105	95
1	119	9
1	81	63
1	122	54
1	117	40
1	51	44
1	63	11
1	95	7
1	152	83
1	2	74
1	66	59
1	109	29
1	113	46
1	101	47
1	116	53
1	87	77
1	54	87
1	114	98
1	145	95
1	4	96
1	98	26
1	194	39
1	121	63
1	11	63
1	133	84
1	100	76
1	151	14
1	148	40
1	104	58
1	48	64
1	103	40
1	69	92
1	49	84
1	67	80
1	149	15
1	7	97
1	193	80
1	93	96
1	15	94
1	111	92
1	99	88
1	17	95
1	76	9
1	77	28
1	82	44
1	86	35
1	177	39
1	5	94
1	91	66
1	187	68
1	97	88
1	185	42
1	19	43
1	10	50
1	16	40
1	150	21
1	143	69
1	94	36
1	14	20
1	28	86
1	70	78
1	25	13
1	178	33
1	21	12
1	34	76
1	106	23
1	141	57
1	61	84
1	30	68
1	115	17
1	56	18
1	124	39
1	23	84
1	170	33
1	134	70
1	6	72
1	112	64
1	79	46
1	172	97
1	184	68
1	164	38
1	175	55
1	125	78
1	144	54
1	60	83
1	41	37
1	31	83
2	148	37
2	90	50
2	67	96
2	92	66
2	120	20
2	60	58
2	149	54
2	124	63
2	66	53
2	87	55
2	6	82
2	106	8
2	107	43
2	129	41
2	135	98
2	97	91
2	10	56
2	11	85
2	115	42
2	77	72
2	140	19
2	102	39
2	83	31
2	147	88
2	104	50
2	123	98
2	142	25
2	5	57
2	57	46
2	49	54
2	103	54
2	128	9
2	133	88
2	93	39
2	69	90
2	111	55
2	64	81
2	4	27
2	143	56
2	130	93
2	131	26
2	186	41
2	153	53
2	72	43
2	108	39
2	84	83
2	154	31
2	181	9
2	61	25
2	78	30
2	59	11
2	121	46
2	81	52
2	110	24
2	179	59
2	196	62
2	94	93
2	132	85
2	98	94
2	188	22
2	7	91
2	79	33
2	27	62
2	3	33
2	184	43
2	192	11
2	138	87
2	62	77
2	52	37
2	96	73
2	151	15
2	101	5
2	86	11
2	82	44
2	9	85
2	113	82
2	38	14
2	152	7
2	155	8
2	28	51
2	145	65
2	65	47
2	170	19
2	114	29
2	182	93
2	199	67
2	118	86
3	121	32
3	72	66
3	55	84
3	126	37
3	94	74
3	140	19
3	66	89
3	151	35
3	67	81
3	135	88
3	147	89
3	143	64
3	130	20
3	145	84
3	122	84
3	70	79
3	199	26
3	51	55
3	137	20
3	139	95
3	86	84
3	156	97
3	65	67
3	106	86
3	116	76
3	78	40
3	84	39
3	93	84
3	79	91
3	136	47
3	77	73
3	105	99
3	87	38
3	97	90
3	141	53
3	64	18
3	104	8
3	56	12
3	15	43
3	115	88
3	85	25
3	98	16
3	108	6
3	92	68
3	196	5
3	22	73
3	148	28
3	21	51
3	144	41
3	63	76
3	127	82
3	19	67
3	189	83
3	26	37
3	146	64
3	53	18
3	178	51
3	177	17
3	7	76
3	14	15
3	175	57
3	176	6
3	69	41
3	194	39
3	23	75
3	31	86
3	101	13
3	193	91
3	111	76
3	12	95
3	81	70
3	138	53
3	174	54
3	4	78
3	132	83
3	120	89
3	181	96
3	191	73
3	62	58
3	32	59
3	168	55
3	16	99
3	114	42
3	10	9
3	20	29
3	30	43
3	38	83
3	192	47
3	90	90
3	152	37
3	25	25
4	110	64
4	157	75
4	134	10
4	139	19
4	63	25
4	116	96
4	130	46
4	137	72
4	150	77
4	98	16
4	57	17
4	67	91
4	92	34
4	12	64
4	74	76
4	77	8
4	141	74
4	79	14
4	72	8
4	143	68
4	101	70
4	87	45
4	65	46
4	199	82
4	13	24
4	145	69
4	190	57
4	88	58
4	133	78
4	124	63
4	78	98
4	125	24
4	189	83
4	197	8
4	81	90
4	128	52
4	154	19
4	191	40
4	183	52
4	70	9
4	117	18
4	155	49
4	192	58
4	84	92
4	185	56
4	121	6
4	9	29
4	68	91
4	129	7
4	142	12
4	187	26
4	69	90
4	111	70
4	62	59
4	71	61
4	66	71
4	18	68
4	33	59
4	32	63
4	151	58
4	102	71
4	131	14
4	188	61
4	52	44
4	25	16
4	94	75
4	152	64
4	120	98
4	37	22
4	103	42
4	96	32
4	5	44
4	19	62
4	180	38
4	23	90
4	15	75
4	43	72
4	51	92
4	42	16
4	44	49
4	173	84
4	181	21
5	91	24
5	54	63
5	148	50
5	55	89
5	115	49
5	82	89
5	104	22
5	142	41
5	8	98
5	95	94
5	100	51
5	102	32
5	52	28
5	72	23
5	76	36
5	129	78
5	154	63
5	77	98
5	73	6
5	63	6
5	136	28
5	152	56
5	118	94
5	157	35
5	69	69
5	68	99
5	127	33
5	151	79
5	195	44
5	70	57
5	138	21
5	75	86
5	80	72
5	83	25
5	17	13
5	67	95
5	150	70
5	9	25
5	130	71
5	145	75
5	109	72
5	149	43
5	12	67
5	191	75
5	110	68
5	93	53
5	114	34
5	7	84
5	112	45
5	187	7
5	16	91
5	194	34
5	99	61
5	62	90
5	71	45
5	183	41
5	101	81
5	53	86
5	199	81
5	31	92
5	14	45
5	184	34
5	85	91
5	30	14
5	65	24
5	180	29
5	181	58
5	188	26
5	132	53
5	143	16
5	21	79
5	177	11
5	124	86
5	79	28
5	139	43
5	169	94
5	96	37
5	111	91
5	175	74
5	192	37
5	126	60
5	19	45
5	38	28
5	97	31
5	185	25
5	131	70
5	178	7
5	182	49
5	34	27
5	146	14
5	66	30
5	47	92
5	121	80
5	135	92
5	39	56
6	75	74
6	58	77
6	124	70
6	74	58
6	68	39
6	84	7
6	107	50
6	122	37
6	154	30
6	149	34
6	87	69
6	93	81
6	98	23
6	131	23
6	144	59
6	152	97
6	96	48
6	102	77
6	159	27
6	101	25
6	83	86
6	137	6
6	108	8
6	59	76
6	118	30
6	127	10
6	117	27
6	126	74
6	89	93
6	90	33
6	17	69
6	196	11
6	55	85
6	99	92
6	79	69
6	72	98
6	64	90
6	147	47
6	9	25
6	111	65
6	192	86
6	24	7
6	54	76
6	73	65
6	18	36
6	60	43
6	21	50
6	100	76
6	25	9
6	109	70
6	12	21
6	114	90
6	7	10
6	10	25
6	135	35
6	193	82
6	184	9
6	156	85
6	190	45
6	53	96
6	128	29
6	133	87
6	95	52
6	123	20
6	30	94
6	26	64
6	150	9
6	178	25
6	188	42
6	198	94
6	186	22
6	78	27
6	32	52
6	41	29
6	35	85
6	187	8
6	174	90
6	173	53
6	57	80
6	170	26
6	91	67
6	62	34
6	94	12
6	103	31
6	112	76
6	138	63
6	36	75
6	13	17
6	130	82
6	105	80
6	116	20
7	102	6
7	8	79
7	112	38
7	67	21
7	125	27
7	143	62
7	149	53
7	114	90
7	75	83
7	56	30
7	9	82
7	73	55
7	83	74
7	153	69
7	65	45
7	57	71
7	119	67
7	81	71
7	135	48
7	85	33
7	13	12
7	157	70
7	151	79
7	96	53
7	106	15
7	69	13
7	133	71
7	97	49
7	138	45
7	137	91
7	111	42
7	18	50
7	86	96
7	130	36
7	62	91
7	141	98
7	108	85
7	109	90
7	188	100
7	79	96
7	136	29
7	77	79
7	196	70
7	199	15
7	68	93
7	195	27
7	72	68
7	144	43
7	100	72
7	198	92
7	93	6
7	105	12
7	123	64
7	194	33
7	139	56
7	10	74
7	66	98
7	113	16
7	99	64
7	192	95
7	35	36
7	122	18
7	107	76
7	160	10
7	124	60
7	189	84
7	82	87
7	147	18
7	146	63
7	177	55
7	39	39
7	101	25
7	43	33
7	94	29
7	74	37
7	148	36
7	21	7
7	142	16
7	178	73
7	38	34
7	197	81
7	90	74
7	46	75
7	187	85
7	152	8
8	123	13
8	131	62
8	110	67
8	150	16
8	129	27
8	153	77
8	70	47
8	136	85
8	108	18
8	124	61
8	62	37
8	73	57
8	117	14
8	109	16
8	125	98
8	104	31
8	100	71
8	154	36
8	119	28
8	114	38
8	14	93
8	157	85
8	83	8
8	11	66
8	98	91
8	198	15
8	17	65
8	9	92
8	93	25
8	15	66
8	121	39
8	134	61
8	148	44
8	139	30
8	116	7
8	196	59
8	13	7
8	84	61
8	71	39
8	18	13
8	92	13
8	22	18
8	10	22
8	26	79
8	67	83
8	101	44
8	138	99
8	160	68
8	112	20
8	130	62
8	185	53
8	144	35
8	32	98
8	66	11
8	107	79
8	34	47
8	179	29
8	137	9
8	181	93
8	190	99
8	85	20
8	118	76
8	128	73
8	65	99
8	180	63
8	75	73
8	56	66
8	161	26
8	140	25
8	188	59
8	197	8
8	35	89
8	24	33
8	155	88
8	27	24
8	61	11
8	19	75
8	156	44
8	82	32
8	59	56
8	182	89
8	169	90
8	195	15
8	72	7
8	91	76
8	141	81
8	149	7
8	177	74
8	28	46
9	74	85
9	131	25
9	76	6
9	80	81
9	143	77
9	140	22
9	105	64
9	146	70
9	111	13
9	11	8
9	127	58
9	90	8
9	12	37
9	148	26
9	14	7
9	108	78
9	94	79
9	71	83
9	56	73
9	95	70
9	152	57
9	61	13
9	64	14
9	10	78
9	145	70
9	63	32
9	199	21
9	25	46
9	21	27
9	60	54
9	119	46
9	66	15
9	195	12
9	151	36
9	85	31
9	120	94
9	114	23
9	196	40
9	91	15
9	134	58
9	115	9
9	31	51
9	192	31
9	155	91
9	27	75
9	106	41
9	149	41
9	86	56
9	103	19
9	150	64
9	133	9
9	186	8
9	26	42
9	125	30
9	78	28
9	70	14
9	180	76
9	83	80
9	100	22
9	35	96
9	75	49
9	72	9
9	176	17
9	128	92
9	40	10
9	177	88
9	43	92
9	97	61
9	175	71
9	123	6
9	185	76
9	193	13
9	171	61
9	158	51
9	178	36
9	188	86
9	170	26
9	67	32
9	183	92
9	96	41
9	197	41
10	146	59
10	80	66
10	90	91
10	103	79
10	132	17
10	163	95
10	96	10
10	126	52
10	102	12
10	106	33
10	109	80
10	84	91
10	153	58
10	128	59
10	107	13
10	94	48
10	70	65
10	73	91
10	130	42
10	82	18
10	99	22
10	121	12
10	158	69
10	12	35
10	197	52
10	116	27
10	24	73
10	65	79
10	138	95
10	111	58
10	123	81
10	71	12
10	194	33
10	120	92
10	195	77
10	86	72
10	87	16
10	118	33
10	19	80
10	57	94
10	74	30
10	79	89
10	13	86
10	75	90
10	88	39
10	101	32
10	14	77
10	112	55
10	161	54
10	85	96
10	129	13
10	160	12
10	108	6
10	152	56
10	38	86
10	60	31
10	23	38
10	11	71
10	183	15
10	58	86
10	156	60
10	190	86
10	26	88
10	144	92
10	81	21
10	66	92
10	155	50
10	15	75
10	28	90
10	127	8
10	189	37
10	149	86
10	142	15
10	62	29
10	95	97
10	47	53
10	18	68
10	45	24
10	148	74
10	125	96
10	135	23
10	97	95
10	115	92
10	145	8
10	150	51
10	52	88
10	48	68
10	89	69
10	168	59
11	144	21
11	146	74
11	106	95
11	137	13
11	152	47
11	142	19
11	58	8
11	81	7
11	162	93
11	105	57
11	119	76
11	12	49
11	107	94
11	127	11
11	66	76
11	76	32
11	136	12
11	104	57
11	117	9
11	63	96
11	124	16
11	157	42
11	80	72
11	91	39
11	99	95
11	118	55
11	159	33
11	96	94
11	158	6
11	147	21
11	75	23
11	148	50
11	135	62
11	20	85
11	21	97
11	114	98
11	133	52
11	193	25
11	155	82
11	164	67
11	65	66
11	111	21
11	31	16
11	89	69
11	132	46
11	153	82
11	113	34
11	14	95
11	60	61
11	84	20
11	190	73
11	26	29
11	151	92
11	15	70
11	35	66
11	108	84
11	126	32
11	143	39
11	100	27
11	199	55
11	85	75
11	120	32
11	59	18
11	18	78
11	182	90
11	79	62
11	87	42
11	115	68
11	40	16
11	112	37
11	101	99
11	92	77
11	93	85
11	131	15
11	139	64
11	194	59
11	181	89
11	150	23
11	94	26
11	68	23
11	39	55
11	145	70
11	27	15
11	53	77
11	116	44
11	180	87
11	160	27
11	69	39
11	169	51
11	102	34
12	90	93
12	68	75
12	73	10
12	104	20
12	87	87
12	131	91
12	117	16
12	75	30
12	15	32
12	67	75
12	94	37
12	118	43
12	146	44
12	160	18
12	156	99
12	89	45
12	158	39
12	161	92
12	121	8
12	62	36
12	151	90
12	70	21
12	19	98
12	97	29
12	122	28
12	93	8
12	134	96
12	135	74
12	132	21
12	102	47
12	142	58
12	116	42
12	196	23
12	153	86
12	83	92
12	79	54
12	63	80
12	108	61
12	111	62
12	80	76
12	197	37
12	24	67
12	100	90
12	150	27
12	195	95
12	96	88
12	107	27
12	128	71
12	114	27
12	95	13
12	148	49
12	162	34
12	127	83
12	43	62
12	183	72
12	136	79
12	60	8
12	44	54
12	193	47
12	86	28
12	99	79
12	125	57
12	21	58
12	152	40
12	154	94
12	71	15
12	37	62
12	48	83
12	110	53
12	123	100
12	139	11
12	88	42
12	98	66
12	65	52
12	29	53
12	84	39
12	34	6
12	120	35
12	66	80
12	163	72
12	56	53
12	64	27
12	78	75
12	175	53
12	20	78
12	133	19
13	125	84
13	62	38
13	143	36
13	109	58
13	126	56
13	139	25
13	164	11
13	166	22
13	80	77
13	149	84
13	154	50
13	151	76
13	160	60
13	86	71
13	87	32
13	138	72
13	96	93
13	70	34
13	98	84
13	77	67
13	103	82
13	74	64
13	162	35
13	163	22
13	102	58
13	110	25
13	144	10
13	148	24
13	79	8
13	147	99
13	16	38
13	152	34
13	22	42
13	158	69
13	26	93
13	130	44
13	93	81
13	78	60
13	82	57
13	75	72
13	113	64
13	137	35
13	76	28
13	105	49
13	37	20
13	134	98
13	115	96
13	150	84
13	141	35
13	88	14
13	188	21
13	17	72
13	97	42
13	35	18
13	106	23
13	122	51
13	41	78
13	19	84
13	42	60
13	121	27
13	186	95
13	190	20
13	179	90
13	107	51
13	131	75
13	18	66
13	132	33
13	136	13
13	185	13
13	101	16
13	33	73
13	199	95
13	91	11
13	24	45
13	157	30
13	72	97
13	94	57
13	119	37
13	159	44
13	142	17
13	123	86
13	174	86
13	172	72
13	192	65
13	53	49
14	93	99
14	90	89
14	124	98
14	151	97
14	130	33
14	136	13
14	144	30
14	163	14
14	142	41
14	120	58
14	84	52
14	65	85
14	162	98
14	154	29
14	81	69
14	159	78
14	96	87
14	156	85
14	64	69
14	23	73
14	117	41
14	18	85
14	146	84
14	66	19
14	15	74
14	140	58
14	78	86
14	112	40
14	113	78
14	121	6
14	80	49
14	102	87
14	118	53
14	73	88
14	160	68
14	62	70
14	32	86
14	131	53
14	138	17
14	76	84
14	135	6
14	164	17
14	122	47
14	26	29
14	71	32
14	89	95
14	116	91
14	145	25
14	20	20
14	35	63
14	153	54
14	77	59
14	101	67
14	109	28
14	152	75
14	141	97
14	39	98
14	119	56
14	67	32
14	108	11
14	19	25
14	42	15
14	182	9
14	105	42
14	91	69
14	114	75
14	115	27
14	107	68
14	28	19
14	94	52
14	111	85
14	97	10
14	85	14
14	87	52
14	177	46
14	161	7
14	188	27
14	51	92
14	52	44
14	95	80
14	16	85
14	29	66
14	132	80
15	115	50
15	85	61
15	95	95
15	149	67
15	90	68
15	154	51
15	166	85
15	72	37
15	70	45
15	157	32
15	67	17
15	126	95
15	128	90
15	66	6
15	80	24
15	82	79
15	116	48
15	64	62
15	17	32
15	98	24
15	62	46
15	20	41
15	93	42
15	121	24
15	134	84
15	104	96
15	109	33
15	141	94
15	199	66
15	168	48
15	71	8
15	159	37
15	125	37
15	111	65
15	122	79
15	28	95
15	29	36
15	165	33
15	83	37
15	32	49
15	194	23
15	69	59
15	102	62
15	144	36
15	18	16
15	163	14
15	195	91
15	25	95
15	77	30
15	114	97
15	26	41
15	36	86
15	160	6
15	94	53
15	35	7
15	182	14
15	86	59
15	100	67
15	124	55
15	162	79
15	63	91
15	96	95
15	198	20
15	49	94
15	176	7
15	39	98
15	185	44
15	107	26
15	54	71
15	30	22
15	123	95
15	152	9
15	106	82
15	110	31
15	117	83
15	173	91
16	150	82
16	131	35
16	137	47
16	19	85
16	67	32
16	120	97
16	168	67
16	81	50
16	88	99
16	97	51
16	160	93
16	69	56
16	91	76
16	82	87
16	144	44
16	113	40
16	134	92
16	143	39
16	118	59
16	136	6
16	128	17
16	132	57
16	157	89
16	104	17
16	79	92
16	166	83
16	101	57
16	80	37
16	122	22
16	92	21
16	63	59
16	169	38
16	154	36
16	199	36
16	103	8
16	90	79
16	110	87
16	26	34
16	30	92
16	71	59
16	18	54
16	22	31
16	139	99
16	155	48
16	100	18
16	42	20
16	99	84
16	158	30
16	167	77
16	123	89
16	31	95
16	89	61
16	40	15
16	29	75
16	73	59
16	105	20
16	108	77
16	192	12
16	151	50
16	76	64
16	145	25
16	129	16
16	72	10
16	24	34
16	51	95
16	64	95
16	66	24
16	184	60
16	95	75
16	135	5
16	87	59
16	179	50
16	117	57
16	183	91
16	93	78
16	164	18
16	17	79
16	23	80
16	36	18
16	43	33
16	133	64
16	127	48
16	130	6
16	39	14
16	74	13
16	85	49
16	156	85
16	48	37
16	75	35
16	50	56
16	98	65
17	126	25
17	70	37
17	147	97
17	90	92
17	73	24
17	143	50
17	122	49
17	130	70
17	145	39
17	106	86
17	142	86
17	166	57
17	121	24
17	72	7
17	164	9
17	165	44
17	113	72
17	160	92
17	25	77
17	88	44
17	124	31
17	153	73
17	83	92
17	94	64
17	144	80
17	76	39
17	27	15
17	107	51
17	86	21
17	23	94
17	82	44
17	66	87
17	98	80
17	96	26
17	67	63
17	139	94
17	19	82
17	131	50
17	138	85
17	125	20
17	75	77
17	163	47
17	170	46
17	37	52
17	136	18
17	150	64
17	156	13
17	198	99
17	141	47
17	148	72
17	78	30
17	105	17
17	26	33
17	89	27
17	117	42
17	123	8
17	120	84
17	195	76
17	34	77
17	79	88
17	109	9
17	196	98
17	68	15
17	162	39
17	85	83
17	152	57
17	97	15
17	161	88
17	127	82
17	50	79
17	80	17
17	44	37
17	38	55
17	20	98
17	42	34
17	151	57
17	43	31
17	169	12
17	21	83
17	114	13
17	177	80
17	84	28
17	194	60
17	137	87
17	133	34
17	159	77
17	57	38
18	133	87
18	169	70
18	73	18
18	83	71
18	141	65
18	163	40
18	155	53
18	158	74
18	153	68
18	115	68
18	116	20
18	159	97
18	144	35
18	22	39
18	137	58
18	84	82
18	24	87
18	110	59
18	95	38
18	108	27
18	154	10
18	111	89
18	132	72
18	139	44
18	103	79
18	129	92
18	136	90
18	70	49
18	27	27
18	126	29
18	38	37
18	68	62
18	117	40
18	23	20
18	113	34
18	145	76
18	147	56
18	120	33
18	151	40
18	21	64
18	194	86
18	85	100
18	45	9
18	82	81
18	109	94
18	43	80
18	78	18
18	19	48
18	20	15
18	112	69
18	98	53
18	66	49
18	97	34
18	170	25
18	148	77
18	89	65
18	34	28
18	185	93
18	128	63
18	88	91
18	105	83
18	74	55
18	67	6
18	90	77
18	156	93
18	87	23
18	125	34
18	33	52
18	71	52
18	182	16
18	30	18
18	59	19
18	47	31
18	91	92
18	164	71
18	40	96
18	39	36
18	134	67
18	196	16
18	191	90
18	167	71
18	104	100
18	79	9
19	92	66
19	145	57
19	76	33
19	93	45
19	142	92
19	133	40
19	136	50
19	146	74
19	134	92
19	78	8
19	112	27
19	68	78
19	77	9
19	99	69
19	149	93
19	152	19
19	85	25
19	21	72
19	105	72
19	97	65
19	29	86
19	165	42
19	114	9
19	118	80
19	120	8
19	28	62
19	127	76
19	155	78
19	98	37
19	140	51
19	71	58
19	106	46
19	148	50
19	22	49
19	90	92
19	32	48
19	115	82
19	137	99
19	117	55
19	169	60
19	139	45
19	40	24
19	144	55
19	108	12
19	138	52
19	128	77
19	124	61
19	109	20
19	66	10
19	158	20
19	82	84
19	199	14
19	79	34
19	192	87
19	70	61
19	87	25
19	154	49
19	102	83
19	38	74
19	168	52
19	23	72
19	125	77
19	172	22
19	159	31
19	48	38
19	53	84
19	35	8
19	130	50
19	31	60
19	44	69
19	56	22
19	122	44
19	182	28
19	151	65
19	36	52
19	30	57
19	177	74
19	116	52
19	176	77
19	84	95
20	147	69
20	85	16
20	102	21
20	68	33
20	128	11
20	163	91
20	159	84
20	126	55
20	93	45
20	151	31
20	98	66
20	172	67
20	142	64
20	110	78
20	113	81
20	115	81
20	105	61
20	26	71
20	168	60
20	123	85
20	109	14
20	103	70
20	99	50
20	81	58
20	121	68
20	34	55
20	32	49
20	27	45
20	120	55
20	150	66
20	171	47
20	72	24
20	165	36
20	106	62
20	97	17
20	69	91
20	124	34
20	133	75
20	127	38
20	92	7
20	71	76
20	129	44
20	140	27
20	119	90
20	75	8
20	28	14
20	33	22
20	152	5
20	161	44
20	134	34
20	157	53
20	167	20
20	50	33
20	156	72
20	189	29
20	117	49
20	21	19
20	122	7
20	139	75
20	112	42
20	39	7
20	198	57
20	35	79
20	44	12
20	114	69
20	22	90
20	87	67
20	104	16
20	118	60
20	88	92
20	56	34
20	45	56
20	46	88
20	86	97
20	89	54
20	60	46
21	163	44
21	93	88
21	97	81
21	105	68
21	145	37
21	96	100
21	72	83
21	151	24
21	170	88
21	157	61
21	101	14
21	135	49
21	146	85
21	172	23
21	131	95
21	24	92
21	25	52
21	147	11
21	140	43
21	33	95
21	83	28
21	102	31
21	134	14
21	27	63
21	173	51
21	120	95
21	28	94
21	90	66
21	77	96
21	155	25
21	165	36
21	141	33
21	112	66
21	143	36
21	37	84
21	32	98
21	41	27
21	35	96
21	100	73
21	104	76
21	107	11
21	114	26
21	103	53
21	156	66
21	82	43
21	133	67
21	36	13
21	139	27
21	196	43
21	160	52
21	29	60
21	69	95
21	49	23
21	154	10
21	192	24
21	23	63
21	80	31
21	124	30
21	126	18
21	99	70
21	125	91
21	169	94
21	197	14
21	71	77
21	98	25
21	39	30
21	50	10
21	191	6
21	78	82
21	79	88
21	44	40
21	190	33
21	123	52
21	55	11
21	122	15
21	149	32
21	184	100
21	111	72
21	166	19
21	76	95
21	106	76
21	74	97
21	108	68
21	176	36
22	162	76
22	172	23
22	109	31
22	125	23
22	110	33
22	135	92
22	107	35
22	155	18
22	24	74
22	114	94
22	169	25
22	97	23
22	80	76
22	115	99
22	158	60
22	173	36
22	98	81
22	133	37
22	148	57
22	81	25
22	79	65
22	157	59
22	132	33
22	147	19
22	149	63
22	174	39
22	106	15
22	117	51
22	72	77
22	70	71
22	144	22
22	131	60
22	143	99
22	74	33
22	151	25
22	119	80
22	38	29
22	99	29
22	95	79
22	77	76
22	32	86
22	159	87
22	23	93
22	141	27
22	93	98
22	111	83
22	128	17
22	137	55
22	170	45
22	44	44
22	26	18
22	87	13
22	103	7
22	105	10
22	136	26
22	41	5
22	161	13
22	156	97
22	138	28
22	160	24
22	153	81
22	84	68
22	171	84
22	43	24
22	85	25
22	76	45
22	167	80
22	134	25
22	199	80
22	36	31
22	39	22
22	69	14
22	54	23
22	164	75
22	47	34
22	101	64
22	121	98
22	25	47
22	37	7
22	42	58
22	62	56
22	75	91
22	182	21
22	140	37
22	90	16
22	64	44
22	139	46
23	142	28
23	120	75
23	144	28
23	172	74
23	82	69
23	121	66
23	160	66
23	159	79
23	138	20
23	101	70
23	152	59
23	176	55
23	91	25
23	78	44
23	113	64
23	153	51
23	79	49
23	115	26
23	85	19
23	89	47
23	110	82
23	155	99
23	109	59
23	97	79
23	73	74
23	158	63
23	166	19
23	133	15
23	143	67
23	163	26
23	175	61
23	95	66
23	118	71
23	94	94
23	145	80
23	139	24
23	99	100
23	42	26
23	157	66
23	39	90
23	38	38
23	146	70
23	111	73
23	107	63
23	117	44
23	33	42
23	92	45
23	126	87
23	81	65
23	136	17
23	74	6
23	119	86
23	98	80
23	168	48
23	47	34
23	50	53
23	164	77
23	71	16
23	112	90
23	55	17
23	86	43
23	149	89
23	165	77
23	132	88
23	197	53
23	51	85
23	198	6
23	196	21
23	151	16
23	170	84
23	148	64
23	171	25
23	173	92
23	96	60
23	129	60
23	156	12
23	31	61
23	84	65
23	100	92
23	114	92
23	60	40
24	99	54
24	169	48
24	89	97
24	139	69
24	82	61
24	175	62
24	85	32
24	111	80
24	148	66
24	92	20
24	117	47
24	143	58
24	172	89
24	173	74
24	162	71
24	81	14
24	105	68
24	138	20
24	164	60
24	116	97
24	121	47
24	160	53
24	80	96
24	167	30
24	88	53
24	157	68
24	150	35
24	176	39
24	125	84
24	38	13
24	118	93
24	113	11
24	128	42
24	122	10
24	79	68
24	107	44
24	94	62
24	35	86
24	41	92
24	47	29
24	129	51
24	87	47
24	142	33
24	151	17
24	93	7
24	75	23
24	26	87
24	120	71
24	145	10
24	86	27
24	97	93
24	154	29
24	46	92
24	30	47
24	119	70
24	127	94
24	33	49
24	36	42
24	100	91
24	195	17
24	197	63
24	115	86
24	54	47
24	29	16
24	71	60
24	131	25
24	191	17
24	114	93
24	133	42
24	25	20
24	53	93
24	159	6
24	123	48
24	96	36
24	109	69
24	187	33
24	189	62
24	91	72
24	40	96
24	59	43
24	144	82
24	72	24
24	124	20
24	27	51
24	137	79
24	45	9
24	51	6
24	179	83
25	105	89
25	157	86
25	140	86
25	106	50
25	110	67
25	163	36
25	119	63
25	174	24
25	123	20
25	76	81
25	126	50
25	80	30
25	133	32
25	155	31
25	145	95
25	171	97
25	88	88
25	172	7
25	161	30
25	137	14
25	167	30
25	92	13
25	86	20
25	149	90
25	83	100
25	118	8
25	33	72
25	160	58
25	39	10
25	128	46
25	41	17
25	124	31
25	43	96
25	131	21
25	150	85
25	177	31
25	176	88
25	37	32
25	135	74
25	46	30
25	159	49
25	87	98
25	178	92
25	29	92
25	81	38
25	111	36
25	52	9
25	32	43
25	90	65
25	152	89
25	168	6
25	170	64
25	129	58
25	195	21
25	55	19
25	164	29
25	132	99
25	143	15
25	35	24
25	190	54
25	130	62
25	192	17
25	30	17
25	72	87
25	188	11
25	63	73
25	173	79
25	91	77
25	34	94
25	57	7
25	50	14
25	107	8
25	113	94
25	104	88
25	94	15
25	74	71
25	191	33
25	187	50
25	109	21
25	85	32
26	151	53
26	112	45
26	118	22
26	90	45
26	140	48
26	81	74
26	111	89
26	138	12
26	149	92
26	134	72
26	107	76
26	80	11
26	177	57
26	95	21
26	97	75
26	152	54
26	155	9
26	28	67
26	130	9
26	174	35
26	38	63
26	77	9
26	116	15
26	129	41
26	141	59
26	133	41
26	121	39
26	34	65
26	159	40
26	154	66
26	94	70
26	125	46
26	150	72
26	166	98
26	109	99
26	39	47
26	88	59
26	170	89
26	44	38
26	172	43
26	139	51
26	135	48
26	45	92
26	137	51
26	163	50
26	176	92
26	29	73
26	53	98
26	103	46
26	153	35
26	161	78
26	40	95
26	164	10
26	169	30
26	157	42
26	132	69
26	106	34
26	148	70
26	197	57
26	82	56
26	43	51
26	30	80
26	193	11
26	91	41
26	85	82
26	110	62
26	105	22
26	144	45
26	57	43
26	131	92
26	98	6
26	31	32
26	167	84
26	160	67
26	46	12
26	59	38
26	58	57
26	37	9
26	120	50
27	155	58
27	101	92
27	84	95
27	90	99
27	119	46
27	81	30
27	77	50
27	114	97
27	121	37
27	160	35
27	147	59
27	140	53
27	128	87
27	174	88
27	113	6
27	92	90
27	105	57
27	129	76
27	35	62
27	170	9
27	106	67
27	115	29
27	149	82
27	136	36
27	75	20
27	28	6
27	30	6
27	112	5
27	168	72
27	135	21
27	118	38
27	131	57
27	100	96
27	94	90
27	116	82
27	154	48
27	40	53
27	178	49
27	82	73
27	42	28
27	110	16
27	79	40
27	133	35
27	54	82
27	52	25
27	96	75
27	91	28
27	53	34
27	86	57
27	45	97
27	29	13
27	104	53
27	80	44
27	132	10
27	120	34
27	173	66
27	34	60
27	31	61
27	41	85
27	78	49
27	39	24
27	127	10
27	171	10
27	139	10
27	95	28
27	137	86
27	38	64
27	83	38
27	191	62
27	192	87
27	153	40
28	82	25
28	169	63
28	166	15
28	117	31
28	93	16
28	157	97
28	141	38
28	80	14
28	178	47
28	165	14
28	155	28
28	115	98
28	79	57
28	175	24
28	146	84
28	149	86
28	159	36
28	104	60
28	128	18
28	30	34
28	84	62
28	136	18
28	180	50
28	90	21
28	105	26
28	152	63
28	122	91
28	134	15
28	143	47
28	88	30
28	89	24
28	103	91
28	161	28
28	37	84
28	36	40
28	106	36
28	101	65
28	81	60
28	158	39
28	41	60
28	46	72
28	114	38
28	113	82
28	42	72
28	34	10
28	174	74
28	150	11
28	86	76
28	144	80
28	94	49
28	125	43
28	173	15
28	119	74
28	45	98
28	32	37
28	132	70
28	108	26
28	78	23
28	91	28
28	99	97
28	92	65
28	59	76
28	140	8
28	102	24
28	179	73
28	98	15
28	139	14
28	151	36
28	116	36
28	97	38
28	120	88
28	176	89
28	153	44
28	127	39
28	65	28
28	87	69
28	142	92
28	145	92
28	100	52
28	195	41
28	48	93
28	70	17
28	111	92
28	138	57
28	190	24
29	137	35
29	133	44
29	99	93
29	131	32
29	182	26
29	91	48
29	150	85
29	140	52
29	98	31
29	102	89
29	160	71
29	115	86
29	123	9
29	154	22
29	179	13
29	31	87
29	32	43
29	180	79
29	176	68
29	151	18
29	121	95
29	107	75
29	39	47
29	156	6
29	134	31
29	173	83
29	88	9
29	95	34
29	130	14
29	135	74
29	76	13
29	166	83
29	126	86
29	38	67
29	147	96
29	162	81
29	92	92
29	43	51
29	120	78
29	169	63
29	85	50
29	93	36
29	97	78
29	127	86
29	78	63
29	174	7
29	104	17
29	138	90
29	125	52
29	117	10
29	44	18
29	163	52
29	81	56
29	111	87
29	50	61
29	105	87
29	159	69
29	37	89
29	148	91
29	49	23
29	82	73
29	108	76
29	152	69
29	149	87
29	195	16
29	168	35
29	89	57
29	196	27
29	52	69
29	40	74
29	142	93
29	128	78
29	143	28
29	56	71
29	165	39
29	70	65
29	155	25
29	191	30
29	197	44
29	57	71
29	157	90
29	47	35
29	36	62
29	100	47
30	99	18
30	83	42
30	106	59
30	117	43
30	143	81
30	175	5
30	79	31
30	126	30
30	173	50
30	114	66
30	180	57
30	158	89
30	124	38
30	102	24
30	154	35
30	156	98
30	172	31
30	87	81
30	163	62
30	105	82
30	90	97
30	160	71
30	168	59
30	145	6
30	37	23
30	81	7
30	148	18
30	125	32
30	138	10
30	165	79
30	116	59
30	80	61
30	35	6
30	38	50
30	115	13
30	82	32
30	84	15
30	46	85
30	164	71
30	142	73
30	139	72
30	51	61
30	104	10
30	121	28
30	50	19
30	162	53
30	97	68
30	169	21
30	113	61
30	41	17
30	40	30
30	183	82
30	93	49
30	128	31
30	129	76
30	49	31
30	107	57
30	151	34
30	166	48
30	77	83
30	52	99
30	96	31
30	134	94
30	149	12
30	42	20
30	112	14
30	39	100
30	45	49
30	34	69
30	32	14
30	171	15
30	60	45
30	177	22
30	152	90
30	147	59
30	92	35
30	101	9
30	127	85
30	55	65
30	176	61
30	58	99
30	94	31
31	93	60
31	126	52
31	160	90
31	131	84
31	78	92
31	183	94
31	96	78
31	165	61
31	122	47
31	81	65
31	107	92
31	179	53
31	170	58
31	37	81
31	167	21
31	139	18
31	152	98
31	103	7
31	117	27
31	38	40
31	141	75
31	84	88
31	100	10
31	116	64
31	171	31
31	104	43
31	85	96
31	112	60
31	113	57
31	145	5
31	133	7
31	182	69
31	137	35
31	101	58
31	148	22
31	114	16
31	121	77
31	111	26
31	150	85
31	53	8
31	169	15
31	144	99
31	136	23
31	184	75
31	79	77
31	89	96
31	156	87
31	88	77
31	172	38
31	180	68
31	98	36
31	49	98
31	57	90
31	128	100
31	42	91
31	51	100
31	129	95
31	64	33
31	61	11
31	132	13
31	159	36
31	44	85
31	166	25
31	157	6
31	161	17
31	70	11
31	134	89
31	142	82
31	68	99
31	65	82
31	138	22
31	40	53
31	155	11
31	149	54
31	190	36
31	147	84
31	109	29
31	146	93
31	198	72
31	72	65
31	130	56
31	191	14
31	194	67
32	98	95
32	109	90
32	127	90
32	128	78
32	151	37
32	179	8
32	100	60
32	34	28
32	80	80
32	122	58
32	169	83
32	172	88
32	113	76
32	162	19
32	101	81
32	167	54
32	138	78
32	38	94
32	134	52
32	117	53
32	82	37
32	133	8
32	170	49
32	84	61
32	108	50
32	115	37
32	87	95
32	185	74
32	103	57
32	182	18
32	130	17
32	123	14
32	102	99
32	46	86
32	180	14
32	81	67
32	168	28
32	51	38
32	173	59
32	94	66
32	33	47
32	52	80
32	58	51
32	56	7
32	36	81
32	153	62
32	155	92
32	48	69
32	41	62
32	62	46
32	184	28
32	174	49
32	55	90
32	118	25
32	137	38
32	99	14
32	50	17
32	85	62
32	37	94
32	140	69
32	60	95
32	198	76
32	195	87
32	95	88
32	114	57
32	126	51
32	129	68
32	177	86
33	146	65
33	151	73
33	144	70
33	172	96
33	130	92
33	147	23
33	165	44
33	107	48
33	102	72
33	162	72
33	94	87
33	38	74
33	37	96
33	124	63
33	149	21
33	90	67
33	174	71
33	161	68
33	96	61
33	166	25
33	176	48
33	87	39
33	158	95
33	41	87
33	119	58
33	179	75
33	131	57
33	93	36
33	46	44
33	104	84
33	167	62
33	114	64
33	140	35
33	115	49
33	133	94
33	111	33
33	138	7
33	42	47
33	178	49
33	164	53
33	52	86
33	82	20
33	84	35
33	122	38
33	128	83
33	157	14
33	34	34
33	88	24
33	129	38
33	97	76
33	175	27
33	39	22
33	59	83
33	198	40
33	80	62
33	171	51
33	49	71
33	126	98
33	103	7
33	109	31
33	85	71
33	197	60
33	136	67
33	143	93
33	56	90
33	121	78
33	139	25
33	186	84
33	116	26
33	65	55
34	102	14
34	82	66
34	173	68
34	165	54
34	96	43
34	104	90
34	164	19
34	152	95
34	101	12
34	124	32
34	130	13
34	120	95
34	182	69
34	184	63
34	122	81
34	186	24
34	100	13
34	88	89
34	158	59
34	148	15
34	185	72
34	106	42
34	91	37
34	167	64
34	99	19
34	107	77
34	132	5
34	176	26
34	123	94
34	81	33
34	153	91
34	43	98
34	119	92
34	137	52
34	51	49
34	95	88
34	127	95
34	46	54
34	54	94
34	180	51
34	92	79
34	117	73
34	36	87
34	41	47
34	150	15
34	97	81
34	116	83
34	49	92
34	174	6
34	136	43
34	90	61
34	113	47
34	135	5
34	58	90
34	138	82
34	87	84
34	142	24
34	157	78
34	47	45
34	133	69
34	134	80
34	86	22
34	166	96
34	37	97
34	103	16
34	44	73
34	112	16
34	125	17
34	175	44
34	196	32
34	55	72
34	89	37
34	128	13
34	63	23
34	108	64
34	179	17
34	143	18
34	190	31
35	161	97
35	139	51
35	111	15
35	173	76
35	90	64
35	142	73
35	178	97
35	129	83
35	131	99
35	109	46
35	92	91
35	84	27
35	93	86
35	108	9
35	133	82
35	87	19
35	119	55
35	166	32
35	181	73
35	184	86
35	107	69
35	41	25
35	132	86
35	89	17
35	103	10
35	163	27
35	42	6
35	165	40
35	98	26
35	83	82
35	120	20
35	82	8
35	40	34
35	49	42
35	96	88
35	157	82
35	155	33
35	171	55
35	126	56
35	100	16
35	185	22
35	121	48
35	138	59
35	47	43
35	137	7
35	160	98
35	113	29
35	151	59
35	123	41
35	102	89
35	110	52
35	127	79
35	180	35
35	167	98
35	99	18
35	59	96
35	183	7
35	118	20
35	124	53
35	128	6
35	43	10
35	112	49
35	67	99
35	101	92
35	64	36
35	141	27
35	51	67
35	50	11
35	91	86
35	45	33
35	88	37
35	152	66
35	38	40
35	143	13
35	60	55
35	61	65
35	77	82
35	149	95
35	65	22
35	168	94
35	198	78
35	175	71
36	161	95
36	105	86
36	133	84
36	115	99
36	100	42
36	152	37
36	97	100
36	123	27
36	137	70
36	182	49
36	167	98
36	89	88
36	117	92
36	138	93
36	146	26
36	159	19
36	103	18
36	110	33
36	119	74
36	153	85
36	98	36
36	47	99
36	129	45
36	102	42
36	84	90
36	135	66
36	114	59
36	43	64
36	165	22
36	180	70
36	172	79
36	91	38
36	92	80
36	132	22
36	144	65
36	41	60
36	149	52
36	120	90
36	141	12
36	94	31
36	57	62
36	148	77
36	157	22
36	56	96
36	166	11
36	52	58
36	145	85
36	88	37
36	147	57
36	173	67
36	83	17
36	178	64
36	108	64
36	60	39
36	131	15
36	49	89
36	59	75
36	174	13
36	38	23
36	184	90
36	67	98
36	63	100
36	42	19
36	70	74
36	143	60
36	168	44
36	112	72
36	96	10
36	86	6
36	179	46
36	66	8
36	158	29
36	53	89
36	155	80
36	140	71
36	54	21
36	40	87
36	64	73
36	169	96
36	128	20
36	176	42
36	183	25
37	181	95
37	86	87
37	136	47
37	153	18
37	130	42
37	174	17
37	93	23
37	97	8
37	88	32
37	185	20
37	172	63
37	109	90
37	91	18
37	98	64
37	101	33
37	160	13
37	180	29
37	134	34
37	100	48
37	162	39
37	117	9
37	122	57
37	115	23
37	139	69
37	152	10
37	40	81
37	42	30
37	148	30
37	123	97
37	131	73
37	51	11
37	103	95
37	144	27
37	41	55
37	54	23
37	161	32
37	112	81
37	171	36
37	127	68
37	159	83
37	50	96
37	140	95
37	187	11
37	154	100
37	121	20
37	183	8
37	126	88
37	49	83
37	102	81
37	177	37
37	170	38
37	175	43
37	94	75
37	163	98
37	114	84
37	92	44
37	189	22
37	95	71
37	45	16
37	60	29
37	149	90
37	184	38
37	96	16
37	66	34
37	111	11
37	128	88
37	173	68
37	77	95
37	108	81
37	143	24
37	85	96
37	44	45
37	52	30
37	195	75
37	176	80
37	182	34
38	169	16
38	176	81
38	114	23
38	134	81
38	132	6
38	135	43
38	179	44
38	39	71
38	153	49
38	126	84
38	170	8
38	183	26
38	124	92
38	103	72
38	44	74
38	125	59
38	130	76
38	158	57
38	162	98
38	41	61
38	120	82
38	99	42
38	97	28
38	106	28
38	187	98
38	154	45
38	159	8
38	43	68
38	116	28
38	112	87
38	107	31
38	142	67
38	166	93
38	161	18
38	141	12
38	101	26
38	123	7
38	88	46
38	139	22
38	145	28
38	186	58
38	42	30
38	87	99
38	62	25
38	96	70
38	94	69
38	188	8
38	168	13
38	47	14
38	150	62
38	56	47
38	59	82
38	156	86
38	137	19
38	131	89
38	95	95
38	60	27
38	180	49
38	138	44
38	118	91
38	167	95
38	136	56
38	177	86
38	110	5
38	175	68
38	69	90
38	117	41
38	119	19
38	165	42
38	108	80
38	72	45
38	147	40
38	173	8
38	144	17
38	109	26
38	89	21
38	40	85
38	66	67
38	75	90
39	138	77
39	89	18
39	169	22
39	110	10
39	146	65
39	131	77
39	87	37
39	111	25
39	104	52
39	117	72
39	174	90
39	191	25
39	190	17
39	186	32
39	180	47
39	101	44
39	124	60
39	143	50
39	156	37
39	121	29
39	105	36
39	123	41
39	185	44
39	55	50
39	88	48
39	114	42
39	135	62
39	140	93
39	181	58
39	144	75
39	115	81
39	99	17
39	50	92
39	137	72
39	162	73
39	103	58
39	128	72
39	168	24
39	154	53
39	133	35
39	145	40
39	54	27
39	173	100
39	47	18
39	44	69
39	43	44
39	119	31
39	116	94
39	139	5
39	90	29
39	66	11
39	97	38
39	184	19
39	160	45
39	167	80
39	108	74
39	132	18
39	158	97
39	157	27
39	41	59
39	136	43
39	147	72
39	183	14
39	166	95
39	130	6
39	142	94
39	179	72
39	63	10
39	67	45
39	189	72
39	122	74
39	72	27
39	199	47
39	49	80
39	171	98
39	113	9
39	80	94
39	42	80
39	192	77
39	70	24
39	83	86
39	126	16
40	98	68
40	121	25
40	90	33
40	109	81
40	190	94
40	187	18
40	145	41
40	116	33
40	43	62
40	101	42
40	137	12
40	184	17
40	161	68
40	148	52
40	126	48
40	94	37
40	122	13
40	103	49
40	157	17
40	89	56
40	41	84
40	88	18
40	54	99
40	175	31
40	97	17
40	154	91
40	166	17
40	53	17
40	168	30
40	49	82
40	92	34
40	138	53
40	87	47
40	167	22
40	155	23
40	124	81
40	163	87
40	133	56
40	64	9
40	186	59
40	125	65
40	58	61
40	188	14
40	59	28
40	171	65
40	129	30
40	191	75
40	149	52
40	156	12
40	152	33
40	106	27
40	185	84
40	61	16
40	73	22
40	180	5
40	173	85
40	52	71
40	68	44
40	169	83
40	176	42
40	72	75
40	76	76
40	136	23
40	128	48
40	47	41
40	50	21
40	113	78
40	158	67
40	174	14
40	117	29
40	67	19
40	82	90
40	104	97
41	152	98
41	102	39
41	94	51
41	140	57
41	108	21
41	156	54
41	130	39
41	154	16
41	89	90
41	110	46
41	134	57
41	95	38
41	162	68
41	175	77
41	104	27
41	149	38
41	137	61
41	105	19
41	153	87
41	151	15
41	113	99
41	190	18
41	194	71
41	131	40
41	191	85
41	164	98
41	46	50
41	91	42
41	56	25
41	51	51
41	121	10
41	167	14
41	42	42
41	177	33
41	143	22
41	174	52
41	173	92
41	106	63
41	132	69
41	168	73
41	103	32
41	114	89
41	184	79
41	96	8
41	192	69
41	115	15
41	54	31
41	148	16
41	53	77
41	118	93
41	161	100
41	176	17
41	64	56
41	172	95
41	73	14
41	165	85
41	92	23
41	126	66
41	189	15
41	159	25
41	109	32
41	63	41
41	71	23
41	72	10
41	80	72
41	139	16
41	145	63
41	93	92
41	81	50
41	180	12
41	68	85
41	100	7
41	150	7
41	67	66
41	87	37
41	141	74
42	190	83
42	156	54
42	108	87
42	149	72
42	128	7
42	101	99
42	120	46
42	109	64
42	91	97
42	133	94
42	150	11
42	169	6
42	191	14
42	145	91
42	180	70
42	155	81
42	97	68
42	118	83
42	147	46
42	98	6
42	94	22
42	182	31
42	184	39
42	192	9
42	44	36
42	137	69
42	95	92
42	140	68
42	144	33
42	151	97
42	102	61
42	125	42
42	49	70
42	138	27
42	167	24
42	43	27
42	139	90
42	163	66
42	57	84
42	103	65
42	113	84
42	166	86
42	183	75
42	154	29
42	93	90
42	48	20
42	114	77
42	194	21
42	122	64
42	164	92
42	186	84
42	106	79
42	55	13
42	130	83
42	178	29
42	61	45
42	168	73
42	116	41
42	134	11
42	157	59
42	158	13
42	195	88
42	141	9
42	126	38
42	115	27
42	52	49
42	111	89
42	70	34
42	146	83
42	152	80
42	159	62
42	179	57
42	132	95
42	75	67
42	56	24
42	64	44
42	67	60
42	112	27
42	80	92
42	60	10
42	165	64
42	187	40
42	74	62
42	124	27
42	170	40
42	175	39
43	185	51
43	96	59
43	99	33
43	164	28
43	186	42
43	110	17
43	148	88
43	106	66
43	140	69
43	177	96
43	135	91
43	143	91
43	176	60
43	141	57
43	142	66
43	48	61
43	175	40
43	168	96
43	118	68
43	133	36
43	196	90
43	93	45
43	108	52
43	132	40
43	181	43
43	103	85
43	149	71
43	156	30
43	180	62
43	182	33
43	105	98
43	161	14
43	137	42
43	192	79
43	58	70
43	187	55
43	109	13
43	104	78
43	178	75
43	128	11
43	100	61
43	122	18
43	59	59
43	145	53
43	115	50
43	49	83
43	90	26
43	121	24
43	68	7
43	94	33
43	166	62
43	71	29
43	157	18
43	126	32
43	159	94
43	97	33
43	188	16
43	183	94
43	47	21
43	195	18
43	64	26
43	63	96
43	76	61
43	162	89
43	51	100
43	92	10
43	116	23
43	129	8
43	144	48
43	173	66
43	167	75
43	119	91
43	147	8
43	87	17
43	153	86
44	196	96
44	133	46
44	141	49
44	183	31
44	158	20
44	185	73
44	112	45
44	194	35
44	178	9
44	120	13
44	100	32
44	142	28
44	103	93
44	137	82
44	166	37
44	173	7
44	97	29
44	123	31
44	144	47
44	143	49
44	104	61
44	171	79
44	114	48
44	193	33
44	161	61
44	51	54
44	190	99
44	119	8
44	106	33
44	115	42
44	192	31
44	130	48
44	122	39
44	138	8
44	156	65
44	175	11
44	95	21
44	180	29
44	94	49
44	184	57
44	99	34
44	135	28
44	181	94
44	46	54
44	121	62
44	96	50
44	186	58
44	177	79
44	167	71
44	159	7
44	98	15
44	153	18
44	154	33
44	168	35
44	113	74
44	102	83
44	172	95
44	50	33
44	57	13
44	128	59
44	107	80
44	116	85
44	111	91
44	74	55
44	92	62
44	147	63
44	145	28
44	162	18
44	149	69
44	148	49
44	174	80
44	157	42
44	81	10
44	61	27
44	65	97
44	179	81
44	47	56
44	45	23
44	73	27
44	93	42
44	160	73
44	191	67
44	109	49
44	195	79
45	187	82
45	134	74
45	110	30
45	123	42
45	153	52
45	196	67
45	112	20
45	131	81
45	197	45
45	105	21
45	159	33
45	163	52
45	173	13
45	172	72
45	115	86
45	168	88
45	146	68
45	190	11
45	195	69
45	104	91
45	46	65
45	148	15
45	140	73
45	176	84
45	126	83
45	156	98
45	120	70
45	47	16
45	118	58
45	177	52
45	102	71
45	166	16
45	100	24
45	62	70
45	113	57
45	180	88
45	191	88
45	49	31
45	50	23
45	56	35
45	142	20
45	121	79
45	125	38
45	108	77
45	160	49
45	58	6
45	95	42
45	117	47
45	124	47
45	175	6
45	64	19
45	73	38
45	137	47
45	157	50
45	99	15
45	51	50
45	179	34
45	198	41
45	72	6
45	96	14
45	141	19
45	167	11
45	79	27
45	144	48
45	138	82
45	55	38
45	63	58
45	188	24
45	53	60
45	192	43
45	189	73
45	185	85
45	182	72
45	127	58
45	67	100
46	118	44
46	181	61
46	98	37
46	155	87
46	172	48
46	163	35
46	110	70
46	147	55
46	157	12
46	113	66
46	96	55
46	137	17
46	124	81
46	191	14
46	196	34
46	121	26
46	141	61
46	187	80
46	97	74
46	142	88
46	56	54
46	133	53
46	48	49
46	120	64
46	119	65
46	162	9
46	103	29
46	149	66
46	126	26
46	188	46
46	125	41
46	123	81
46	189	100
46	153	86
46	190	84
46	95	6
46	117	18
46	69	34
46	122	90
46	114	37
46	152	59
46	144	96
46	129	18
46	195	79
46	138	30
46	53	30
46	104	47
46	116	14
46	139	36
46	180	94
46	94	8
46	178	81
46	173	73
46	130	51
46	66	28
46	111	30
46	63	73
46	193	81
46	161	53
46	143	95
46	148	10
46	61	29
46	108	72
46	176	63
46	146	37
46	83	43
46	54	19
46	47	82
46	99	45
46	87	30
46	192	56
46	76	82
46	194	39
46	65	19
47	194	87
47	130	37
47	102	14
47	98	16
47	190	50
47	100	11
47	179	61
47	149	97
47	159	15
47	125	43
47	96	41
47	118	96
47	176	5
47	151	19
47	141	26
47	129	34
47	101	98
47	124	71
47	97	98
47	127	18
47	160	81
47	189	47
47	49	34
47	187	42
47	144	18
47	186	39
47	170	65
47	172	100
47	60	20
47	148	94
47	139	10
47	62	47
47	105	15
47	162	81
47	112	80
47	174	20
47	126	71
47	168	77
47	113	30
47	178	83
47	122	23
47	57	5
47	153	87
47	54	98
47	152	29
47	70	68
47	48	47
47	56	29
47	155	76
47	188	18
47	133	73
47	94	96
47	175	68
47	65	10
47	185	79
47	63	82
47	132	27
47	59	35
47	166	40
47	191	28
47	74	38
47	116	98
47	123	34
47	195	44
47	138	30
47	81	74
47	167	32
47	171	83
47	156	26
47	53	55
47	140	67
47	157	77
47	55	96
47	154	46
47	182	72
47	103	22
47	142	84
47	197	76
48	141	92
48	108	89
48	114	43
48	152	72
48	131	11
48	181	11
48	128	46
48	196	64
48	49	58
48	124	10
48	112	83
48	129	93
48	174	27
48	96	30
48	125	58
48	138	18
48	167	8
48	144	36
48	107	42
48	149	50
48	113	31
48	156	41
48	100	67
48	159	41
48	52	95
48	115	14
48	132	27
48	176	24
48	116	37
48	193	40
48	158	34
48	103	73
48	62	55
48	163	89
48	190	17
48	99	55
48	50	25
48	57	66
48	98	67
48	120	40
48	185	27
48	63	27
48	105	44
48	155	11
48	126	32
48	189	21
48	146	57
48	119	50
48	95	48
48	74	84
48	140	88
48	186	83
48	97	93
48	162	48
48	134	54
48	58	45
48	65	47
48	137	42
48	72	10
48	82	70
48	195	25
48	187	40
48	153	25
48	170	27
48	142	23
48	117	30
48	61	76
48	123	99
48	148	19
48	172	42
48	110	21
49	185	66
49	137	48
49	177	38
49	114	91
49	144	13
49	107	85
49	131	98
49	50	34
49	173	69
49	176	70
49	139	59
49	141	27
49	187	17
49	51	20
49	121	80
49	153	57
49	155	99
49	169	84
49	164	82
49	53	58
49	126	44
49	54	70
49	145	63
49	149	94
49	160	93
49	57	77
49	188	8
49	190	21
49	112	77
49	136	99
49	104	29
49	115	38
49	113	10
49	105	16
49	194	40
49	182	30
49	154	83
49	196	20
49	143	48
49	100	93
49	152	88
49	109	53
49	125	33
49	163	46
49	179	61
49	148	39
49	68	95
49	123	92
49	124	85
49	65	41
49	70	62
49	147	66
49	118	9
49	159	98
49	133	11
49	116	27
49	129	20
49	186	62
49	146	92
49	183	68
49	80	56
49	135	78
49	102	17
49	134	83
49	84	17
49	67	75
49	170	48
49	99	52
49	97	76
49	110	87
49	140	95
49	197	17
49	192	46
49	79	58
49	157	71
49	62	10
49	63	38
49	166	58
49	87	91
49	78	27
49	92	9
49	66	64
49	117	46
50	158	87
50	176	6
50	180	31
50	191	52
50	185	39
50	98	26
50	188	6
50	104	51
50	170	64
50	55	46
50	195	76
50	103	87
50	126	68
50	124	16
50	179	36
50	187	55
50	156	21
50	119	93
50	102	47
50	111	57
50	110	16
50	130	12
50	135	16
50	192	48
50	162	10
50	53	43
50	142	15
50	166	82
50	57	44
50	145	36
50	113	55
50	118	21
50	66	22
50	196	27
50	56	65
50	199	69
50	134	70
50	129	29
50	68	23
50	61	45
50	160	74
50	159	95
50	71	25
50	54	18
50	173	49
50	193	72
50	137	56
50	77	50
50	79	30
50	131	94
50	59	23
50	167	98
50	99	53
50	82	96
50	51	81
50	184	45
50	190	73
50	101	57
50	194	93
50	147	90
50	52	22
50	117	45
50	108	82
50	197	91
50	127	65
50	146	52
50	84	73
50	106	17
50	70	59
50	157	48
51	143	22
51	174	47
51	150	58
51	120	98
51	149	48
51	121	49
51	119	16
51	148	62
51	168	69
51	115	85
51	116	40
51	146	84
51	198	61
51	156	27
51	157	94
51	195	93
51	56	99
51	161	37
51	184	69
51	139	28
51	152	54
51	59	16
51	123	81
51	194	39
51	137	35
51	189	41
51	158	15
51	70	26
51	64	44
51	99	78
51	118	8
51	183	8
51	181	54
51	102	43
51	54	22
51	186	99
51	112	80
51	191	88
51	180	96
51	113	81
51	67	9
51	117	17
51	72	60
51	108	22
51	63	65
51	154	74
51	190	51
51	78	46
51	106	100
51	141	10
51	100	20
51	107	36
51	60	6
51	130	22
51	188	100
51	175	62
51	164	77
51	187	79
51	82	6
51	111	43
51	110	83
51	129	27
51	92	35
51	76	76
51	86	21
51	105	51
51	114	98
52	109	17
52	198	40
52	120	34
52	185	53
52	186	53
52	192	37
52	117	41
52	131	58
52	161	52
52	193	39
52	199	10
52	110	81
52	125	64
52	182	77
52	119	63
52	53	21
52	158	41
52	148	49
52	121	7
52	101	97
52	102	69
52	115	64
52	122	53
52	141	69
52	166	87
52	178	67
52	54	11
52	146	64
52	62	85
52	189	12
52	151	97
52	184	83
52	140	91
52	150	16
52	155	35
52	124	74
52	61	97
52	196	79
52	197	51
52	174	7
52	180	16
52	118	86
52	64	49
52	129	84
52	134	76
52	149	56
52	194	47
52	154	23
52	72	30
52	108	61
52	139	65
52	143	95
52	76	94
52	176	37
52	114	49
52	74	48
52	135	9
52	85	41
52	82	20
52	77	73
52	107	17
52	145	64
52	113	98
52	111	67
52	73	81
52	162	92
52	83	5
52	142	71
52	167	12
52	188	61
52	112	47
52	165	10
52	68	71
53	158	13
53	189	19
53	105	43
53	118	35
53	168	99
53	106	99
53	157	100
53	109	97
53	197	34
53	54	22
53	172	51
53	159	75
53	139	77
53	114	78
53	130	83
53	166	9
53	121	65
53	100	89
53	135	73
53	161	35
53	184	41
53	170	21
53	113	48
53	117	26
53	165	6
53	194	55
53	133	28
53	108	44
53	186	93
53	61	13
53	167	48
53	178	55
53	190	72
53	55	9
53	134	75
53	112	18
53	193	80
53	148	72
53	127	66
53	67	52
53	171	39
53	128	76
53	179	83
53	176	94
53	137	71
53	198	27
53	80	19
53	123	63
53	68	95
53	103	56
53	145	52
53	81	100
53	110	34
53	144	84
53	111	89
53	151	40
53	59	53
53	70	37
53	115	29
53	187	99
53	177	52
53	150	65
53	84	83
53	64	34
53	58	48
53	154	32
53	153	66
53	76	72
53	164	69
53	92	52
53	89	62
53	73	14
53	188	76
53	142	17
53	182	87
53	199	76
53	120	30
53	90	41
54	124	76
54	106	64
54	113	74
54	109	80
54	130	15
54	111	35
54	175	67
54	189	54
54	187	21
54	182	90
54	180	15
54	176	68
54	191	82
54	179	83
54	63	93
54	107	87
54	121	8
54	140	65
54	163	57
54	135	35
54	61	24
54	190	77
54	69	90
54	120	73
54	167	57
54	127	54
54	149	9
54	77	55
54	105	39
54	168	10
54	156	53
54	193	30
54	126	38
54	123	79
54	82	47
54	101	67
54	171	62
54	199	18
54	129	100
54	141	10
54	117	11
54	150	94
54	132	98
54	161	34
54	165	71
54	137	22
54	192	32
54	86	65
54	144	92
54	125	78
54	166	82
54	169	63
54	64	49
54	103	18
54	75	44
54	116	35
54	155	25
54	83	84
54	112	29
54	133	89
54	136	57
54	194	47
54	60	55
54	104	72
54	183	66
54	158	12
54	177	35
54	110	84
54	159	52
54	78	67
54	196	74
54	185	52
54	139	32
54	178	74
55	172	51
55	173	26
55	177	74
55	170	18
55	109	76
55	184	49
55	148	22
55	151	55
55	185	51
55	154	94
55	167	59
55	150	42
55	182	22
55	171	41
55	114	75
55	145	31
55	187	15
55	142	31
55	138	95
55	126	56
55	149	77
55	131	19
55	183	55
55	103	95
55	122	18
55	107	65
55	155	88
55	194	71
55	73	75
55	191	97
55	197	77
55	59	19
55	69	49
55	62	82
55	119	64
55	160	34
55	128	99
55	112	89
55	163	18
55	123	67
55	161	43
55	146	98
55	164	21
55	117	39
55	198	22
55	72	31
55	143	32
55	57	78
55	81	32
55	153	11
55	181	11
55	121	77
55	80	36
55	132	55
55	61	41
55	192	45
55	133	50
55	84	64
55	63	73
55	159	27
55	195	87
55	165	53
55	91	77
55	134	89
55	189	37
55	199	17
55	127	12
55	96	76
55	168	51
55	120	87
55	78	82
55	89	9
56	129	16
56	185	5
56	122	10
56	124	93
56	147	29
56	109	36
56	140	71
56	192	15
56	136	74
56	183	37
56	110	86
56	131	41
56	172	74
56	104	75
56	118	91
56	142	74
56	148	33
56	159	70
56	63	25
56	161	76
56	191	65
56	149	94
56	106	19
56	174	29
56	197	36
56	138	7
56	157	28
56	165	52
56	123	100
56	194	20
56	168	42
56	126	71
56	151	34
56	176	93
56	179	33
56	130	76
56	116	49
56	189	6
56	198	48
56	199	93
56	59	22
56	62	59
56	77	41
56	139	66
56	128	21
56	186	82
56	72	66
56	67	42
56	143	11
56	164	42
56	75	88
56	119	93
56	127	24
56	103	16
56	158	55
56	155	24
56	60	63
56	115	96
56	162	57
56	171	72
56	163	96
56	144	21
56	80	84
56	88	15
56	66	25
56	90	22
56	105	39
56	107	21
56	141	19
56	184	29
56	71	99
57	141	41
57	160	69
57	195	55
57	198	95
57	155	70
57	178	81
57	158	98
57	118	79
57	184	67
57	144	89
57	122	92
57	173	31
57	59	93
57	117	43
57	143	56
57	60	72
57	161	80
57	123	89
57	180	55
57	125	42
57	131	30
57	177	32
57	108	62
57	129	35
57	193	99
57	140	62
57	182	29
57	120	25
57	121	22
57	105	59
57	107	56
57	111	95
57	62	9
57	176	20
57	199	10
57	190	36
57	185	14
57	149	81
57	153	10
57	148	9
57	119	54
57	138	92
57	164	42
57	78	25
57	168	43
57	159	75
57	115	84
57	72	29
57	110	61
57	147	38
57	113	13
57	67	21
57	70	98
57	179	16
57	127	55
57	64	24
57	139	91
57	92	11
57	74	68
57	63	68
57	93	63
57	75	63
57	183	13
57	95	15
57	99	55
57	80	85
58	113	6
58	158	53
58	146	23
58	147	45
58	154	59
58	157	91
58	184	6
58	60	70
58	106	79
58	131	50
58	61	82
58	172	69
58	65	58
58	177	29
58	182	34
58	155	67
58	165	87
58	188	67
58	160	14
58	156	53
58	191	100
58	114	6
58	139	24
58	190	74
58	66	59
58	137	13
58	161	20
58	197	84
58	183	10
58	108	43
58	167	64
58	135	86
58	129	25
58	144	38
58	125	35
58	173	63
58	105	19
58	153	67
58	69	23
58	181	30
58	126	21
58	189	84
58	63	50
58	180	64
58	72	8
58	162	76
58	185	96
58	145	70
58	62	91
58	127	6
58	199	88
58	70	97
58	78	71
58	196	65
58	121	13
58	186	64
58	81	46
58	134	91
58	168	63
58	94	15
58	93	78
58	164	90
58	86	42
58	91	56
58	88	91
58	122	57
58	138	28
58	76	34
58	132	93
58	169	71
58	77	83
58	59	24
58	187	20
58	143	23
58	96	77
59	117	81
59	132	91
59	199	35
59	146	95
59	193	44
59	135	59
59	186	98
59	162	51
59	175	6
59	109	7
59	168	13
59	178	73
59	158	93
59	150	66
59	134	61
59	161	69
59	179	16
59	197	48
59	63	55
59	116	70
59	125	9
59	142	66
59	164	27
59	173	45
59	60	25
59	118	64
59	115	42
59	62	86
59	121	78
59	61	97
59	153	46
59	130	37
59	194	81
59	136	76
59	185	29
59	64	75
59	152	27
59	160	44
59	80	68
59	113	75
59	131	62
59	145	71
59	78	39
59	138	98
59	74	67
59	180	43
59	191	57
59	176	72
59	174	59
59	144	56
59	75	76
59	72	30
59	77	100
59	198	17
59	159	50
59	110	41
59	73	17
59	143	61
59	92	12
59	126	26
59	166	82
59	129	19
59	147	8
59	107	58
59	140	36
59	165	46
59	82	36
59	85	52
59	167	99
59	103	70
60	140	18
60	116	90
60	108	53
60	172	34
60	199	92
60	146	56
60	139	48
60	188	79
60	148	16
60	149	24
60	185	81
60	67	80
60	156	30
60	170	20
60	114	46
60	131	36
60	70	64
60	115	5
60	144	31
60	151	6
60	169	58
60	164	25
60	136	92
60	168	64
60	111	69
60	175	48
60	113	27
60	122	46
60	62	17
60	133	83
60	155	28
60	165	70
60	173	12
60	192	73
60	145	7
60	147	74
60	162	34
60	78	6
60	189	47
60	109	87
60	171	5
60	158	65
60	134	56
60	66	40
60	125	52
60	161	98
60	150	26
60	160	60
60	79	65
60	143	22
60	166	25
60	186	65
60	89	9
60	107	51
60	88	21
60	153	84
60	69	7
60	117	46
60	95	18
60	121	97
60	71	19
60	74	14
60	126	71
60	176	43
60	196	53
60	72	75
60	81	21
60	132	83
60	137	14
60	195	65
60	177	16
60	184	73
60	157	68
60	190	83
60	183	40
61	158	61
61	187	82
61	161	33
61	62	44
61	130	84
61	185	49
61	64	74
61	142	75
61	121	75
61	192	66
61	163	70
61	184	19
61	127	34
61	117	41
61	177	84
61	111	20
61	119	26
61	154	38
61	108	87
61	171	10
61	194	86
61	70	17
61	76	91
61	109	56
61	74	86
61	110	76
61	141	16
61	175	68
61	135	35
61	172	72
61	68	24
61	157	42
61	165	75
61	155	81
61	66	58
61	134	79
61	164	84
61	191	83
61	139	93
61	115	77
61	133	94
61	146	59
61	160	84
61	168	80
61	169	79
61	71	97
61	181	8
61	113	79
61	122	11
61	183	34
61	128	17
61	123	10
61	138	13
61	197	46
61	144	45
61	63	32
61	195	88
61	67	14
61	84	64
61	151	10
61	150	45
61	79	92
61	131	31
61	186	54
61	89	35
61	116	10
61	137	63
61	82	10
61	85	49
61	148	81
61	173	38
61	196	35
61	88	66
61	99	63
61	162	96
61	147	76
61	125	27
61	90	59
62	112	42
62	127	98
62	161	73
62	116	45
62	156	91
62	173	96
62	143	15
62	157	25
62	152	85
62	141	95
62	121	47
62	147	48
62	144	15
62	111	50
62	192	91
62	187	88
62	66	53
62	109	96
62	129	26
62	175	18
62	64	52
62	140	13
62	71	58
62	67	67
62	149	31
62	70	30
62	162	73
62	110	35
62	119	39
62	77	88
62	130	75
62	75	76
62	118	59
62	135	17
62	183	30
62	82	68
62	145	99
62	74	10
62	80	39
62	73	74
62	177	50
62	138	15
62	120	36
62	146	58
62	180	29
62	90	18
62	190	43
62	197	92
62	176	13
62	189	50
62	88	38
62	170	45
62	163	39
62	184	50
62	125	78
62	85	64
62	101	50
62	166	75
62	86	39
62	96	82
62	182	54
62	76	40
62	113	55
63	178	80
63	135	61
63	192	74
63	124	23
63	152	42
63	150	53
63	138	99
63	69	75
63	130	83
63	143	54
63	163	11
63	180	17
63	134	42
63	65	24
63	112	49
63	145	27
63	131	15
63	132	85
63	141	67
63	161	6
63	72	59
63	125	53
63	75	64
63	136	79
63	154	86
63	78	23
63	139	47
63	156	29
63	169	78
63	116	69
63	188	82
63	68	19
63	147	10
63	151	30
63	197	24
63	142	85
63	185	30
63	187	27
63	196	52
63	158	73
63	173	30
63	193	26
63	127	85
63	76	34
63	170	16
63	148	58
63	122	20
63	73	41
63	176	55
63	175	25
63	129	94
63	160	11
63	90	72
63	168	46
63	64	77
63	70	93
63	83	26
63	183	90
63	74	9
63	191	8
63	85	29
63	181	10
63	101	22
63	102	36
63	120	50
63	93	85
63	82	22
63	77	58
63	174	94
63	86	74
64	148	96
64	118	10
64	122	64
64	145	63
64	127	89
64	184	44
64	196	67
64	194	96
64	141	23
64	120	13
64	113	98
64	142	86
64	146	74
64	163	54
64	131	24
64	126	45
64	181	89
64	177	34
64	134	47
64	135	42
64	169	28
64	140	44
64	154	19
64	160	79
64	180	65
64	197	21
64	165	14
64	130	88
64	190	18
64	187	33
64	112	29
64	123	83
64	189	15
64	66	33
64	171	36
64	164	16
64	115	9
64	199	7
64	188	69
64	133	19
64	83	51
64	119	26
64	172	78
64	195	31
64	111	77
64	68	84
64	173	13
64	79	88
64	174	46
64	82	57
64	149	79
64	152	27
64	153	50
64	117	12
64	72	58
64	143	42
64	192	35
64	65	36
64	144	49
64	183	33
64	150	77
64	151	54
64	186	85
64	103	18
64	128	35
64	162	68
64	93	36
64	121	49
64	191	88
64	95	17
65	148	46
65	156	95
65	181	64
65	138	46
65	196	10
65	119	84
65	116	85
65	135	62
65	67	20
65	70	55
65	136	46
65	129	46
65	122	52
65	150	33
65	170	73
65	159	22
65	120	28
65	123	82
65	186	53
65	173	56
65	73	28
65	78	91
65	112	35
65	128	92
65	137	94
65	131	44
65	182	54
65	81	36
65	153	56
65	117	79
65	195	15
65	161	61
65	86	10
65	139	79
65	178	6
65	179	19
65	155	95
65	89	16
65	72	32
65	74	78
65	134	46
65	87	98
65	142	67
65	191	6
65	133	78
65	140	27
65	169	43
65	164	10
65	93	55
65	114	98
65	165	56
65	85	37
65	90	38
65	100	35
65	158	82
65	121	25
65	118	14
65	197	94
65	163	18
65	96	47
65	189	75
65	185	13
65	97	95
66	170	65
66	126	65
66	163	25
66	178	25
66	150	96
66	165	43
66	179	18
66	117	94
66	114	94
66	197	78
66	176	60
66	192	97
66	195	31
66	181	24
66	131	5
66	174	90
66	175	99
66	71	95
66	198	41
66	158	51
66	153	70
66	166	34
66	142	63
66	186	37
66	80	25
66	143	82
66	141	51
66	190	60
66	140	29
66	167	56
66	129	78
66	134	80
66	161	49
66	78	64
66	171	41
66	120	7
66	133	56
66	177	38
66	168	39
66	182	67
66	91	28
66	136	80
66	169	52
66	72	6
66	89	57
66	189	57
66	149	19
66	76	9
66	146	6
66	138	37
66	77	28
66	156	8
66	87	63
66	173	25
66	196	61
66	113	66
66	93	74
66	172	67
66	100	12
66	69	26
67	169	17
67	168	87
67	193	17
67	137	50
67	178	77
67	163	58
67	121	56
67	195	13
67	174	49
67	124	69
67	160	64
67	133	65
67	150	17
67	146	82
67	147	28
67	79	73
67	73	37
67	173	10
67	198	47
67	188	68
67	136	72
67	69	35
67	197	68
67	167	39
67	75	33
67	142	71
67	151	74
67	156	88
67	88	43
67	162	98
67	190	30
67	83	44
67	138	64
67	81	67
67	116	83
67	181	89
67	78	12
67	120	37
67	183	42
67	185	15
67	84	73
67	123	78
67	85	20
67	157	9
67	153	14
67	131	27
67	102	82
67	130	17
67	144	9
67	122	96
67	135	58
67	166	20
67	199	57
67	74	17
67	126	36
67	141	73
67	170	38
67	179	19
67	117	36
67	91	16
68	183	29
68	194	6
68	153	16
68	189	5
68	180	75
68	181	44
68	144	27
68	166	92
68	117	16
68	177	77
68	170	22
68	121	72
68	161	78
68	72	100
68	124	61
68	126	33
68	192	72
68	79	28
68	187	98
68	174	40
68	145	23
68	151	50
68	197	84
68	199	28
68	75	31
68	175	29
68	185	46
68	78	93
68	154	63
68	178	45
68	142	79
68	176	62
68	184	98
68	120	28
68	171	46
68	77	83
68	125	56
68	89	9
68	137	9
68	165	13
68	74	62
68	81	41
68	198	80
68	96	23
68	119	21
68	159	88
68	132	68
68	73	44
68	156	88
68	141	59
68	83	28
68	162	95
68	182	60
68	173	70
68	128	48
68	133	72
68	167	16
68	150	28
68	138	51
68	99	33
68	131	54
68	90	79
68	118	14
68	130	72
68	127	13
68	160	36
68	163	11
68	109	58
68	172	59
68	93	46
68	193	32
69	159	56
69	142	42
69	153	63
69	130	6
69	143	21
69	164	46
69	132	55
69	192	31
69	141	13
69	152	7
69	193	69
69	140	31
69	175	48
69	126	94
69	71	68
69	134	62
69	186	50
69	156	46
69	188	37
69	75	38
69	169	59
69	185	33
69	70	90
69	117	32
69	158	30
69	146	97
69	150	45
69	166	42
69	157	24
69	74	53
69	81	18
69	148	54
69	167	7
69	187	8
69	151	23
69	176	70
69	170	68
69	199	53
69	137	20
69	129	80
69	155	31
69	196	82
69	171	90
69	177	21
69	183	99
69	144	19
69	88	53
69	119	76
69	121	44
69	87	18
69	78	12
69	97	26
69	100	63
69	84	8
69	101	60
69	98	13
69	83	13
69	136	46
69	89	87
69	184	17
69	108	41
69	195	20
69	197	75
69	72	94
69	131	10
69	94	52
69	181	70
69	173	66
69	194	71
69	138	24
69	180	20
69	198	74
70	140	91
70	129	64
70	180	53
70	165	53
70	161	78
70	196	63
70	162	20
70	80	49
70	190	83
70	77	61
70	156	35
70	117	79
70	76	54
70	72	60
70	151	80
70	170	58
70	73	39
70	167	31
70	169	81
70	134	82
70	126	46
70	185	14
70	184	23
70	85	75
70	86	86
70	199	66
70	175	15
70	160	63
70	127	71
70	75	23
70	197	89
70	143	72
70	138	38
70	198	18
70	178	78
70	183	61
70	150	35
70	118	43
70	192	23
70	194	33
70	168	73
70	166	39
70	176	33
70	145	44
70	148	20
70	147	99
70	96	59
70	93	17
70	179	45
70	189	96
70	108	39
70	122	86
70	113	60
70	123	46
70	95	98
71	168	83
71	177	6
71	185	17
71	151	65
71	127	43
71	199	68
71	155	96
71	193	89
71	158	74
71	143	91
71	146	72
71	173	37
71	137	72
71	186	56
71	160	7
71	176	49
71	130	22
71	131	78
71	192	14
71	161	72
71	189	34
71	179	78
71	194	67
71	184	86
71	165	68
71	72	37
71	73	11
71	153	8
71	174	77
71	175	38
71	121	93
71	136	22
71	118	5
71	167	88
71	98	16
71	183	82
71	187	80
71	90	59
71	79	27
71	76	81
71	77	68
71	94	95
71	140	6
71	128	90
71	125	11
71	156	82
71	162	11
71	149	90
71	164	92
71	86	56
71	126	23
71	92	46
71	75	25
71	188	17
71	96	86
71	166	32
71	83	90
71	178	45
71	138	71
71	82	14
71	124	32
71	163	20
71	129	86
71	105	54
71	97	11
71	78	90
72	189	72
72	166	80
72	180	30
72	145	74
72	182	66
72	191	47
72	167	63
72	148	69
72	138	56
72	149	64
72	142	50
72	127	89
72	144	65
72	150	25
72	157	20
72	170	61
72	175	74
72	78	66
72	120	17
72	179	72
72	172	51
72	131	38
72	141	74
72	156	79
72	190	70
72	197	24
72	194	28
72	84	73
72	77	24
72	151	72
72	85	56
72	75	96
72	119	65
72	168	50
72	160	73
72	128	67
72	126	8
72	195	48
72	183	12
72	186	81
72	146	21
72	159	51
72	181	87
72	132	25
72	74	69
72	173	74
72	171	51
72	133	33
72	137	86
72	95	31
72	199	23
72	121	95
72	130	28
72	187	46
72	184	12
72	198	53
72	158	69
72	104	15
72	105	10
72	82	96
72	134	25
72	162	81
72	103	55
72	83	77
72	176	84
72	125	69
72	122	43
72	155	87
72	192	83
72	98	74
72	107	73
72	86	19
72	81	44
72	140	54
72	92	13
73	137	100
73	120	79
73	184	49
73	192	50
73	148	35
73	124	80
73	121	47
73	195	80
73	159	37
73	75	66
73	196	32
73	135	72
73	157	84
73	193	7
73	84	76
73	127	65
73	153	36
73	79	13
73	89	57
73	173	57
73	92	5
73	133	18
73	139	43
73	194	55
73	171	46
73	185	57
73	76	19
73	123	64
73	147	80
73	161	49
73	125	42
73	175	34
73	98	71
73	149	66
73	81	90
73	78	41
73	131	93
73	138	20
73	177	82
73	146	83
73	94	86
73	162	77
73	163	41
73	155	33
73	198	13
73	151	54
73	122	65
73	168	100
73	80	49
73	77	35
73	83	30
73	143	57
73	141	78
73	158	14
73	128	32
73	160	58
73	178	47
73	105	41
73	109	34
73	190	38
73	106	92
73	174	21
73	179	34
73	129	34
73	102	69
74	152	20
74	177	42
74	182	25
74	127	6
74	140	63
74	145	89
74	161	6
74	125	96
74	151	20
74	148	52
74	187	91
74	139	28
74	134	76
74	150	77
74	193	83
74	84	21
74	136	14
74	82	12
74	183	8
74	181	61
74	149	29
74	158	55
74	174	94
74	175	25
74	180	60
74	77	45
74	121	64
74	195	20
74	154	54
74	192	81
74	86	27
74	185	28
74	137	93
74	166	41
74	157	91
74	153	92
74	168	14
74	172	48
74	179	63
74	88	19
74	95	94
74	188	14
74	83	24
74	190	64
74	102	32
74	191	57
74	126	32
74	155	92
74	135	86
74	106	22
74	146	32
74	196	89
74	75	77
74	141	18
74	178	33
74	117	58
74	132	15
75	139	15
75	142	86
75	167	90
75	165	86
75	125	94
75	199	6
75	128	86
75	143	38
75	136	68
75	180	41
75	181	89
75	151	56
75	152	15
75	155	21
75	196	75
75	184	7
75	190	31
75	194	71
75	130	94
75	171	6
75	174	66
75	137	50
75	157	19
75	161	31
75	160	15
75	176	44
75	132	82
75	168	43
75	188	34
75	122	92
75	183	30
75	76	21
75	185	80
75	77	79
75	86	62
75	81	15
75	141	66
75	146	100
75	172	9
75	91	56
75	170	93
75	129	13
75	94	99
75	126	84
75	198	52
75	95	33
75	178	50
75	148	88
75	179	86
75	80	19
75	87	88
75	187	77
75	88	52
75	124	50
75	109	35
75	84	39
75	192	85
75	103	70
75	134	41
75	158	20
75	154	59
75	100	48
75	101	75
75	145	50
75	112	25
75	99	94
76	171	18
76	164	26
76	129	24
76	176	14
76	133	84
76	147	72
76	168	5
76	123	57
76	173	13
76	128	27
76	167	95
76	186	83
76	136	88
76	139	94
76	140	27
76	182	13
76	79	37
76	187	37
76	181	63
76	194	85
76	124	62
76	170	76
76	143	76
76	130	71
76	86	91
76	148	20
76	82	30
76	146	74
76	183	61
76	84	41
76	83	15
76	93	99
76	95	86
76	177	60
76	91	93
76	127	93
76	155	60
76	132	79
76	144	65
76	131	40
76	145	28
76	137	30
76	81	33
76	149	84
76	152	7
76	102	38
76	96	76
76	103	36
76	106	50
76	197	78
76	195	46
76	97	89
76	175	51
76	199	87
76	150	52
76	134	63
76	192	58
76	178	64
76	142	28
76	161	40
76	180	92
76	159	72
76	115	43
76	193	50
76	119	21
77	159	75
77	155	51
77	187	28
77	189	14
77	190	93
77	195	78
77	130	96
77	151	12
77	147	89
77	131	19
77	198	42
77	169	77
77	183	6
77	165	20
77	87	85
77	125	97
77	152	20
77	158	55
77	145	54
77	132	83
77	179	44
77	84	6
77	161	41
77	164	61
77	146	12
77	153	97
77	81	19
77	138	58
77	150	37
77	154	27
77	177	60
77	127	43
77	170	12
77	89	5
77	140	16
77	103	83
77	106	81
77	134	91
77	137	80
77	185	83
77	110	30
77	171	58
77	194	36
77	135	18
77	184	86
77	148	36
77	156	76
77	192	62
77	133	9
77	157	90
77	160	25
77	86	86
77	80	76
77	119	70
77	180	98
77	92	98
77	162	34
77	188	96
77	93	5
78	183	99
78	79	74
78	164	45
78	188	80
78	160	21
78	141	67
78	138	78
78	84	60
78	81	60
78	133	18
78	137	78
78	80	98
78	127	68
78	177	6
78	136	60
78	175	60
78	85	13
78	189	27
78	131	50
78	169	6
78	150	45
78	92	28
78	178	27
78	191	86
78	186	88
78	162	16
78	193	47
78	125	93
78	153	62
78	93	65
78	142	64
78	197	10
78	180	47
78	185	51
78	100	46
78	146	61
78	167	93
78	97	92
78	159	8
78	158	25
78	98	77
78	143	84
78	163	70
78	198	57
78	148	50
78	155	93
78	128	62
78	104	14
78	86	26
78	156	14
78	89	86
78	199	70
78	182	61
78	82	61
78	172	91
78	107	5
78	140	74
79	162	42
79	175	47
79	135	43
79	171	94
79	161	15
79	168	79
79	136	16
79	144	17
79	138	34
79	187	74
79	80	40
79	198	5
79	126	54
79	82	48
79	181	56
79	85	46
79	81	45
79	145	62
79	165	61
79	189	45
79	150	96
79	182	99
79	159	77
79	152	36
79	153	18
79	88	23
79	146	23
79	194	32
79	186	77
79	92	98
79	97	35
79	170	21
79	93	61
79	185	32
79	109	74
79	95	88
79	140	59
79	110	22
79	132	81
79	147	40
79	169	90
79	188	75
79	179	22
79	94	35
79	192	47
79	143	54
79	111	44
79	107	13
79	183	34
79	98	75
79	102	93
79	106	100
79	116	17
79	166	22
79	83	83
79	124	53
80	154	10
80	133	74
80	144	19
80	137	11
80	141	43
80	192	92
80	131	12
80	184	13
80	143	26
80	174	31
80	132	79
80	155	74
80	164	14
80	173	47
80	136	22
80	171	52
80	95	40
80	194	60
80	186	24
80	198	32
80	196	66
80	130	37
80	182	81
80	188	87
80	185	53
80	159	67
80	157	57
80	169	9
80	176	68
80	152	59
80	104	75
80	92	47
80	100	34
80	81	62
80	86	64
80	83	90
80	134	52
80	151	11
80	162	79
80	82	56
80	142	82
80	101	55
80	107	7
80	112	70
80	190	73
80	116	65
80	191	63
80	153	79
80	119	77
80	197	68
80	165	18
80	166	79
80	121	70
80	150	9
81	162	19
81	144	88
81	134	11
81	163	93
81	150	55
81	140	79
81	158	64
81	145	49
81	91	7
81	191	41
81	198	47
81	192	9
81	137	47
81	175	9
81	88	89
81	185	38
81	90	30
81	170	86
81	172	77
81	157	79
81	146	54
81	136	51
81	149	10
81	153	10
81	159	87
81	129	12
81	82	83
81	189	6
81	186	71
81	93	37
81	152	40
81	130	84
81	139	28
81	85	96
81	194	41
81	195	79
81	151	8
81	156	82
81	99	99
81	142	84
81	166	40
81	160	26
81	197	24
81	84	62
81	171	83
81	199	21
81	101	30
81	184	7
81	196	66
81	174	14
81	126	63
81	161	99
82	171	68
82	189	68
82	176	87
82	172	19
82	190	88
82	166	7
82	152	23
82	88	65
82	175	84
82	173	41
82	140	61
82	178	65
82	165	44
82	141	19
82	93	8
82	130	58
82	195	62
82	84	15
82	148	27
82	185	24
82	154	69
82	91	65
82	90	91
82	131	10
82	188	5
82	135	30
82	137	63
82	193	35
82	86	73
82	158	35
82	181	55
82	150	37
82	191	87
82	96	45
82	155	33
82	159	98
82	104	25
82	94	38
82	101	61
82	83	93
82	142	16
82	169	92
82	116	12
82	167	90
82	151	14
82	147	89
82	184	60
83	138	27
83	165	97
83	188	84
83	160	28
83	180	52
83	147	90
83	131	28
83	198	45
83	130	81
83	133	93
83	179	50
83	197	31
83	166	72
83	191	74
83	96	80
83	164	41
83	143	69
83	190	55
83	93	81
83	101	36
83	156	44
83	175	47
83	87	44
83	98	82
83	195	95
83	181	64
83	151	45
83	145	94
83	94	36
83	168	27
83	167	65
83	149	37
83	111	61
83	153	77
83	172	72
83	194	8
83	163	45
83	86	96
83	113	71
83	192	73
83	95	23
83	112	30
83	110	63
83	187	69
83	142	57
83	115	39
83	183	32
83	146	34
83	91	41
83	199	71
84	172	69
84	150	87
84	188	48
84	143	8
84	88	66
84	140	40
84	186	73
84	155	67
84	133	19
84	144	98
84	138	90
84	187	63
84	177	66
84	199	65
84	151	78
84	160	39
84	182	58
84	141	76
84	92	93
84	184	65
84	173	88
84	198	53
84	180	62
84	136	82
84	93	89
84	85	65
84	101	54
84	146	92
84	109	85
84	135	71
84	89	96
84	153	40
84	162	70
84	107	73
84	163	54
84	196	46
84	145	18
84	185	65
84	99	51
84	170	15
84	193	39
84	161	61
84	169	10
84	149	67
84	118	51
84	165	58
84	158	81
84	117	33
84	114	37
84	175	78
84	152	60
84	121	18
85	165	96
85	157	87
85	197	81
85	196	98
85	183	93
85	199	12
85	182	30
85	191	70
85	190	52
85	154	20
85	146	37
85	188	36
85	139	22
85	132	55
85	144	11
85	95	42
85	193	43
85	178	92
85	96	69
85	149	90
85	173	68
85	194	87
85	91	65
85	97	20
85	134	99
85	104	50
85	88	17
85	145	23
85	135	88
85	159	22
85	102	73
85	155	61
85	140	16
85	92	61
85	186	58
85	158	24
85	93	51
85	137	84
85	187	93
85	107	29
85	143	67
85	156	9
85	112	81
85	110	56
85	162	35
85	87	23
85	119	97
85	141	18
86	194	85
86	181	57
86	169	20
86	176	52
86	173	50
86	178	84
86	180	54
86	148	92
86	89	17
86	171	24
86	190	23
86	192	44
86	157	58
86	188	80
86	143	89
86	165	40
86	183	65
86	88	10
86	170	48
86	175	62
86	162	19
86	154	45
86	95	20
86	151	23
86	99	45
86	94	98
86	198	51
86	146	75
86	186	93
86	136	13
86	139	56
86	159	73
86	164	23
86	161	20
86	187	26
86	91	66
86	137	57
86	144	70
86	141	89
86	155	41
86	172	81
86	103	79
86	119	85
86	87	78
86	199	37
86	117	98
86	145	38
86	177	56
86	125	75
86	149	92
86	182	97
86	106	89
86	167	48
86	104	83
86	124	85
87	141	19
87	161	62
87	158	80
87	170	11
87	166	20
87	179	23
87	147	41
87	184	48
87	164	59
87	91	85
87	176	46
87	182	17
87	96	75
87	153	9
87	187	40
87	154	40
87	148	87
87	193	38
87	177	14
87	151	20
87	167	12
87	93	90
87	137	63
87	162	71
87	95	7
87	92	82
87	190	30
87	155	31
87	139	97
87	150	21
87	135	99
87	99	46
87	178	27
87	186	20
87	195	90
87	108	74
87	109	49
87	117	77
87	149	40
87	169	96
87	120	80
87	101	10
87	124	75
87	118	90
87	103	91
87	165	61
87	134	22
87	160	56
87	125	89
87	112	52
87	143	95
87	185	90
88	170	59
88	163	17
88	143	73
88	148	17
88	178	99
88	149	59
88	193	14
88	136	91
88	144	44
88	174	90
88	181	38
88	171	97
88	164	41
88	142	96
88	180	41
88	173	23
88	161	80
88	159	62
88	90	13
88	172	64
88	102	44
88	146	63
88	99	66
88	158	90
88	184	97
88	111	68
88	191	96
88	103	54
88	115	81
88	92	67
88	182	59
88	106	37
88	120	75
88	119	45
88	194	96
88	195	73
88	100	21
88	139	48
88	93	58
88	104	67
88	122	92
88	138	79
88	176	96
88	125	48
88	112	19
88	179	66
88	105	66
88	154	73
88	130	22
89	182	84
89	148	69
89	176	22
89	163	97
89	198	32
89	136	92
89	94	33
89	190	62
89	173	37
89	92	63
89	194	80
89	186	40
89	196	20
89	158	24
89	139	14
89	175	24
89	95	95
89	102	27
89	104	23
89	146	61
89	197	89
89	144	97
89	90	16
89	149	34
89	105	70
89	156	9
89	169	23
89	137	75
89	161	38
89	115	36
89	96	63
89	101	76
89	162	68
89	91	54
89	165	76
89	93	92
89	167	39
89	98	33
89	166	33
89	185	78
89	180	48
89	188	66
89	100	26
89	119	13
89	153	10
89	172	63
89	170	69
89	154	64
89	103	41
89	157	29
89	174	33
89	192	62
89	122	67
90	162	62
90	173	66
90	189	91
90	199	38
90	139	61
90	195	47
90	156	93
90	145	78
90	167	92
90	197	51
90	185	43
90	193	93
90	186	95
90	196	83
90	146	7
90	153	64
90	154	42
90	184	48
90	91	73
90	138	90
90	151	96
90	96	32
90	99	7
90	192	54
90	108	23
90	177	71
90	160	82
90	198	29
90	175	79
90	152	64
90	106	32
90	166	51
90	187	29
90	176	63
90	159	30
90	112	50
90	142	59
90	103	87
90	169	39
90	141	57
90	178	46
90	165	88
90	98	11
90	100	33
90	118	68
90	194	33
90	94	84
90	110	90
90	174	85
90	122	95
90	147	59
90	104	73
90	95	94
90	105	40
90	127	39
91	160	69
91	158	29
91	178	65
91	159	26
91	157	52
91	140	33
91	191	94
91	164	33
91	169	31
91	199	8
91	171	75
91	187	46
91	138	29
91	172	48
91	155	20
91	197	70
91	189	54
91	147	44
91	168	93
91	173	12
91	101	98
91	198	75
91	142	60
91	176	29
91	107	29
91	190	40
91	143	26
91	144	79
91	151	9
91	185	68
91	103	84
91	177	28
91	188	52
91	113	20
91	108	91
91	114	50
91	186	87
91	175	15
91	106	92
91	120	8
91	112	78
91	194	93
91	121	34
91	165	32
91	163	9
91	150	50
91	117	77
91	99	97
91	183	62
91	125	12
91	122	58
91	180	58
91	115	87
91	182	79
91	179	20
91	184	85
91	92	90
91	148	35
91	145	16
91	167	29
91	105	55
92	154	80
92	187	65
92	151	73
92	172	67
92	193	29
92	149	37
92	196	16
92	182	83
92	168	77
92	159	16
92	198	89
92	94	88
92	141	48
92	180	11
92	152	7
92	144	27
92	185	15
92	153	19
92	181	90
92	100	69
92	171	89
92	177	16
92	194	85
92	107	80
92	190	55
92	139	27
92	143	49
92	95	79
92	170	50
92	116	43
92	160	10
92	108	66
92	115	25
92	167	18
92	109	34
92	104	34
92	189	13
92	147	45
92	173	54
92	184	13
92	155	25
92	174	42
92	165	36
92	130	27
92	162	15
92	106	22
92	176	94
92	161	80
92	105	94
92	133	47
92	123	41
93	161	66
93	188	31
93	166	48
93	143	41
93	195	64
93	168	23
93	171	59
93	152	24
93	141	83
93	162	60
93	190	80
93	151	28
93	160	79
93	187	74
93	140	62
93	105	92
93	95	77
93	142	75
93	156	43
93	110	5
93	154	80
93	94	46
93	109	48
93	198	85
93	150	62
93	118	25
93	182	49
93	96	11
93	144	28
93	111	71
93	108	62
93	163	63
93	192	44
93	159	66
93	107	26
93	175	100
93	180	62
93	153	59
93	146	84
93	119	76
93	191	39
93	167	13
93	121	42
93	196	9
93	136	53
93	194	44
93	120	40
93	112	62
93	134	22
94	153	24
94	170	28
94	156	82
94	187	44
94	179	9
94	180	38
94	96	82
94	149	89
94	183	38
94	144	93
94	188	57
94	198	25
94	101	67
94	181	37
94	193	14
94	99	91
94	171	51
94	158	11
94	160	54
94	145	52
94	165	93
94	190	47
94	182	56
94	194	21
94	147	82
94	195	13
94	168	9
94	107	42
94	177	61
94	176	19
94	178	12
94	98	35
94	184	60
94	191	34
94	105	47
94	162	99
94	172	20
94	169	44
94	127	99
94	157	37
94	128	20
94	173	26
94	104	78
94	199	9
94	100	20
94	108	40
94	112	6
94	97	49
94	150	74
94	186	18
94	129	51
94	110	95
94	164	80
94	121	72
95	148	72
95	194	44
95	96	62
95	146	26
95	192	12
95	158	86
95	172	68
95	179	83
95	169	12
95	193	30
95	189	39
95	180	70
95	178	23
95	184	46
95	195	37
95	143	91
95	154	54
95	100	75
95	173	82
95	190	67
95	181	11
95	175	42
95	144	46
95	160	35
95	174	59
95	170	36
95	182	89
95	163	89
95	105	40
95	183	69
95	142	72
95	167	81
95	177	30
95	115	68
95	111	24
95	103	91
95	118	77
95	151	28
95	197	40
95	114	22
95	155	54
95	122	99
95	117	35
95	188	80
95	129	46
95	101	82
95	109	26
95	126	33
96	199	21
96	195	37
96	152	52
96	161	67
96	179	84
96	163	24
96	100	27
96	171	86
96	184	25
96	104	10
96	147	65
96	194	64
96	165	35
96	105	94
96	153	6
96	187	74
96	181	12
96	146	93
96	196	77
96	102	18
96	103	14
96	112	7
96	149	34
96	178	16
96	158	65
96	155	28
96	164	35
96	151	72
96	115	29
96	175	84
96	168	58
96	106	88
96	124	57
96	160	16
96	169	10
96	159	38
96	162	20
96	123	86
96	132	35
96	116	38
96	131	36
96	97	42
96	121	84
97	173	51
97	151	13
97	192	5
97	183	93
97	149	51
97	175	34
97	189	96
97	161	47
97	199	82
97	166	96
97	106	19
97	150	68
97	162	65
97	107	76
97	158	47
97	188	74
97	182	30
97	195	46
97	171	75
97	198	60
97	160	39
97	159	32
97	144	45
97	186	49
97	108	54
97	116	62
97	167	13
97	99	48
97	111	9
97	165	32
97	163	77
97	197	48
97	169	79
97	120	67
97	105	33
97	170	80
97	176	90
97	174	96
97	187	46
97	103	7
97	118	95
97	164	56
97	131	86
97	136	76
97	145	7
97	110	31
97	115	15
97	156	87
98	183	33
98	167	69
98	166	64
98	147	69
98	187	90
98	198	87
98	181	54
98	189	28
98	156	12
98	168	57
98	172	50
98	180	81
98	150	42
98	111	58
98	114	32
98	157	80
98	164	83
98	169	38
98	196	62
98	110	64
98	149	94
98	122	60
98	191	51
98	100	48
98	124	76
98	109	75
98	175	64
98	130	69
98	158	35
98	127	29
98	132	20
98	160	51
98	126	9
98	131	81
98	119	39
98	115	97
98	165	73
98	186	34
98	138	16
98	117	79
98	171	48
98	178	28
98	135	11
98	133	64
98	99	88
98	118	24
99	148	72
99	159	84
99	100	90
99	185	61
99	167	42
99	151	27
99	146	100
99	178	34
99	147	32
99	180	75
99	149	95
99	102	53
99	168	47
99	156	62
99	183	58
99	163	96
99	182	72
99	157	59
99	164	73
99	154	16
99	109	63
99	153	33
99	111	61
99	186	66
99	170	5
99	107	65
99	150	10
99	165	58
99	172	8
99	197	95
99	112	67
99	166	54
99	110	52
99	195	91
99	161	69
99	108	5
99	103	22
99	119	40
99	184	84
99	128	43
99	117	57
99	105	79
99	123	28
99	188	54
99	106	75
99	122	75
99	125	56
99	160	84
99	175	9
99	152	81
99	158	11
99	115	24
99	192	27
100	154	64
100	149	93
100	188	6
100	153	65
100	168	13
100	183	26
100	177	98
100	171	42
100	173	38
100	179	97
100	186	15
100	175	48
100	185	54
100	104	40
100	159	91
100	163	55
100	115	63
100	116	59
100	112	7
100	198	65
100	119	28
100	160	17
100	123	89
100	121	74
100	120	58
100	184	96
100	162	7
100	114	60
100	193	81
100	117	49
100	126	58
100	190	46
100	178	69
100	176	96
100	166	20
100	172	31
100	195	11
100	132	54
100	145	100
101	186	7
101	169	34
101	179	82
101	156	49
101	152	73
101	168	97
101	171	56
101	157	54
101	159	87
101	102	63
101	188	35
101	155	23
101	164	46
101	195	8
101	175	44
101	111	99
101	115	69
101	170	22
101	166	82
101	162	49
101	182	78
101	174	46
101	107	13
101	119	84
101	148	63
101	187	86
101	112	32
101	106	70
101	108	27
101	198	79
101	184	53
101	181	61
101	190	81
101	189	46
101	178	15
101	196	55
101	149	85
101	193	61
101	104	10
101	154	48
101	161	95
101	114	59
101	197	18
101	173	66
101	132	50
101	126	65
101	137	30
101	145	15
102	190	50
102	160	45
102	189	35
102	182	91
102	157	84
102	152	75
102	162	29
102	154	100
102	104	59
102	180	27
102	156	63
102	186	41
102	166	69
102	172	59
102	169	69
102	111	50
102	192	71
102	175	49
102	161	27
102	168	89
102	194	57
102	103	74
102	124	73
102	127	64
102	129	25
102	155	67
102	181	60
102	199	52
102	158	94
102	149	59
102	191	79
102	105	28
102	132	16
102	133	18
102	153	37
102	174	86
102	179	54
102	130	13
102	137	66
102	198	75
102	197	87
102	136	65
102	135	25
102	193	97
102	118	59
102	150	58
102	173	72
102	147	32
103	195	55
103	158	7
103	185	7
103	182	22
103	154	22
103	197	35
103	157	81
103	175	58
103	107	14
103	113	8
103	199	44
103	160	29
103	150	17
103	159	40
103	109	7
103	165	27
103	187	56
103	116	48
103	180	82
103	162	73
103	120	56
103	170	42
103	191	69
103	152	31
103	125	95
103	112	28
103	105	13
103	126	21
103	136	99
103	198	22
103	118	49
103	127	24
103	138	99
103	176	6
103	124	46
103	163	56
103	167	70
103	183	7
103	132	94
103	193	31
103	149	44
104	189	25
104	181	93
104	160	19
104	190	27
104	158	75
104	186	7
104	195	17
104	151	24
104	187	34
104	115	9
104	164	89
104	163	73
104	184	22
104	153	30
104	167	70
104	188	47
104	157	54
104	185	67
104	110	72
104	121	53
104	182	80
104	191	75
104	154	80
104	152	24
104	170	41
104	106	66
104	172	92
104	123	36
104	198	73
104	116	9
104	194	91
104	159	59
104	178	54
104	117	82
104	125	64
104	183	65
104	142	27
104	131	8
104	174	98
104	144	8
104	192	71
104	109	36
104	168	56
104	193	48
104	114	10
104	138	95
105	197	73
105	162	38
105	170	53
105	198	17
105	180	88
105	175	76
105	153	37
105	193	77
105	156	22
105	167	62
105	181	61
105	177	53
105	158	27
105	164	85
105	160	83
105	124	43
105	126	54
105	119	66
105	125	85
105	187	77
105	121	40
105	122	16
105	171	43
105	182	70
105	194	71
105	107	78
105	138	22
105	155	29
105	141	96
105	145	62
105	196	92
105	146	45
105	172	77
106	196	25
106	188	59
106	197	71
106	170	11
106	178	53
106	153	74
106	112	73
106	182	8
106	110	47
106	160	22
106	121	16
106	164	22
106	155	15
106	172	53
106	194	22
106	161	70
106	186	41
106	129	81
106	157	83
106	130	75
106	173	61
106	159	45
106	109	36
106	174	99
106	176	72
106	120	99
106	198	31
106	183	75
106	107	85
106	184	86
106	187	54
106	143	20
106	177	36
106	146	98
106	124	48
107	163	21
107	178	27
107	182	14
107	198	34
107	171	40
107	167	60
107	184	36
107	110	21
107	170	39
107	185	68
107	158	81
107	162	81
107	187	11
107	179	17
107	195	30
107	181	44
107	197	35
107	119	28
107	161	68
107	173	15
107	111	8
107	115	44
107	121	42
107	169	91
107	156	99
107	109	69
107	116	96
107	183	79
107	123	95
107	129	57
107	194	25
107	180	45
107	136	23
107	160	56
107	193	39
107	154	60
107	147	63
107	137	65
107	127	6
107	150	31
108	161	73
108	180	96
108	173	84
108	174	95
108	175	60
108	181	77
108	184	10
108	195	42
108	171	49
108	187	52
108	198	35
108	164	83
108	160	90
108	121	22
108	186	95
108	182	53
108	170	45
108	122	15
108	109	19
108	189	8
108	126	10
108	125	63
108	130	39
108	133	58
108	199	51
108	155	81
108	157	70
108	162	44
108	193	34
108	117	30
108	163	86
108	141	46
108	172	79
108	143	65
108	129	97
108	140	25
108	188	25
108	150	80
108	148	31
108	116	95
109	171	6
109	156	98
109	176	90
109	164	66
109	178	54
109	199	19
109	172	54
109	111	56
109	173	52
109	127	27
109	175	27
109	187	92
109	126	19
109	119	97
109	130	16
109	117	21
109	112	35
109	128	35
109	116	60
109	113	65
109	123	21
109	170	69
109	174	45
109	161	72
109	181	68
109	141	76
109	191	42
109	162	49
109	168	35
109	182	46
109	125	68
109	121	90
109	148	88
109	122	21
109	135	50
109	159	35
109	151	95
110	163	67
110	159	72
110	197	55
110	170	6
110	196	52
110	195	97
110	193	76
110	157	63
110	188	79
110	180	42
110	118	25
110	125	76
110	171	76
110	174	78
110	194	24
110	126	27
110	192	49
110	178	42
110	185	68
110	177	87
110	112	38
110	160	19
110	111	72
110	120	63
110	122	32
110	124	69
110	191	35
110	176	6
110	166	93
110	173	17
110	165	31
110	127	50
110	162	53
110	123	15
110	119	66
110	121	69
110	144	86
110	172	41
110	141	32
110	175	78
110	161	84
110	117	32
110	139	76
111	193	9
111	197	24
111	176	60
111	169	90
111	167	87
111	162	46
111	195	57
111	160	65
111	185	46
111	158	73
111	113	24
111	172	30
111	178	30
111	183	63
111	177	94
111	170	83
111	198	63
111	192	18
111	159	35
111	114	76
111	118	89
111	164	48
111	173	85
111	112	17
111	119	13
111	132	67
111	165	61
111	127	19
111	115	79
111	125	51
111	124	94
111	196	80
111	188	27
111	161	12
111	194	19
111	180	84
111	181	16
111	128	46
111	137	12
111	171	98
111	191	13
111	145	98
111	123	27
111	174	72
111	116	28
111	186	53
111	152	28
111	168	49
111	184	58
111	136	90
111	148	71
111	166	88
111	140	63
112	159	93
112	191	65
112	172	86
112	168	62
112	173	14
112	180	18
112	183	51
112	182	7
112	121	23
112	169	56
112	190	72
112	124	31
112	192	63
112	166	24
112	114	95
112	165	20
112	162	52
112	118	20
112	132	75
112	116	55
112	126	75
112	134	44
112	188	29
112	144	7
112	164	41
112	174	19
112	163	19
112	167	23
112	193	54
112	178	28
112	135	49
112	153	37
112	171	72
113	164	77
113	185	46
113	181	31
113	171	68
113	192	18
113	189	33
113	179	56
113	174	67
113	167	15
113	188	16
113	183	95
113	190	54
113	184	9
113	178	69
113	166	42
113	163	63
113	186	60
113	116	23
113	120	98
113	175	58
113	122	75
113	128	47
113	134	90
113	193	42
113	117	36
113	170	31
113	132	75
113	191	91
113	133	22
113	130	62
113	169	75
113	187	97
113	194	17
113	144	32
113	123	88
113	148	93
113	119	42
113	197	92
113	149	44
113	136	39
114	164	73
114	194	92
114	192	45
114	172	95
114	187	32
114	166	26
114	117	18
114	169	97
114	162	11
114	171	91
114	178	43
114	184	91
114	176	37
114	177	96
114	126	96
114	183	35
114	188	41
114	137	63
114	129	98
114	143	97
114	181	79
114	144	88
114	121	35
114	123	39
114	118	21
114	168	85
114	141	35
114	190	54
114	146	6
114	174	8
114	136	22
114	132	24
114	182	69
114	138	11
114	149	7
115	194	56
115	170	73
115	165	33
115	162	25
115	123	28
115	163	19
115	189	10
115	174	96
115	196	94
115	185	51
115	125	10
115	117	58
115	164	68
115	126	22
115	116	41
115	184	23
115	179	73
115	167	93
115	131	59
115	195	17
115	172	87
115	192	25
115	121	88
115	141	6
115	120	61
115	145	14
115	175	55
115	135	67
115	190	89
115	127	76
115	143	46
115	137	25
115	182	12
115	169	53
116	165	90
116	174	69
116	190	84
116	177	96
116	163	98
116	189	29
116	166	49
116	193	78
116	125	76
116	196	79
116	172	78
116	179	31
116	169	35
116	127	62
116	192	37
116	117	74
116	128	59
116	118	34
116	135	37
116	130	51
116	176	90
116	168	50
116	143	14
116	148	84
116	121	26
116	142	12
116	164	21
116	126	74
116	137	38
116	139	16
116	171	67
116	199	68
116	133	11
116	183	17
116	120	42
116	150	77
116	198	27
116	131	41
116	140	62
116	191	57
117	191	46
117	177	71
117	180	21
117	190	92
117	120	8
117	124	69
117	197	42
117	181	6
117	166	88
117	164	69
117	130	67
117	131	79
117	193	33
117	122	52
117	187	61
117	126	63
117	139	19
117	137	31
117	136	85
117	192	89
117	170	11
117	174	99
117	141	60
117	144	62
117	173	63
117	119	96
117	134	94
117	175	76
117	165	99
117	125	23
117	153	43
117	157	59
117	150	6
117	185	52
117	156	46
118	168	44
118	189	79
118	122	70
118	194	63
118	174	98
118	186	83
118	190	6
118	120	100
118	165	78
118	130	43
118	119	18
118	178	55
118	171	39
118	131	93
118	135	17
118	129	90
118	192	84
118	124	91
118	183	42
118	134	21
118	156	86
118	143	63
118	175	32
118	198	91
118	161	50
118	150	7
119	199	34
119	173	43
119	175	47
119	178	18
119	167	28
119	166	82
119	198	90
119	197	23
119	185	92
119	172	62
119	194	15
119	123	41
119	129	41
119	170	58
119	127	27
119	186	80
119	169	53
119	184	50
119	196	67
119	128	53
119	120	68
119	183	51
119	134	61
119	191	44
119	122	48
119	179	75
119	141	39
119	189	90
119	143	88
119	187	64
119	168	39
119	144	21
119	171	56
119	153	65
119	177	8
119	176	44
119	193	90
119	136	27
119	165	16
120	170	70
120	124	94
120	173	7
120	180	65
120	126	35
120	195	19
120	179	48
120	197	56
120	177	9
120	127	48
120	171	73
120	183	100
120	174	14
120	129	72
120	193	56
120	133	8
120	175	85
120	137	67
120	194	98
120	150	29
120	141	8
120	135	68
120	138	74
120	143	37
120	142	69
120	122	77
120	132	99
120	154	72
120	139	10
120	130	88
120	123	10
120	191	49
120	149	73
120	181	75
120	182	22
120	157	57
120	192	7
121	192	72
121	186	13
121	188	95
121	194	15
121	174	66
121	127	8
121	183	53
121	178	49
121	138	80
121	199	43
121	198	54
121	141	24
121	140	8
121	144	12
121	195	68
121	147	39
121	137	25
121	197	36
121	136	49
121	193	39
121	129	17
121	122	70
121	191	36
121	196	90
121	157	59
121	126	29
121	189	17
121	150	13
121	124	8
121	161	83
121	151	65
121	175	98
122	183	99
122	125	34
122	179	26
122	127	6
122	175	53
122	197	34
122	171	36
122	191	14
122	139	22
122	198	55
122	185	7
122	194	47
122	187	15
122	190	72
122	141	70
122	140	83
122	173	35
122	182	51
122	147	50
122	172	38
122	193	94
122	176	83
122	192	71
122	151	71
122	199	44
122	130	99
122	143	8
122	137	45
122	156	67
122	157	48
122	162	87
123	193	72
123	191	99
123	181	25
123	194	54
123	174	89
123	189	90
123	183	82
123	187	47
123	127	66
123	197	41
123	125	56
123	172	16
123	132	38
123	136	63
123	178	33
123	179	7
123	195	33
123	145	19
123	192	49
123	124	8
123	141	60
123	176	56
123	150	82
123	170	42
123	126	20
123	142	66
123	154	92
123	139	33
123	128	11
123	149	68
123	152	88
123	177	22
123	160	56
123	143	34
124	174	11
124	175	75
124	191	95
124	197	67
124	190	25
124	182	29
124	180	74
124	179	33
124	132	99
124	131	23
124	195	50
124	176	86
124	138	96
124	185	92
124	181	37
124	183	24
124	134	34
124	198	64
124	142	24
124	187	85
124	172	34
124	193	9
124	188	44
124	143	98
124	140	17
124	149	58
124	135	22
124	147	85
124	133	46
124	173	50
124	160	58
125	182	28
125	174	11
125	195	90
125	188	22
125	197	38
125	189	55
125	132	65
125	126	62
125	178	9
125	183	11
125	196	74
125	185	43
125	127	84
125	199	39
125	139	80
125	184	35
125	175	18
125	130	55
125	172	13
125	191	58
125	133	93
125	141	48
125	135	82
125	144	83
125	186	94
125	148	57
125	193	80
125	187	91
125	198	9
125	128	89
125	181	26
125	161	16
126	186	76
126	194	50
126	177	50
126	174	28
126	178	26
126	185	45
126	189	36
126	198	74
126	133	97
126	195	63
126	180	62
126	188	74
126	190	14
126	128	30
126	129	27
126	134	19
126	193	52
126	132	46
126	131	72
126	140	46
126	184	19
126	187	56
126	146	99
126	183	69
126	139	40
126	136	80
126	176	79
126	192	72
126	138	11
126	144	86
126	147	51
127	191	81
127	190	30
127	132	99
127	193	46
127	131	51
127	178	54
127	186	31
127	199	19
127	180	10
127	184	92
127	175	65
127	128	7
127	189	66
127	140	94
127	139	71
127	176	81
127	145	36
127	187	85
127	142	78
127	197	26
127	138	14
127	195	19
127	179	68
127	154	22
127	146	30
127	158	79
127	136	37
127	163	80
127	198	61
127	181	37
128	185	60
128	130	6
128	187	84
128	134	43
128	184	98
128	175	30
128	190	8
128	176	7
128	142	92
128	135	91
128	144	81
128	183	28
128	179	22
128	195	98
128	197	20
128	178	90
128	180	54
128	147	92
128	181	52
128	141	76
128	129	71
128	143	13
128	188	97
128	153	77
128	150	67
128	160	98
128	136	30
128	192	72
128	154	65
128	158	39
128	149	66
128	199	99
129	197	97
129	182	74
129	181	18
129	189	51
129	191	53
129	184	86
129	188	45
129	198	36
129	199	37
129	134	18
129	190	51
129	148	55
129	133	81
129	183	86
129	132	70
129	152	81
129	144	89
129	192	6
129	137	68
129	135	48
129	151	79
129	196	11
129	160	8
129	141	14
129	138	88
129	162	75
129	180	76
129	173	97
129	136	8
129	154	87
129	142	12
130	194	14
130	184	74
130	199	96
130	181	31
130	180	32
130	131	84
130	134	22
130	148	12
130	142	48
130	136	29
130	196	21
130	138	39
130	195	13
130	189	15
130	150	96
130	179	43
130	198	71
130	141	27
130	183	78
130	185	79
130	167	51
130	159	19
130	139	9
130	165	76
130	175	76
130	155	93
131	194	58
131	178	38
131	187	50
131	141	36
131	150	69
131	143	24
131	198	96
131	144	39
131	189	21
131	180	7
131	157	54
131	156	12
131	155	92
131	147	77
131	168	6
131	134	13
131	136	16
131	158	27
131	197	38
131	137	54
131	148	14
132	193	97
132	179	94
132	186	71
132	185	16
132	198	29
132	133	36
132	181	59
132	197	43
132	135	52
132	194	47
132	142	66
132	137	30
132	183	38
132	145	8
132	166	72
132	153	82
132	164	86
132	143	29
132	163	80
132	162	90
132	184	78
132	157	30
132	171	31
133	184	76
133	196	91
133	190	53
133	180	93
133	140	74
133	141	81
133	142	55
133	149	39
133	198	84
133	151	73
133	185	5
133	188	96
133	197	14
133	183	34
133	193	53
133	194	40
133	159	97
133	181	17
133	136	85
133	169	99
133	164	22
133	186	25
133	165	9
133	167	70
133	135	62
133	162	21
133	145	47
133	163	65
134	184	84
134	187	27
134	191	71
134	138	40
134	199	19
134	183	94
134	143	73
134	186	87
134	196	37
134	140	27
134	148	63
134	192	67
134	156	23
134	135	60
134	142	74
134	185	58
134	161	74
134	141	71
134	195	81
134	170	43
134	181	16
134	175	86
134	194	16
135	182	84
135	189	59
135	183	23
135	136	30
135	139	26
135	146	47
135	140	93
135	188	16
135	195	78
135	151	94
135	196	93
135	190	22
135	191	38
135	157	43
135	185	13
135	165	19
135	160	7
135	199	98
135	152	48
135	169	71
135	177	69
135	163	97
135	192	5
135	154	98
136	193	57
136	194	79
136	139	90
136	185	95
136	186	72
136	144	49
136	137	74
136	152	72
136	189	100
136	138	21
136	190	15
136	154	51
136	184	28
136	163	92
136	151	24
136	198	11
136	197	83
136	195	84
136	199	56
136	140	51
136	153	99
136	196	36
137	197	22
137	192	55
137	142	98
137	146	77
137	150	10
137	141	85
137	147	13
137	151	18
137	148	90
137	156	39
137	191	75
137	154	93
137	198	63
137	165	22
137	138	7
137	162	27
137	144	82
137	157	13
137	145	11
137	184	72
137	174	85
137	187	26
137	169	84
137	160	68
137	177	71
138	198	8
138	185	94
138	196	59
138	195	50
138	187	98
138	139	64
138	194	11
138	145	73
138	140	71
138	143	77
138	153	82
138	189	48
138	188	15
138	152	69
138	161	43
138	169	79
138	186	21
138	190	94
138	148	23
138	154	97
138	156	78
138	164	19
138	177	97
138	176	48
138	199	46
138	144	62
138	159	93
139	186	43
139	143	27
139	142	67
139	194	96
139	152	68
139	155	78
139	147	88
139	190	37
139	191	93
139	195	52
139	145	54
139	156	15
139	193	26
139	154	52
139	153	16
139	170	60
139	173	15
139	144	20
139	171	56
139	197	56
139	148	75
139	159	82
139	179	85
139	178	60
139	164	6
140	199	9
140	190	96
140	193	55
140	143	20
140	149	83
140	154	78
140	144	51
140	158	42
140	189	34
140	153	45
140	192	99
140	196	78
140	197	32
140	187	90
140	163	30
140	147	42
140	157	26
140	195	71
140	167	60
140	191	59
140	161	53
140	181	76
140	179	41
141	188	43
141	192	27
141	191	57
141	154	46
141	143	35
141	155	82
141	156	48
141	190	63
141	199	84
141	146	90
141	142	65
141	196	5
141	145	73
141	147	71
141	160	50
141	189	68
141	153	11
141	174	61
141	194	24
141	178	80
142	146	89
142	193	45
142	198	36
142	194	57
142	148	92
142	189	28
142	155	7
142	197	23
142	160	52
142	143	49
142	162	76
142	164	7
142	157	30
142	195	88
142	192	53
142	173	21
142	170	36
142	199	22
142	151	25
142	156	42
142	145	84
142	174	76
142	176	87
142	185	76
142	190	69
142	179	76
143	190	73
143	197	17
143	144	99
143	146	32
143	192	81
143	153	27
143	199	84
143	191	19
143	193	51
143	160	74
143	163	83
143	157	37
143	195	30
143	168	70
143	173	9
143	145	55
143	155	95
143	178	14
143	149	10
143	152	76
143	162	57
143	151	91
144	193	85
144	191	94
144	146	92
144	156	18
144	194	14
144	147	14
144	152	74
144	196	65
144	154	88
144	158	61
144	199	84
144	150	83
144	159	33
144	155	10
144	151	66
144	167	46
144	169	87
144	176	56
144	148	65
144	198	94
144	166	13
144	185	64
144	157	74
144	162	41
144	153	51
144	189	47
145	196	21
145	197	13
145	193	39
145	198	75
145	150	11
145	157	17
145	152	72
145	166	88
145	192	16
145	159	48
145	167	19
145	154	73
145	172	21
145	168	73
145	173	13
145	194	77
145	162	44
145	182	58
145	171	76
146	195	25
146	196	66
146	151	12
146	155	85
146	160	8
146	154	61
146	148	31
146	198	73
146	163	90
146	162	35
146	149	32
146	159	6
146	147	68
146	171	58
146	174	50
146	164	95
146	165	74
146	176	41
146	158	60
146	170	10
146	168	25
146	193	18
146	182	11
146	179	12
146	183	41
146	194	25
146	172	93
147	197	94
147	162	90
147	154	55
147	166	22
147	196	64
147	163	40
147	169	100
147	152	75
147	151	66
147	198	88
147	173	20
147	148	13
147	153	13
147	182	95
147	195	69
147	161	67
147	158	15
147	185	94
147	179	95
147	181	73
147	184	50
147	155	14
147	171	69
148	197	73
148	198	78
148	153	20
148	195	98
148	196	20
148	165	8
148	162	85
148	167	15
148	172	22
148	178	21
148	149	51
148	155	59
148	199	41
148	185	75
148	186	22
149	196	43
149	151	31
149	159	98
149	155	36
149	158	84
149	150	33
149	168	21
149	171	69
149	165	12
149	156	24
149	166	59
149	153	37
149	175	73
149	178	68
149	163	76
149	183	91
149	180	96
150	154	27
150	155	53
150	156	10
150	163	83
150	199	29
150	162	71
150	152	6
150	160	10
150	180	22
150	153	99
150	178	21
150	171	52
150	173	59
150	174	76
150	158	99
150	166	90
150	172	59
150	161	47
150	192	68
150	159	43
151	155	10
151	169	94
151	158	47
151	180	28
151	179	41
151	164	23
151	183	89
151	170	76
151	152	35
151	187	90
151	168	6
151	193	83
151	178	41
152	165	10
152	166	94
152	164	100
152	171	6
152	169	84
152	184	39
152	173	24
152	170	95
152	176	29
152	163	77
152	167	51
152	181	80
153	155	94
153	162	89
153	163	94
153	161	27
153	170	62
153	175	62
153	172	33
153	180	65
153	159	85
153	190	5
153	158	51
153	167	47
153	188	9
153	166	46
153	194	97
153	168	83
154	162	43
154	168	7
154	158	35
154	155	12
154	181	92
154	157	48
154	165	13
154	164	27
154	190	15
154	172	20
154	169	48
154	193	80
154	177	73
154	179	27
154	186	70
155	162	6
155	158	20
155	174	75
155	166	7
155	156	19
155	161	78
155	164	90
155	191	83
155	173	32
155	163	6
156	159	81
156	157	20
156	160	68
156	169	7
156	161	65
156	172	63
156	180	31
156	163	92
156	158	28
156	179	59
156	184	39
156	166	70
156	170	43
156	175	37
156	195	82
157	166	33
157	169	63
157	158	36
157	159	99
157	172	96
157	175	18
157	179	47
157	180	6
157	182	74
157	161	90
157	185	27
157	183	18
157	163	20
157	177	34
157	187	91
157	171	38
157	186	88
158	163	38
158	165	62
158	171	32
158	173	12
158	170	6
158	160	89
158	182	25
158	179	68
158	161	80
158	197	18
158	167	52
158	193	8
158	175	74
158	176	21
159	163	19
159	173	22
159	166	62
159	161	43
159	183	33
159	167	79
159	187	92
159	165	30
159	175	71
159	160	11
159	177	12
159	193	62
159	186	65
159	180	5
159	199	58
160	161	89
160	162	24
160	175	45
160	164	93
160	166	31
160	173	81
160	170	12
160	185	17
160	187	77
160	167	23
160	195	91
160	181	42
160	186	6
160	179	10
160	180	17
160	190	14
160	189	34
161	163	44
161	166	45
161	168	27
161	167	68
161	172	51
161	165	17
161	174	43
161	162	5
161	170	54
161	178	58
161	189	69
161	183	44
161	176	30
161	188	13
161	175	11
162	163	9
162	167	19
162	179	97
162	173	26
162	180	65
162	176	93
162	169	74
162	172	21
162	164	88
162	193	66
163	165	91
163	167	30
163	175	34
163	164	63
163	177	6
163	170	57
163	186	20
163	194	85
163	173	61
163	166	32
163	168	33
163	196	81
163	180	74
163	178	67
163	181	93
163	179	91
164	167	53
164	170	68
164	182	55
164	185	27
164	189	84
164	169	85
164	179	15
164	171	91
164	180	36
164	191	38
164	194	17
164	193	16
164	196	46
164	190	87
164	176	64
164	188	36
165	171	72
165	178	98
165	179	24
165	166	73
165	170	75
165	189	61
165	182	98
165	191	49
165	181	61
165	196	48
165	167	92
165	187	82
165	195	52
166	171	14
166	179	16
166	183	20
166	181	77
166	190	19
166	186	71
166	191	85
166	170	19
167	172	43
167	169	98
167	176	25
167	174	86
167	184	43
167	173	99
167	177	8
167	185	90
167	195	8
167	192	84
167	183	81
167	191	100
167	170	42
167	178	41
168	169	98
168	174	100
168	181	57
168	182	10
168	178	54
168	191	14
168	184	59
168	179	81
168	199	93
168	188	35
168	170	43
168	180	91
169	171	91
169	174	93
169	178	97
169	185	38
169	177	88
169	180	38
169	192	31
169	173	99
169	198	76
169	183	46
169	184	10
169	182	43
169	176	19
170	172	36
170	177	5
170	176	19
170	179	95
170	175	31
170	188	45
170	191	97
170	193	90
170	171	57
170	173	99
170	192	47
170	189	32
170	181	5
170	195	66
170	187	91
170	194	97
171	188	13
171	173	22
171	189	10
171	176	86
171	185	81
171	191	18
171	183	93
171	187	7
171	180	47
171	196	88
171	190	78
171	195	56
172	181	52
172	182	83
172	180	70
172	193	41
172	178	50
172	188	26
172	194	54
172	196	56
172	190	64
172	177	8
172	183	7
172	184	84
172	173	61
173	179	37
173	181	54
173	183	91
173	191	83
173	195	87
173	192	27
173	177	33
173	199	56
173	184	15
173	189	17
174	186	83
174	184	10
174	179	27
174	189	70
174	194	6
174	178	14
174	197	87
174	190	7
174	191	59
174	180	24
175	180	74
175	178	25
175	184	21
175	193	50
175	195	50
175	177	9
175	185	17
175	194	17
176	178	83
176	182	18
176	177	81
176	179	35
176	183	72
176	193	12
176	188	80
176	197	11
176	198	20
176	187	78
176	192	64
176	184	14
176	180	64
176	181	58
177	182	6
177	186	53
177	179	59
177	196	24
177	192	28
177	197	17
177	199	57
177	189	75
178	185	30
178	179	34
178	191	82
178	184	73
178	181	57
178	189	51
178	188	12
178	195	73
178	193	57
178	197	21
178	186	30
178	196	46
179	180	97
179	182	95
179	192	99
179	183	89
179	198	93
179	184	42
179	191	84
179	190	88
179	181	76
180	192	15
180	199	85
180	193	52
180	188	31
180	186	53
180	182	13
181	183	79
181	199	91
181	185	79
181	189	93
181	190	99
181	194	57
181	197	40
182	190	87
182	184	22
182	186	97
182	185	81
182	196	55
182	197	32
182	198	68
182	188	93
182	192	63
182	194	54
183	184	92
183	188	47
183	194	49
183	198	22
183	199	73
183	191	14
183	195	10
184	193	93
184	198	99
184	185	52
184	192	57
184	191	80
184	194	83
184	188	79
185	194	16
185	191	22
185	190	90
185	192	50
185	186	48
185	197	65
185	187	25
185	195	67
186	188	46
186	193	45
186	189	19
186	190	95
186	196	88
187	193	45
187	189	30
187	196	42
187	197	11
187	188	85
187	191	75
187	198	47
187	192	33
188	191	47
188	199	88
188	190	90
188	197	84
188	198	97
188	192	34
189	193	68
189	196	48
189	194	33
189	191	86
189	190	93
189	195	72
190	191	53
190	195	19
190	199	78
190	194	52
191	196	30
191	194	98
192	198	23
192	199	87
192	193	97
193	196	37
193	194	36
193	195	69
195	199	76
195	198	98
196	199	67
196	197	11
197	198	59
197	199	40
