NAME: W_SPARSE_200_66
n: 200
m: 6600
0	104	44
0	92	93
0	115	26
0	138	5
0	114	61
0	124	65
0	63	18
0	134	58
0	34	13
0	143	20
0	164	72
0	108	18
0	156	77
0	43	88
0	80	62
0	160	35
0	47	29
0	146	37
0	95	20
0	100	66
0	69	36
0	142	18
0	135	30
0	94	99
0	83	69
0	91	81
0	2	43
0	52	77
0	159	7
0	82	37
0	102	65
0	150	90
0	85	11
0	97	98
0	190	67
0	57	12
0	71	36
0	153	99
0	183	58
0	87	48
0	148	60
0	195	67
0	48	62
0	151	35
0	39	25
0	152	74
0	179	54
0	133	8
0	101	97
0	165	27
0	113	27
0	56	99
0	64	58
0	68	51
0	111	14
0	182	86
0	10	18
0	98	35
0	192	88
0	79	74
0	174	82
0	74	83
0	23	53
0	54	68
0	120	50
0	60	43
0	49	58
1	38	16
1	119	70
1	142	55
1	157	40
1	133	60
1	148	74
1	56	15
1	105	38
1	80	54
1	91	51
1	49	81
1	61	29
1	120	22
1	55	96
1	90	99
1	6	52
1	76	7
1	112	98
1	164	32
1	102	85
1	136	17
1	150	60
1	114	24
1	84	74
1	152	8
1	146	69
1	118	66
1	109	75
1	144	91
1	107	25
1	42	36
1	163	76
1	8	53
1	113	38
1	154	26
1	36	78
1	54	48
1	58	53
1	101	28
1	193	58
1	57	80
1	59	37
1	147	95
1	39	48
1	97	79
1	21	80
1	194	92
1	198	43
1	75	37
1	85	75
1	181	34
1	103	52
1	88	20
1	9	92
1	45	73
1	96	68
1	2	73
1	160	47
1	52	93
1	79	85
1	162	41
1	11	46
1	125	41
1	127	49
1	4	51
1	71	45
2	94	76
2	113	37
2	108	44
2	45	36
2	86	19
2	156	77
2	84	82
2	91	66
2	157	8
2	104	24
2	46	88
2	52	5
2	72	75
2	76	22
2	37	56
2	112	48
2	109	31
2	8	49
2	99	20
2	48	40
2	42	84
2	96	90
2	97	87
2	164	53
2	62	63
2	50	80
2	153	91
2	59	100
2	67	46
2	191	57
2	77	6
2	79	94
2	185	72
2	155	58
2	15	83
2	147	39
2	21	41
2	160	48
2	189	48
2	85	99
2	71	59
2	102	83
2	114	21
2	128	36
2	11	38
2	134	12
2	166	86
2	190	80
2	40	100
2	194	83
2	132	99
2	143	91
2	80	71
2	188	47
2	192	91
2	119	70
2	63	43
2	139	48
2	197	98
2	149	42
2	120	37
2	61	91
2	69	97
2	78	28
2	162	62
3	72	48
3	55	94
3	139	27
3	97	53
3	80	63
3	71	26
3	103	99
3	108	62
3	115	45
3	150	69
3	44	31
3	73	78
3	96	97
3	140	95
3	92	37
3	62	72
3	79	63
3	116	57
3	145	52
3	4	48
3	41	43
3	63	80
3	77	49
3	124	18
3	12	83
3	59	63
3	121	59
3	198	72
3	136	89
3	137	41
3	131	58
3	88	65
3	85	54
3	58	93
3	75	21
3	138	8
3	118	7
3	66	30
3	156	29
3	162	64
3	47	70
3	199	87
3	86	70
3	67	98
3	37	80
3	40	10
3	61	67
3	104	31
3	184	36
3	192	37
3	113	11
3	23	87
3	57	26
3	185	58
3	111	24
3	195	52
3	176	55
3	69	22
3	134	12
3	95	29
3	181	51
3	187	74
3	117	94
4	94	74
4	45	96
4	153	40
4	113	59
4	133	24
4	140	91
4	135	17
4	70	8
4	128	56
4	127	6
4	72	75
4	144	39
4	81	40
4	155	99
4	38	50
4	54	56
4	12	93
4	10	74
4	145	73
4	47	67
4	52	31
4	73	94
4	199	9
4	102	57
4	49	53
4	59	52
4	141	7
4	167	93
4	51	98
4	92	98
4	136	15
4	86	70
4	13	41
4	76	33
4	84	30
4	109	51
4	146	68
4	98	99
4	170	83
4	16	8
4	88	33
4	142	47
4	188	94
4	157	36
4	68	11
4	18	26
4	17	54
4	78	30
4	43	64
4	90	49
4	124	99
4	154	21
4	63	27
4	191	36
4	8	63
4	114	60
4	87	24
4	164	60
4	115	44
4	179	45
4	150	9
4	80	46
4	7	10
4	32	13
4	165	75
4	168	82
4	39	95
4	26	28
4	104	68
4	151	88
4	89	78
4	118	9
5	81	39
5	74	44
5	113	87
5	95	41
5	43	63
5	75	78
5	103	43
5	129	99
5	59	27
5	171	69
5	115	98
5	161	39
5	130	60
5	92	68
5	127	40
5	163	99
5	102	95
5	152	89
5	153	8
5	45	40
5	70	79
5	61	26
5	64	94
5	107	9
5	108	13
5	62	58
5	88	81
5	125	59
5	7	26
5	167	31
5	91	20
5	124	72
5	10	42
5	47	21
5	55	68
5	121	5
5	139	11
5	198	66
5	51	33
5	73	23
5	56	68
5	53	54
5	154	11
5	110	65
5	44	29
5	71	90
5	158	38
5	20	60
5	144	86
5	164	7
5	190	64
5	123	42
5	46	88
5	11	78
5	151	73
5	147	40
5	168	51
5	135	90
5	106	74
5	157	9
5	25	85
5	8	88
5	195	83
5	66	36
5	186	74
5	80	61
5	39	43
5	30	65
5	97	99
6	118	71
6	103	58
6	44	29
6	96	98
6	149	89
6	78	79
6	108	47
6	144	62
6	151	84
6	42	17
6	69	83
6	136	54
6	80	19
6	157	37
6	115	83
6	101	33
6	142	38
6	45	47
6	109	62
6	95	87
6	172	47
6	110	68
6	94	49
6	50	69
6	143	81
6	153	33
6	113	32
6	130	37
6	106	83
6	195	11
6	192	83
6	48	88
6	23	79
6	161	6
6	12	37
6	159	50
6	107	33
6	98	37
6	99	64
6	52	93
6	18	8
6	17	71
6	43	44
6	112	74
6	138	71
6	59	24
6	156	74
6	116	43
6	185	64
6	105	88
6	122	24
6	27	72
6	65	92
6	125	32
6	128	75
6	181	96
6	114	54
6	91	67
6	13	88
6	76	51
6	15	53
6	72	84
6	191	39
6	26	83
6	46	71
6	166	42
6	102	7
7	93	86
7	137	75
7	162	65
7	68	92
7	167	32
7	122	66
7	173	8
7	156	67
7	121	46
7	114	40
7	115	69
7	107	94
7	45	75
7	140	54
7	160	24
7	89	11
7	73	59
7	75	24
7	103	28
7	97	17
7	83	96
7	8	69
7	112	89
7	70	65
7	53	74
7	90	9
7	55	44
7	14	100
7	25	41
7	130	56
7	129	55
7	9	52
7	168	24
7	50	6
7	66	44
7	143	10
7	101	92
7	10	54
7	79	40
7	64	13
7	23	9
7	144	42
7	152	17
7	151	50
7	87	33
7	27	6
7	148	24
7	12	20
7	179	62
7	28	46
7	54	79
7	136	80
7	44	68
7	69	71
7	178	73
8	134	51
8	9	78
8	45	89
8	163	58
8	48	31
8	104	43
8	140	61
8	165	85
8	12	40
8	103	39
8	128	37
8	101	70
8	98	70
8	145	90
8	150	75
8	170	28
8	66	86
8	131	67
8	16	27
8	86	75
8	57	54
8	43	81
8	10	15
8	158	58
8	173	76
8	93	40
8	89	67
8	120	67
8	147	15
8	196	64
8	96	6
8	152	31
8	23	43
8	160	77
8	108	12
8	138	37
8	155	83
8	122	60
8	83	57
8	144	64
8	164	62
8	151	42
8	111	65
8	139	75
8	50	67
8	141	41
8	119	96
8	11	57
8	94	53
8	113	21
8	130	92
8	64	95
8	54	10
8	32	79
8	171	89
8	181	55
8	82	9
8	49	51
8	116	53
8	169	21
8	187	38
8	53	33
8	55	76
8	129	33
8	121	61
8	176	34
8	58	29
8	75	10
9	165	78
9	153	72
9	47	36
9	141	41
9	99	9
9	100	13
9	103	46
9	110	60
9	161	14
9	46	27
9	78	30
9	50	5
9	92	50
9	128	14
9	56	55
9	146	83
9	43	80
9	85	62
9	51	63
9	147	39
9	139	8
9	17	17
9	125	80
9	133	77
9	71	18
9	164	11
9	80	73
9	127	46
9	159	28
9	123	61
9	88	30
9	155	18
9	166	39
9	170	55
9	101	45
9	122	58
9	59	12
9	126	33
9	90	12
9	197	27
9	55	62
9	69	97
9	150	98
9	172	33
9	10	52
9	111	37
9	22	32
9	171	27
9	189	66
9	27	67
9	136	18
9	137	97
9	20	32
9	195	76
9	73	17
9	129	14
9	124	73
9	131	27
9	86	59
9	49	15
9	185	13
9	45	13
9	144	89
9	183	99
9	116	87
9	35	64
9	118	88
10	95	37
10	92	24
10	108	48
10	148	37
10	169	8
10	54	9
10	135	92
10	121	59
10	142	70
10	66	66
10	97	85
10	136	42
10	44	11
10	131	81
10	173	23
10	103	14
10	155	41
10	171	13
10	58	64
10	74	58
10	114	63
10	166	89
10	47	80
10	90	16
10	19	35
10	84	93
10	46	11
10	109	71
10	127	15
10	138	36
10	68	35
10	86	35
10	128	36
10	137	74
10	161	47
10	69	99
10	55	6
10	125	86
10	63	23
10	140	72
10	12	50
10	21	93
10	49	7
10	72	28
10	18	8
10	198	42
10	102	59
10	117	41
10	129	17
10	123	27
10	111	15
10	144	93
10	189	81
10	98	60
10	192	23
10	36	73
10	134	40
10	165	66
10	190	87
10	146	52
10	194	52
10	185	15
10	51	17
10	156	75
10	65	39
10	28	22
10	141	72
11	128	86
11	80	85
11	155	100
11	12	42
11	72	69
11	103	96
11	138	60
11	169	73
11	177	87
11	151	93
11	89	25
11	139	83
11	47	34
11	142	16
11	98	19
11	149	39
11	57	30
11	91	12
11	171	79
11	163	69
11	50	14
11	140	32
11	79	11
11	157	87
11	105	34
11	114	41
11	46	44
11	150	17
11	168	31
11	60	97
11	167	51
11	61	55
11	162	74
11	117	59
11	27	11
11	66	7
11	144	83
11	78	21
11	93	51
11	123	44
11	192	66
11	90	9
11	28	84
11	133	57
11	75	41
11	199	50
11	52	27
11	53	11
11	95	7
11	68	40
11	15	80
11	186	53
11	92	39
11	161	53
11	111	94
11	16	91
11	119	26
11	25	72
11	145	50
11	179	57
12	150	19
12	102	81
12	132	24
12	13	98
12	145	61
12	146	38
12	105	50
12	112	27
12	129	59
12	157	41
12	115	16
12	116	94
12	155	76
12	88	31
12	78	90
12	64	22
12	16	40
12	120	84
12	96	47
12	128	84
12	167	33
12	60	59
12	199	23
12	135	34
12	17	16
12	93	74
12	21	85
12	46	31
12	52	37
12	99	53
12	75	53
12	103	51
12	89	76
12	24	47
12	152	30
12	158	39
12	165	91
12	50	19
12	61	15
12	114	53
12	137	44
12	196	50
12	171	44
12	136	26
12	173	40
12	198	67
12	53	9
12	97	72
12	144	96
12	161	15
12	15	29
12	154	16
12	28	35
12	86	80
12	149	78
13	177	68
13	160	66
13	73	25
13	120	21
13	51	23
13	14	8
13	88	62
13	170	93
13	148	85
13	49	84
13	130	56
13	179	81
13	94	40
13	169	84
13	20	58
13	105	8
13	63	58
13	71	87
13	132	95
13	50	80
13	165	16
13	134	51
13	168	36
13	152	34
13	48	29
13	76	46
13	85	30
13	92	16
13	57	5
13	153	48
13	27	99
13	129	79
13	127	5
13	97	39
13	83	33
13	109	56
13	95	51
13	72	84
13	69	89
13	90	23
13	171	80
13	68	12
13	60	19
13	178	32
13	119	78
13	124	85
13	65	48
13	174	8
13	91	11
13	35	15
13	22	30
13	53	94
13	77	75
13	67	63
13	125	24
13	176	16
13	183	38
14	128	65
14	95	16
14	65	94
14	167	40
14	67	59
14	139	58
14	90	89
14	115	61
14	74	80
14	143	6
14	153	60
14	174	94
14	106	32
14	141	63
14	163	33
14	121	87
14	51	21
14	161	43
14	54	61
14	86	76
14	123	75
14	156	32
14	21	36
14	158	8
14	91	85
14	168	19
14	160	34
14	17	68
14	129	52
14	146	34
14	22	8
14	117	32
14	142	68
14	175	96
14	101	11
14	108	6
14	126	43
14	105	59
14	63	71
14	138	92
14	112	70
14	145	64
14	87	8
14	24	10
14	159	72
14	50	78
14	49	69
14	80	59
14	77	61
14	48	13
14	68	63
14	56	77
14	154	61
14	151	92
14	23	23
14	53	57
14	58	20
14	96	16
14	26	30
14	35	82
14	152	14
14	193	11
14	124	89
15	52	57
15	143	30
15	147	39
15	133	45
15	129	31
15	132	28
15	154	57
15	179	28
15	127	17
15	153	38
15	67	44
15	137	87
15	141	14
15	81	70
15	159	28
15	121	14
15	98	8
15	90	87
15	91	59
15	54	80
15	168	76
15	83	22
15	136	58
15	101	10
15	25	50
15	22	56
15	51	33
15	110	26
15	78	69
15	180	51
15	30	89
15	85	40
15	178	89
15	19	85
15	161	14
15	89	85
15	72	12
15	38	46
15	20	91
15	77	70
15	71	88
15	102	26
15	163	5
15	100	70
15	84	21
15	94	16
15	125	52
15	149	92
15	196	91
15	134	41
15	146	58
15	142	15
15	165	8
15	113	19
16	136	72
16	67	69
16	98	63
16	107	81
16	168	92
16	169	80
16	163	25
16	75	24
16	181	17
16	121	69
16	122	77
16	180	58
16	92	88
16	152	84
16	141	93
16	156	23
16	154	23
16	123	28
16	19	88
16	103	35
16	91	15
16	26	53
16	86	34
16	61	50
16	117	48
16	172	92
16	177	63
16	51	58
16	108	74
16	93	95
16	129	55
16	77	42
16	62	67
16	144	33
16	94	83
16	35	24
16	64	78
16	85	26
16	130	66
16	149	14
16	166	95
16	38	15
16	127	14
16	54	44
16	134	38
16	21	53
16	71	16
16	197	30
16	148	36
16	147	34
16	44	99
16	60	89
16	76	47
16	81	86
16	57	63
16	158	78
16	20	15
16	25	14
16	146	61
16	186	59
16	101	42
16	84	70
17	160	22
17	88	49
17	117	25
17	141	86
17	57	84
17	114	37
17	105	78
17	63	19
17	119	26
17	106	95
17	151	31
17	85	28
17	148	6
17	173	71
17	165	83
17	61	6
17	166	50
17	99	62
17	123	8
17	18	15
17	20	79
17	29	42
17	170	8
17	75	25
17	52	49
17	66	65
17	138	40
17	118	7
17	73	59
17	72	28
17	90	49
17	103	34
17	22	30
17	96	55
17	86	41
17	62	72
17	179	32
17	30	8
17	69	73
17	171	29
17	64	58
17	31	35
17	87	52
17	161	90
17	134	94
17	122	9
17	154	99
17	142	19
17	42	27
17	53	18
17	26	64
17	164	26
17	24	74
17	155	32
17	58	38
17	111	73
17	199	69
17	56	69
17	33	77
17	168	73
17	167	90
17	25	14
17	35	82
17	109	64
18	90	47
18	139	70
18	158	19
18	179	89
18	170	54
18	53	28
18	85	25
18	126	95
18	152	78
18	143	26
18	148	39
18	66	70
18	122	33
18	64	38
18	150	83
18	22	54
18	129	94
18	144	45
18	135	95
18	168	11
18	76	10
18	95	38
18	147	54
18	97	7
18	27	6
18	151	12
18	26	46
18	154	78
18	167	68
18	59	97
18	115	27
18	180	53
18	108	59
18	125	15
18	102	25
18	52	93
18	162	85
18	100	18
18	120	33
18	98	22
18	25	52
18	62	89
18	71	37
18	140	42
18	40	22
18	103	42
18	165	25
18	58	90
18	123	14
18	197	91
18	24	12
18	73	61
18	75	12
18	38	36
18	146	46
18	137	49
18	112	58
18	149	72
18	184	30
18	159	6
18	56	40
18	84	69
19	103	72
19	120	9
19	122	52
19	125	61
19	96	53
19	53	82
19	91	96
19	70	92
19	149	20
19	178	72
19	79	59
19	172	88
19	20	52
19	64	40
19	100	32
19	104	93
19	164	64
19	68	25
19	81	43
19	88	54
19	127	74
19	92	98
19	27	91
19	146	98
19	84	43
19	63	72
19	167	56
19	144	96
19	58	49
19	184	60
19	73	34
19	169	15
19	67	37
19	31	67
19	138	52
19	155	53
19	99	85
19	112	54
19	168	25
19	159	45
19	199	85
19	157	76
19	37	19
19	23	37
19	119	35
19	195	90
19	98	28
19	44	100
19	108	19
19	173	35
19	194	92
19	77	86
19	175	90
19	117	80
19	29	64
19	192	60
19	71	63
19	165	41
19	24	15
19	141	68
19	26	38
20	111	52
20	99	28
20	162	25
20	123	9
20	67	58
20	173	22
20	73	14
20	77	49
20	167	83
20	138	30
20	131	57
20	154	87
20	103	85
20	90	12
20	22	27
20	25	92
20	168	69
20	59	6
20	97	32
20	96	49
20	82	22
20	91	68
20	92	65
20	66	8
20	83	53
20	94	81
20	145	93
20	57	74
20	165	98
20	70	51
20	117	35
20	58	55
20	84	47
20	185	99
20	177	14
20	178	32
20	171	35
20	172	82
20	150	94
20	137	9
20	181	41
20	119	95
20	29	38
20	93	28
20	79	16
20	81	76
20	166	37
20	88	87
20	176	8
20	116	32
20	64	75
20	124	80
20	85	84
20	135	88
20	35	36
20	122	97
20	126	84
20	196	6
20	60	23
20	194	85
20	86	65
20	112	73
20	113	17
20	110	25
20	175	12
20	52	85
21	154	48
21	114	61
21	131	9
21	78	39
21	122	96
21	155	30
21	91	73
21	103	98
21	140	95
21	112	50
21	178	20
21	28	73
21	137	57
21	24	98
21	132	92
21	183	43
21	177	72
21	61	72
21	59	76
21	144	95
21	184	29
21	81	28
21	55	89
21	98	96
21	126	16
21	89	43
21	108	65
21	125	48
21	74	61
21	29	39
21	152	43
21	63	54
21	88	99
21	142	22
21	77	38
21	104	75
21	111	9
21	71	68
21	135	10
21	32	92
21	102	95
21	124	88
21	34	48
21	38	86
21	22	52
21	43	50
21	123	92
21	128	44
21	173	9
21	60	50
21	95	54
21	48	37
21	67	65
21	80	35
21	164	89
21	194	12
21	54	79
22	110	97
22	150	64
22	112	50
22	102	30
22	83	80
22	90	9
22	129	8
22	149	75
22	24	29
22	141	97
22	143	75
22	86	60
22	172	63
22	85	87
22	177	80
22	23	14
22	105	42
22	116	32
22	178	48
22	162	94
22	100	59
22	68	94
22	179	13
22	171	74
22	71	56
22	104	65
22	118	92
22	114	6
22	138	88
22	135	48
22	93	100
22	95	28
22	160	14
22	121	51
22	26	32
22	153	31
22	169	73
22	119	85
22	175	46
22	64	75
22	70	63
22	60	22
22	107	45
22	94	13
22	81	55
22	58	48
22	66	50
22	125	55
22	74	77
22	174	75
22	29	43
22	151	68
22	73	16
22	133	19
22	168	75
22	108	78
22	40	26
22	48	38
22	157	83
22	97	39
22	101	88
23	183	89
23	125	59
23	74	9
23	72	34
23	146	51
23	182	24
23	82	14
23	83	82
23	29	22
23	92	26
23	144	73
23	177	23
23	189	59
23	114	73
23	179	68
23	117	94
23	99	66
23	67	47
23	178	7
23	35	16
23	167	57
23	75	95
23	153	88
23	81	6
23	149	55
23	159	47
23	184	64
23	85	79
23	158	72
23	161	53
23	64	51
23	102	41
23	129	53
23	188	21
23	90	28
23	58	48
23	173	66
23	142	57
23	143	48
23	155	11
23	28	32
23	34	47
23	127	46
23	156	25
23	27	41
23	175	10
23	32	86
23	103	57
23	36	80
23	89	13
23	160	21
23	40	92
23	47	18
23	154	35
23	96	74
23	121	12
23	132	81
23	94	25
24	87	45
24	128	9
24	118	72
24	152	26
24	165	10
24	176	42
24	97	46
24	161	34
24	126	26
24	75	5
24	150	79
24	93	8
24	113	77
24	167	65
24	184	22
24	28	11
24	103	66
24	183	61
24	80	89
24	64	9
24	151	24
24	156	22
24	171	93
24	34	65
24	95	78
24	107	89
24	85	31
24	181	88
24	71	45
24	173	71
24	30	65
24	99	21
24	134	24
24	31	32
24	168	10
24	137	96
24	186	76
24	36	80
24	159	41
24	127	53
24	67	88
24	101	61
24	76	92
24	163	57
24	33	85
24	125	90
24	120	51
24	115	30
24	59	15
24	92	90
24	188	25
24	29	78
24	114	60
24	164	83
24	25	60
24	44	67
24	41	91
25	120	23
25	105	56
25	110	12
25	177	57
25	113	23
25	87	12
25	63	71
25	80	38
25	187	53
25	181	58
25	144	58
25	62	40
25	158	22
25	114	21
25	190	74
25	126	39
25	99	24
25	71	38
25	32	81
25	154	99
25	173	46
25	69	90
25	77	89
25	75	86
25	182	56
25	101	57
25	34	6
25	149	46
25	171	40
25	183	47
25	85	40
25	141	33
25	168	44
25	83	54
25	111	16
25	135	62
25	156	52
25	103	13
25	165	93
25	61	94
25	41	34
25	147	68
25	164	50
25	106	30
25	142	66
25	48	18
25	118	93
25	175	98
25	90	65
25	82	66
25	151	31
25	191	25
25	188	49
25	94	89
25	30	33
25	27	96
25	51	82
25	172	75
25	91	90
25	35	67
25	115	93
25	116	86
25	170	69
25	189	88
26	130	91
26	60	63
26	168	84
26	153	59
26	109	30
26	75	16
26	89	96
26	185	42
26	171	82
26	150	14
26	152	55
26	137	93
26	87	31
26	82	55
26	115	40
26	80	7
26	86	48
26	131	23
26	144	93
26	94	34
26	103	44
26	38	13
26	67	50
26	79	17
26	160	99
26	63	100
26	127	92
26	73	98
26	146	93
26	173	18
26	76	13
26	84	85
26	39	6
26	139	63
26	37	73
26	133	44
26	104	40
26	28	89
26	149	48
26	138	41
26	114	27
26	36	40
26	118	28
26	128	11
26	134	88
26	135	62
26	41	76
26	132	27
26	172	96
26	188	6
26	191	10
26	31	58
26	43	8
26	179	19
26	58	52
26	62	51
26	85	44
27	88	73
27	94	14
27	173	17
27	175	88
27	65	72
27	120	80
27	81	78
27	141	42
27	139	34
27	167	45
27	153	58
27	119	54
27	157	75
27	135	56
27	68	29
27	170	76
27	35	13
27	96	78
27	104	48
27	148	22
27	180	34
27	147	85
27	187	53
27	113	75
27	134	26
27	137	40
27	80	78
27	39	70
27	158	70
27	114	42
27	77	24
27	125	13
27	76	51
27	182	88
27	108	24
27	116	12
27	179	19
27	142	92
27	178	32
27	107	33
27	192	87
27	74	81
27	150	72
27	41	99
27	62	75
27	34	27
27	75	25
27	118	87
27	110	46
27	155	73
27	28	38
27	90	89
27	117	68
27	95	92
27	52	80
27	78	75
27	196	80
27	105	26
27	132	72
27	159	62
27	58	91
27	43	64
27	98	29
27	122	29
27	144	27
28	139	42
28	90	66
28	94	40
28	158	90
28	66	76
28	123	41
28	136	23
28	144	25
28	160	87
28	78	90
28	118	18
28	108	39
28	135	65
28	122	29
28	159	95
28	189	19
28	131	81
28	38	5
28	110	92
28	178	61
28	35	18
28	80	62
28	113	23
28	70	93
28	124	25
28	128	76
28	104	53
28	98	75
28	155	78
28	109	47
28	96	93
28	171	63
28	62	82
28	89	46
28	141	98
28	82	27
28	175	59
28	29	62
28	112	43
28	39	53
28	99	68
28	192	40
28	172	19
28	42	82
28	75	59
28	36	31
28	134	55
28	129	70
28	170	81
28	120	17
28	102	79
28	50	29
28	152	29
28	86	11
28	41	27
28	65	47
28	138	98
28	179	19
29	83	46
29	96	10
29	116	33
29	178	88
29	145	28
29	72	78
29	112	67
29	195	48
29	67	58
29	131	75
29	180	33
29	193	68
29	182	60
29	184	20
29	68	80
29	80	9
29	141	24
29	159	23
29	168	44
29	146	89
29	171	35
29	82	34
29	123	74
29	174	52
29	124	58
29	101	74
29	74	58
29	99	10
29	41	63
29	89	74
29	114	52
29	100	56
29	91	17
29	157	53
29	110	22
29	33	8
29	48	5
29	137	5
29	175	11
29	47	43
29	38	89
29	87	42
29	165	61
29	173	59
29	92	15
29	70	38
29	155	70
29	51	16
29	86	89
29	76	69
29	113	89
29	106	8
29	177	21
29	194	47
29	63	42
29	166	91
29	50	26
29	40	100
29	130	7
29	188	99
29	56	69
29	75	55
30	128	22
30	81	49
30	150	15
30	91	75
30	114	34
30	131	97
30	101	52
30	34	51
30	143	77
30	163	94
30	188	13
30	75	91
30	174	70
30	109	80
30	119	83
30	168	72
30	65	87
30	139	23
30	171	89
30	118	50
30	186	21
30	173	77
30	72	18
30	100	50
30	83	41
30	93	93
30	102	20
30	99	74
30	97	79
30	113	43
30	180	86
30	32	43
30	167	93
30	42	38
30	107	6
30	137	29
30	82	24
30	89	28
30	68	73
30	196	65
30	66	8
30	79	59
30	41	34
30	73	26
30	190	88
30	178	63
30	88	18
30	142	24
30	96	55
30	151	80
30	54	37
30	135	72
30	90	84
30	85	30
30	138	97
30	169	86
30	58	35
30	162	89
30	146	83
30	67	94
30	153	36
30	145	93
30	49	51
30	179	74
31	123	75
31	66	93
31	167	52
31	196	25
31	137	37
31	186	10
31	77	45
31	87	62
31	95	36
31	128	53
31	154	79
31	99	86
31	38	57
31	171	26
31	181	42
31	190	69
31	113	57
31	139	8
31	96	50
31	121	46
31	155	87
31	75	25
31	34	27
31	122	40
31	148	97
31	193	37
31	106	6
31	162	83
31	180	83
31	70	23
31	130	43
31	85	85
31	46	91
31	151	79
31	100	96
31	172	8
31	129	73
31	133	72
31	145	62
31	94	51
31	192	17
31	41	46
31	72	53
31	118	14
31	88	29
31	40	73
31	73	96
31	132	61
31	83	73
31	158	85
31	182	70
31	178	14
31	44	74
31	45	87
31	157	73
31	39	44
31	50	16
31	176	23
31	138	12
31	78	18
31	92	94
31	42	89
31	160	91
31	91	78
31	58	18
31	177	61
31	47	76
32	147	7
32	181	50
32	82	50
32	119	22
32	175	62
32	142	6
32	169	36
32	109	25
32	73	69
32	88	77
32	33	35
32	75	12
32	101	23
32	186	74
32	123	80
32	107	65
32	160	70
32	108	65
32	120	20
32	106	89
32	176	21
32	37	28
32	182	30
32	146	14
32	96	40
32	45	18
32	185	85
32	113	87
32	99	50
32	93	51
32	197	60
32	134	75
32	153	59
32	194	15
32	190	28
32	67	46
32	130	40
32	152	27
32	163	36
32	66	48
32	131	42
32	171	16
32	196	90
32	145	37
32	44	61
32	105	61
32	86	36
32	187	90
32	129	27
32	50	53
32	170	99
32	143	79
32	104	76
32	71	98
33	191	69
33	106	35
33	140	57
33	69	32
33	196	88
33	129	13
33	169	62
33	116	62
33	185	50
33	166	57
33	125	40
33	94	56
33	108	77
33	120	85
33	70	29
33	92	38
33	195	75
33	75	78
33	172	27
33	68	31
33	132	41
33	107	64
33	45	22
33	177	35
33	150	100
33	80	68
33	153	88
33	134	70
33	145	12
33	164	60
33	131	75
33	189	30
33	34	7
33	81	96
33	199	74
33	117	99
33	41	76
33	89	34
33	77	17
33	51	62
33	186	86
33	128	36
33	43	66
33	74	64
33	179	64
33	47	30
33	87	41
33	192	20
33	143	31
33	126	32
33	176	66
33	103	90
33	98	50
33	188	23
33	39	93
33	144	48
34	153	58
34	154	37
34	180	38
34	90	92
34	126	27
34	117	75
34	127	26
34	134	10
34	171	48
34	159	83
34	76	22
34	123	63
34	100	61
34	195	38
34	73	18
34	175	15
34	110	35
34	199	33
34	163	95
34	172	35
34	40	51
34	147	93
34	149	25
34	157	66
34	146	59
34	36	84
34	140	86
34	114	78
34	81	90
34	130	30
34	79	58
34	84	94
34	156	88
34	165	14
34	189	31
34	113	94
34	193	60
34	47	7
34	115	48
34	98	27
34	94	57
34	96	36
34	176	60
34	183	79
34	99	31
34	124	73
34	58	40
34	57	57
34	89	78
34	136	69
34	55	19
34	60	60
34	150	12
34	151	97
34	85	91
34	141	10
34	198	24
34	152	53
34	51	82
34	121	65
34	185	97
34	139	95
34	192	93
34	169	95
35	70	16
35	69	46
35	155	73
35	159	62
35	176	73
35	72	82
35	154	30
35	180	99
35	124	25
35	76	75
35	111	8
35	123	60
35	122	12
35	40	96
35	129	94
35	96	23
35	179	96
35	184	70
35	130	26
35	149	58
35	197	39
35	125	82
35	174	98
35	117	32
35	160	71
35	81	36
35	170	23
35	93	28
35	119	75
35	163	47
35	191	62
35	121	36
35	83	28
35	142	7
35	194	44
35	190	19
35	152	66
35	87	73
35	74	90
35	82	87
35	43	97
35	169	65
35	104	72
35	146	85
35	109	23
35	57	86
35	48	69
35	80	89
35	54	6
35	53	92
35	44	78
35	84	42
35	168	69
35	98	95
35	41	17
35	94	7
35	137	91
35	144	23
35	145	70
35	86	71
35	61	74
35	59	81
35	78	27
36	135	44
36	129	21
36	107	90
36	124	92
36	166	46
36	71	56
36	163	82
36	133	17
36	109	44
36	127	43
36	186	97
36	185	88
36	176	16
36	177	72
36	79	91
36	188	89
36	86	90
36	150	17
36	175	93
36	73	20
36	130	26
36	123	73
36	48	86
36	118	65
36	169	43
36	151	9
36	40	36
36	83	20
36	74	99
36	197	94
36	110	52
36	198	65
36	96	22
36	44	53
36	165	50
36	187	24
36	95	43
36	116	72
36	149	85
36	54	45
36	171	68
36	138	89
36	160	93
36	134	96
36	144	92
36	75	73
36	101	35
36	199	17
36	170	75
36	115	78
36	131	94
36	72	18
36	155	21
36	98	9
36	65	88
36	58	98
37	140	34
37	84	15
37	128	97
37	199	89
37	107	18
37	125	55
37	162	19
37	79	32
37	131	8
37	88	6
37	135	35
37	150	31
37	139	83
37	97	86
37	179	36
37	100	24
37	152	83
37	118	44
37	111	65
37	148	33
37	155	91
37	133	86
37	164	15
37	43	72
37	104	39
37	167	31
37	193	6
37	74	32
37	87	46
37	191	61
37	136	50
37	161	67
37	146	94
37	54	9
37	85	84
37	172	27
37	188	84
37	72	60
37	58	75
37	149	90
37	44	34
37	175	61
37	80	26
37	137	79
37	130	59
37	56	43
37	76	23
37	178	58
37	180	62
37	153	27
37	189	43
37	166	70
37	168	7
37	61	6
37	38	21
37	134	85
37	120	89
37	182	92
37	73	91
37	114	32
37	157	17
37	93	94
38	104	34
38	190	97
38	198	42
38	85	65
38	184	92
38	189	72
38	173	15
38	146	22
38	171	96
38	165	21
38	129	7
38	111	75
38	170	26
38	45	96
38	107	90
38	135	59
38	150	79
38	145	12
38	167	41
38	191	12
38	144	87
38	92	45
38	72	27
38	138	14
38	86	44
38	161	43
38	156	69
38	174	95
38	122	34
38	187	15
38	98	80
38	53	85
38	109	85
38	164	57
38	160	68
38	140	8
38	163	70
38	73	42
38	182	79
38	51	5
38	128	14
38	113	7
38	132	53
38	148	29
38	172	17
38	154	87
38	134	26
38	157	85
38	139	21
38	99	73
38	46	37
38	199	46
38	126	84
38	127	13
38	87	93
38	52	100
38	64	37
38	93	28
38	83	72
38	194	40
39	198	93
39	112	42
39	174	18
39	80	21
39	152	39
39	190	68
39	95	91
39	42	80
39	185	32
39	138	64
39	96	28
39	93	39
39	148	46
39	76	53
39	194	44
39	179	76
39	162	95
39	106	13
39	41	8
39	137	90
39	154	40
39	191	71
39	129	43
39	120	63
39	176	93
39	75	11
39	97	88
39	143	28
39	78	71
39	125	46
39	48	49
39	160	12
39	145	64
39	40	63
39	123	76
39	199	63
39	57	73
39	81	87
39	47	68
39	94	88
39	50	62
39	177	36
39	90	62
39	167	70
39	193	45
39	87	66
39	192	10
39	178	12
39	100	65
39	49	59
39	66	29
39	175	74
39	124	82
39	86	25
39	92	88
39	127	53
39	158	70
39	83	38
39	131	22
40	190	92
40	95	30
40	134	64
40	111	11
40	147	46
40	118	98
40	101	35
40	41	41
40	180	66
40	198	16
40	77	50
40	136	84
40	94	94
40	126	88
40	189	35
40	179	53
40	97	68
40	151	90
40	49	73
40	135	87
40	140	78
40	149	51
40	124	14
40	195	55
40	165	54
40	54	19
40	103	35
40	150	10
40	79	22
40	199	65
40	78	97
40	108	14
40	117	57
40	80	17
40	166	73
40	161	60
40	153	45
40	75	45
40	46	14
40	84	20
40	163	18
40	116	20
40	48	85
40	162	71
40	62	73
40	178	64
40	123	84
40	131	51
40	82	29
40	44	91
40	114	46
40	139	69
40	145	26
40	167	84
40	56	77
40	59	45
40	164	23
40	109	59
40	104	22
40	66	54
40	45	25
40	157	99
40	129	67
40	112	13
41	169	49
41	182	68
41	193	28
41	183	58
41	78	69
41	155	73
41	117	83
41	102	29
41	99	83
41	116	34
41	104	22
41	92	92
41	79	46
41	105	76
41	195	51
41	47	21
41	123	34
41	177	42
41	87	88
41	185	20
41	124	25
41	152	23
41	127	81
41	111	38
41	176	43
41	115	44
41	101	85
41	188	35
41	81	35
41	135	94
41	142	80
41	179	12
41	80	56
41	120	40
41	43	10
41	187	11
41	196	98
41	184	9
41	42	9
41	130	98
41	166	44
41	45	37
41	84	47
41	180	66
41	192	36
41	44	53
41	88	89
41	132	6
41	75	87
41	181	47
41	163	83
41	107	57
41	171	9
41	173	40
41	160	75
41	93	18
41	110	19
41	148	5
41	82	61
41	114	85
41	147	7
41	59	23
41	67	77
41	74	16
41	164	75
42	148	38
42	166	88
42	153	51
42	156	9
42	177	62
42	111	71
42	83	29
42	155	76
42	116	99
42	121	24
42	147	89
42	171	81
42	195	91
42	82	20
42	96	100
42	182	14
42	112	24
42	77	90
42	151	64
42	198	54
42	186	62
42	49	56
42	78	47
42	107	6
42	81	15
42	161	57
42	191	28
42	126	51
42	113	100
42	184	10
42	128	57
42	130	96
42	154	67
42	87	48
42	174	76
42	196	77
42	57	34
42	199	35
42	54	23
42	137	37
42	89	93
42	133	5
42	188	43
42	52	84
42	104	49
42	159	99
42	176	35
42	97	59
42	140	70
42	183	100
42	67	74
42	47	59
42	197	23
42	80	82
42	117	13
42	163	59
42	187	61
42	149	83
42	179	26
42	132	97
42	71	60
42	53	97
43	127	30
43	168	88
43	115	62
43	188	71
43	163	52
43	83	10
43	155	64
43	113	68
43	165	65
43	144	11
43	122	14
43	99	54
43	128	48
43	147	15
43	125	67
43	79	15
43	85	49
43	82	56
43	190	22
43	142	67
43	57	28
43	77	40
43	139	28
43	124	63
43	97	50
43	102	73
43	154	92
43	149	63
43	183	71
43	49	88
43	96	54
43	159	31
43	184	40
43	196	57
43	150	51
43	191	8
43	64	39
43	161	75
43	169	42
43	181	59
43	101	72
43	66	33
43	103	30
43	182	55
43	185	97
43	197	70
43	180	28
43	91	83
43	59	57
43	94	11
43	87	21
44	151	19
44	104	100
44	159	81
44	114	45
44	180	56
44	127	85
44	110	51
44	92	84
44	178	78
44	126	35
44	79	51
44	143	10
44	163	25
44	132	93
44	100	95
44	118	83
44	138	55
44	154	96
44	45	39
44	108	7
44	130	95
44	123	10
44	176	22
44	188	95
44	134	48
44	120	79
44	133	72
44	153	39
44	185	48
44	94	28
44	183	46
44	121	50
44	155	24
44	160	51
44	90	20
44	152	72
44	156	92
44	53	91
44	46	43
44	111	14
44	70	38
44	73	6
44	196	20
44	71	55
44	86	67
44	72	61
44	115	25
44	56	9
45	150	47
45	134	51
45	146	56
45	183	92
45	157	11
45	124	21
45	152	51
45	93	45
45	133	24
45	185	54
45	126	58
45	154	99
45	155	30
45	164	94
45	145	8
45	49	50
45	172	11
45	80	84
45	88	6
45	194	18
45	53	7
45	175	82
45	174	97
45	190	44
45	54	19
45	55	10
45	162	47
45	135	76
45	167	24
45	59	92
45	109	48
45	110	23
45	137	14
45	61	42
45	143	39
45	83	47
45	182	42
45	51	16
45	89	28
45	56	21
45	147	86
45	149	87
45	186	85
45	100	43
45	63	26
45	195	43
45	196	55
45	136	11
45	188	100
45	67	50
46	170	59
46	100	14
46	88	87
46	182	48
46	107	97
46	109	73
46	164	21
46	104	19
46	98	57
46	174	18
46	124	60
46	51	69
46	118	7
46	180	98
46	169	31
46	99	89
46	55	12
46	175	98
46	183	60
46	147	50
46	106	32
46	159	55
46	176	46
46	54	76
46	123	52
46	153	100
46	150	65
46	197	54
46	102	87
46	161	78
46	191	79
46	113	26
46	196	95
46	97	90
46	60	50
46	121	60
46	138	80
46	171	56
46	179	76
46	172	85
46	112	62
46	70	24
46	155	64
46	69	61
46	162	92
46	199	76
46	142	37
46	92	96
46	85	50
46	50	24
46	189	61
46	91	47
47	123	100
47	127	79
47	120	43
47	88	65
47	179	21
47	165	22
47	110	21
47	119	72
47	125	63
47	94	40
47	130	55
47	174	40
47	93	96
47	133	29
47	83	5
47	190	43
47	48	14
47	134	21
47	198	67
47	98	13
47	181	82
47	82	77
47	164	83
47	146	88
47	138	35
47	163	26
47	49	94
47	128	68
47	182	58
47	96	67
47	197	78
47	173	61
47	97	35
47	169	99
47	106	43
47	51	67
47	118	25
47	99	40
47	84	18
47	156	60
47	60	71
47	108	28
47	67	69
47	115	48
47	189	11
48	124	8
48	172	17
48	165	21
48	106	54
48	89	56
48	185	76
48	49	44
48	186	8
48	136	17
48	130	40
48	163	85
48	101	45
48	180	31
48	171	9
48	120	31
48	146	75
48	193	86
48	126	64
48	196	43
48	85	58
48	169	26
48	141	55
48	194	87
48	164	10
48	152	24
48	95	44
48	162	57
48	179	100
48	175	77
48	63	91
48	122	32
48	59	72
48	158	84
48	112	23
48	137	11
48	128	83
48	83	63
48	58	71
48	52	76
48	134	86
48	190	80
48	104	69
48	69	16
48	123	64
48	121	41
48	157	10
48	167	59
48	57	19
48	82	67
48	88	40
48	195	57
48	103	78
48	143	70
49	173	34
49	167	28
49	84	63
49	172	60
49	190	64
49	85	48
49	127	36
49	149	72
49	185	53
49	83	78
49	150	60
49	86	71
49	171	32
49	153	18
49	157	51
49	176	40
49	105	66
49	189	62
49	54	84
49	132	15
49	110	50
49	101	92
49	133	96
49	141	49
49	55	85
49	125	14
49	146	33
49	96	91
49	104	24
49	139	41
49	128	70
49	63	8
49	145	52
49	135	81
49	144	6
49	94	88
49	68	84
49	140	25
49	109	7
49	187	97
49	97	36
49	131	79
49	93	13
49	113	26
49	124	27
49	90	80
49	178	26
49	156	90
49	106	32
49	114	88
49	70	63
49	152	80
49	77	32
49	81	48
49	89	60
50	180	69
50	90	22
50	102	59
50	166	44
50	164	57
50	109	85
50	157	13
50	187	29
50	85	11
50	97	6
50	177	19
50	106	34
50	110	79
50	84	78
50	155	6
50	114	7
50	196	73
50	149	48
50	59	23
50	167	47
50	116	64
50	199	95
50	55	96
50	129	56
50	182	22
50	120	82
50	104	81
50	58	47
50	152	65
50	194	87
50	93	53
50	63	65
50	195	50
50	92	95
50	198	18
50	57	48
50	123	64
50	171	89
50	189	65
50	197	55
50	64	84
50	65	12
50	122	7
50	176	67
50	168	78
50	69	37
50	70	90
50	125	37
51	135	13
51	194	28
51	199	20
51	105	7
51	188	93
51	122	72
51	118	16
51	111	93
51	85	47
51	96	9
51	197	39
51	170	58
51	117	23
51	121	60
51	54	19
51	156	68
51	187	19
51	172	17
51	119	46
51	175	48
51	151	90
51	125	50
51	131	54
51	113	60
51	160	46
51	176	57
51	152	15
51	100	7
51	114	88
51	61	66
51	70	29
51	91	59
51	93	76
51	153	85
51	186	9
51	92	40
51	166	21
51	64	53
51	58	14
51	87	63
51	195	63
51	132	60
51	198	63
51	128	41
51	165	49
51	173	14
51	99	22
51	144	66
51	177	60
51	137	38
52	92	24
52	181	66
52	192	9
52	122	11
52	179	63
52	153	75
52	169	65
52	167	28
52	175	48
52	56	50
52	163	47
52	137	70
52	105	88
52	112	52
52	182	37
52	116	45
52	158	58
52	164	80
52	102	27
52	57	64
52	88	79
52	98	6
52	117	21
52	54	33
52	196	63
52	189	64
52	128	83
52	141	30
52	127	66
52	149	40
52	193	86
52	110	93
52	177	24
52	190	13
52	129	79
52	66	53
52	87	83
52	63	72
52	55	31
52	109	13
52	166	13
52	157	83
52	97	33
52	58	93
52	183	17
52	188	30
52	186	22
52	65	41
52	134	20
52	93	86
52	80	39
52	195	99
52	95	21
52	107	99
52	133	20
52	70	34
52	173	73
52	170	61
53	151	5
53	103	46
53	162	69
53	104	95
53	166	76
53	87	34
53	179	68
53	145	52
53	115	15
53	57	6
53	88	57
53	157	53
53	123	96
53	108	21
53	113	12
53	131	93
53	143	92
53	184	18
53	169	26
53	90	32
53	160	28
53	111	83
53	59	13
53	89	66
53	137	49
53	186	99
53	178	77
53	117	43
53	149	19
53	100	11
53	175	57
53	155	10
53	71	82
53	170	35
53	181	19
53	173	89
53	118	87
53	159	28
53	95	96
53	122	89
53	154	43
53	61	13
53	176	94
53	67	10
53	125	7
53	129	52
53	148	52
53	192	68
53	63	7
53	144	79
54	148	78
54	166	34
54	122	55
54	191	100
54	160	59
54	90	21
54	192	70
54	195	14
54	97	41
54	114	66
54	127	35
54	157	93
54	111	80
54	91	28
54	64	68
54	165	17
54	124	60
54	56	14
54	173	79
54	149	48
54	121	30
54	168	13
54	95	90
54	69	89
54	116	64
54	196	11
54	96	51
54	102	78
54	135	50
54	174	11
54	189	83
54	77	44
54	65	9
54	138	61
54	98	96
54	101	23
54	180	44
54	93	32
54	151	15
54	154	100
54	183	79
54	147	97
55	107	53
55	127	30
55	113	49
55	193	40
55	99	97
55	114	17
55	146	72
55	103	82
55	135	73
55	134	48
55	109	41
55	110	43
55	89	76
55	153	86
55	132	33
55	59	89
55	129	75
55	199	39
55	144	42
55	91	56
55	101	73
55	126	29
55	151	83
55	100	65
55	177	27
55	149	92
55	64	56
55	145	82
55	123	7
55	122	6
55	167	58
55	154	100
55	189	88
55	150	77
55	130	88
55	173	68
55	187	60
55	92	19
55	63	35
55	191	53
55	139	10
55	197	12
55	148	23
55	156	60
55	198	6
55	162	36
55	180	28
55	186	26
55	117	11
56	189	19
56	124	52
56	193	9
56	58	30
56	120	21
56	186	93
56	134	69
56	57	78
56	174	49
56	127	76
56	115	58
56	119	99
56	141	49
56	65	41
56	96	49
56	99	33
56	122	20
56	149	58
56	126	12
56	142	87
56	113	71
56	159	33
56	101	73
56	145	88
56	150	9
56	103	62
56	164	22
56	72	97
56	117	98
56	177	88
56	111	11
56	143	41
56	76	26
56	121	76
56	109	73
56	95	6
56	91	46
56	187	6
56	104	64
56	63	87
56	190	65
56	162	32
56	136	18
56	60	40
56	78	80
56	194	87
56	64	63
56	179	93
56	133	48
56	158	71
56	195	65
56	110	69
57	173	49
57	125	86
57	180	32
57	101	7
57	144	27
57	150	41
57	158	96
57	190	45
57	111	37
57	106	99
57	184	54
57	194	82
57	59	17
57	198	18
57	117	62
57	188	66
57	124	42
57	93	17
57	134	67
57	102	72
57	163	44
57	159	39
57	141	37
57	69	68
57	164	86
57	146	8
57	165	7
57	151	89
57	113	71
57	148	70
57	169	24
57	103	69
57	149	38
57	138	18
57	71	11
57	153	60
57	73	74
57	100	79
57	156	6
57	60	22
57	152	39
57	74	86
57	170	95
57	131	87
57	143	9
57	68	18
57	83	7
57	135	85
57	94	26
57	92	80
57	123	72
57	155	40
58	110	36
58	131	52
58	117	33
58	127	96
58	185	27
58	101	49
58	189	55
58	162	87
58	168	45
58	160	65
58	196	27
58	141	44
58	120	97
58	139	95
58	166	15
58	103	56
58	134	11
58	63	49
58	170	18
58	132	46
58	193	84
58	173	32
58	181	71
58	122	45
58	179	91
58	183	81
58	148	73
58	116	25
58	177	54
58	172	34
58	199	47
58	135	73
58	194	98
58	67	29
58	138	58
58	108	97
58	92	70
58	100	81
58	124	13
58	60	29
58	167	82
58	114	79
58	69	31
58	98	57
58	109	53
58	156	10
59	192	97
59	182	64
59	179	24
59	138	33
59	119	31
59	109	28
59	174	91
59	158	99
59	190	56
59	187	81
59	103	79
59	128	27
59	157	74
59	173	26
59	196	54
59	60	93
59	164	54
59	125	44
59	131	28
59	98	25
59	64	24
59	95	89
59	151	81
59	106	22
59	180	15
59	183	72
59	77	14
59	120	34
59	142	28
59	178	51
59	68	90
59	191	14
59	130	99
59	134	28
59	198	22
59	181	58
59	78	26
59	167	94
59	177	31
59	137	43
59	170	39
59	63	10
59	159	97
59	102	18
59	195	19
59	101	41
59	65	28
60	132	83
60	178	83
60	152	79
60	111	27
60	185	54
60	101	33
60	156	25
60	109	11
60	128	43
60	137	20
60	170	82
60	147	90
60	168	81
60	144	61
60	190	45
60	199	68
60	112	84
60	179	34
60	191	65
60	139	27
60	195	93
60	169	30
60	69	90
60	135	53
60	66	58
60	166	100
60	163	52
60	116	39
60	142	35
60	131	68
60	61	79
60	133	54
60	71	17
60	136	49
60	102	73
60	85	99
60	153	21
60	96	25
60	84	61
60	198	82
60	194	69
60	159	91
61	114	60
61	131	51
61	112	25
61	139	21
61	190	24
61	149	83
61	153	88
61	100	24
61	123	70
61	115	81
61	156	11
61	170	23
61	137	21
61	172	59
61	119	80
61	66	29
61	147	33
61	122	16
61	196	39
61	169	48
61	177	32
61	161	7
61	124	50
61	128	7
61	97	6
61	184	83
61	162	66
61	132	88
61	174	88
61	121	18
61	198	82
61	104	63
61	155	87
61	129	68
61	142	98
61	70	62
61	167	55
61	191	22
61	150	17
61	171	43
61	175	55
61	63	87
61	86	77
61	194	68
61	138	78
62	137	40
62	108	19
62	111	44
62	151	95
62	191	13
62	134	20
62	133	46
62	96	91
62	186	12
62	170	73
62	66	29
62	121	9
62	106	67
62	127	17
62	128	83
62	142	45
62	138	77
62	136	24
62	146	79
62	166	38
62	175	29
62	176	84
62	149	56
62	193	100
62	73	49
62	199	6
62	147	71
62	184	80
62	143	46
62	110	9
62	163	83
62	113	98
62	123	48
62	132	10
62	182	93
62	70	64
62	139	12
62	64	76
62	68	50
62	125	43
62	82	71
62	112	51
62	167	59
62	179	75
62	89	25
62	75	68
62	115	5
62	91	91
62	197	41
62	145	88
62	93	22
62	77	36
62	168	64
62	103	59
63	178	78
63	148	50
63	101	19
63	152	7
63	159	62
63	160	62
63	165	86
63	193	87
63	173	98
63	124	26
63	156	33
63	144	41
63	183	87
63	64	14
63	157	91
63	198	38
63	122	48
63	194	56
63	161	59
63	158	70
63	199	27
63	195	35
63	154	76
63	103	76
63	66	73
63	68	72
63	129	33
63	108	32
63	116	34
63	176	99
63	131	26
63	89	62
63	149	36
63	128	62
63	138	99
63	87	88
63	94	93
63	182	84
63	196	81
64	161	80
64	131	42
64	133	77
64	104	49
64	107	82
64	194	90
64	101	12
64	150	97
64	162	47
64	105	53
64	141	87
64	149	67
64	134	56
64	109	70
64	118	95
64	123	59
64	122	45
64	99	65
64	169	66
64	102	55
64	135	47
64	163	89
64	176	31
64	187	8
64	152	32
64	140	30
64	183	82
64	166	42
64	116	20
64	170	89
64	157	80
64	81	93
64	158	64
64	160	33
64	125	63
64	143	61
64	185	44
64	110	47
64	156	36
64	127	73
64	78	32
64	195	25
64	144	96
64	199	45
64	189	100
64	191	42
64	70	43
64	65	22
64	74	99
65	158	55
65	138	90
65	193	7
65	174	92
65	171	20
65	109	84
65	130	44
65	153	43
65	111	11
65	161	98
65	120	87
65	148	89
65	68	79
65	134	47
65	175	64
65	160	36
65	155	99
65	149	72
65	165	72
65	105	53
65	129	48
65	186	23
65	128	80
65	69	93
65	126	62
65	75	21
65	152	63
65	154	20
65	78	31
65	144	40
65	124	43
65	113	9
65	86	92
65	119	25
65	67	15
65	166	30
65	87	58
65	188	68
65	159	78
65	187	58
65	118	18
65	73	61
66	153	10
66	152	23
66	192	59
66	198	17
66	134	46
66	132	74
66	141	64
66	182	34
66	167	77
66	117	59
66	180	40
66	154	36
66	199	90
66	163	83
66	174	73
66	125	74
66	77	67
66	108	95
66	181	12
66	69	17
66	123	73
66	140	88
66	109	42
66	116	29
66	149	68
66	191	91
66	68	72
66	67	11
66	189	9
66	162	44
66	143	17
66	144	98
66	164	93
66	136	43
66	80	99
66	178	72
66	195	69
66	161	88
66	157	59
66	115	33
66	169	55
66	142	87
66	137	70
66	127	43
66	183	11
66	184	19
66	194	27
66	112	96
66	119	97
66	150	17
66	72	43
67	141	23
67	185	30
67	161	98
67	144	76
67	166	32
67	162	57
67	184	25
67	196	15
67	69	22
67	172	13
67	180	38
67	178	8
67	199	60
67	145	87
67	153	17
67	149	28
67	142	50
67	104	31
67	195	91
67	164	56
67	136	77
67	197	52
67	188	25
67	110	33
67	135	41
67	105	37
67	189	74
67	83	81
67	81	6
67	126	58
67	182	78
67	131	12
67	163	61
67	124	94
67	72	19
67	128	88
67	115	67
67	107	56
67	187	37
67	191	66
67	157	69
67	137	44
67	118	48
67	127	17
67	85	58
67	138	63
67	88	89
67	114	45
68	117	73
68	128	46
68	103	10
68	159	88
68	149	69
68	139	73
68	150	66
68	119	94
68	151	18
68	179	75
68	165	80
68	172	57
68	193	79
68	186	83
68	70	14
68	155	28
68	161	63
68	73	37
68	108	27
68	138	11
68	136	85
68	120	57
68	131	48
68	137	92
68	175	70
68	169	52
68	145	75
68	123	36
68	148	63
68	156	73
68	127	23
68	118	56
68	196	65
68	141	92
68	171	81
68	106	69
68	110	37
68	89	19
68	107	62
68	133	94
68	113	36
68	152	83
68	154	68
68	69	84
68	90	94
68	176	43
68	188	83
68	197	80
68	79	11
69	156	38
69	181	44
69	116	86
69	195	47
69	122	62
69	183	77
69	115	68
69	137	7
69	193	67
69	198	98
69	107	25
69	161	19
69	180	84
69	147	32
69	163	58
69	142	31
69	153	92
69	151	93
69	146	73
69	168	71
69	167	61
69	150	39
69	111	67
69	87	55
69	166	75
69	182	94
69	186	63
69	143	76
69	83	63
69	123	63
69	105	75
69	189	58
69	176	16
69	112	94
69	79	20
69	109	23
69	140	65
69	179	12
69	71	75
69	141	38
69	114	78
69	106	62
69	136	17
69	134	97
69	185	73
69	118	94
69	172	58
69	110	92
69	132	36
70	133	55
70	169	86
70	140	96
70	142	65
70	116	9
70	160	29
70	175	6
70	150	44
70	113	66
70	136	92
70	122	67
70	130	94
70	167	9
70	197	88
70	139	33
70	166	19
70	153	30
70	168	32
70	195	19
70	77	66
70	83	63
70	190	34
70	189	17
70	132	6
70	177	92
70	115	96
70	87	58
70	155	15
70	74	51
70	192	60
70	78	16
70	145	22
70	88	23
70	158	20
70	178	89
70	72	77
70	171	97
70	80	80
70	109	24
70	174	98
70	159	46
70	71	28
70	193	32
70	82	78
70	99	58
70	164	30
70	151	16
70	107	95
71	106	91
71	116	32
71	136	26
71	170	21
71	178	27
71	113	40
71	118	88
71	180	83
71	148	7
71	105	36
71	133	59
71	114	16
71	108	73
71	176	71
71	117	37
71	75	84
71	126	56
71	162	50
71	128	75
71	164	52
71	197	80
71	146	70
71	110	49
71	160	49
71	190	51
71	185	78
71	195	68
71	74	89
71	191	52
71	193	91
71	145	57
71	171	41
71	172	99
71	125	71
71	177	34
71	173	15
71	93	85
71	143	83
71	182	22
71	81	15
71	127	21
71	147	40
71	153	25
71	157	79
71	179	64
71	186	59
71	90	32
71	184	45
71	135	99
71	199	16
72	119	34
72	135	27
72	137	24
72	124	72
72	175	50
72	159	34
72	74	77
72	114	65
72	198	67
72	199	92
72	169	47
72	75	83
72	154	27
72	193	92
72	138	88
72	133	77
72	126	40
72	77	50
72	145	64
72	141	59
72	129	80
72	161	73
72	80	35
72	132	64
72	183	17
72	106	10
72	162	96
72	134	41
72	109	60
72	140	76
72	116	51
72	78	91
72	107	7
72	120	70
72	91	91
72	131	30
72	122	12
72	84	35
72	136	27
72	115	74
72	158	31
72	86	43
72	121	70
72	81	90
73	125	50
73	146	100
73	131	59
73	141	16
73	175	62
73	143	20
73	194	67
73	107	7
73	77	23
73	139	21
73	75	93
73	117	19
73	129	49
73	137	85
73	85	88
73	86	44
73	166	34
73	123	54
73	111	24
73	116	10
73	162	40
73	122	25
73	196	56
73	114	83
73	80	6
73	178	99
73	95	12
73	138	27
73	142	66
73	187	70
73	83	12
73	182	63
73	147	45
73	99	88
73	96	66
73	186	66
73	140	70
73	79	38
74	128	64
74	113	26
74	180	45
74	147	38
74	192	91
74	193	99
74	162	40
74	174	67
74	79	6
74	153	79
74	185	9
74	166	69
74	111	55
74	118	44
74	124	65
74	131	64
74	149	80
74	135	76
74	169	8
74	182	9
74	187	95
74	109	7
74	190	39
74	77	13
74	167	75
74	184	24
74	89	39
74	151	32
74	148	80
74	122	68
74	139	82
74	170	18
74	93	77
74	126	50
74	121	62
74	138	34
74	144	45
74	160	23
74	179	6
74	78	11
74	161	81
74	104	38
74	115	68
74	195	83
74	106	6
75	130	22
75	115	26
75	117	60
75	133	6
75	185	72
75	172	76
75	178	22
75	109	13
75	118	90
75	144	31
75	114	87
75	170	13
75	177	36
75	163	25
75	174	42
75	128	75
75	167	37
75	77	50
75	169	90
75	80	40
75	79	72
75	85	92
75	143	39
75	82	31
75	146	94
75	168	12
75	190	77
75	196	34
75	159	43
75	89	21
75	87	62
75	166	94
75	158	92
75	122	62
75	127	27
75	171	58
75	78	71
75	92	82
75	126	15
75	145	28
75	183	100
75	195	83
75	91	48
75	104	32
75	123	69
75	96	78
75	112	60
75	198	37
75	120	46
75	197	27
76	131	84
76	153	82
76	135	40
76	180	88
76	177	60
76	155	22
76	129	15
76	152	11
76	182	69
76	198	55
76	128	65
76	171	73
76	194	20
76	195	17
76	83	51
76	120	60
76	165	54
76	161	53
76	147	72
76	150	25
76	122	50
76	183	49
76	170	48
76	140	55
76	141	29
76	181	36
76	132	81
76	162	36
76	189	88
76	92	90
76	97	90
76	145	48
76	117	20
76	167	10
76	78	95
76	112	6
76	164	81
76	124	33
76	166	8
76	113	27
76	82	20
76	130	71
77	167	42
77	122	11
77	180	90
77	114	37
77	145	69
77	116	76
77	175	8
77	179	12
77	196	34
77	186	38
77	156	35
77	119	36
77	140	89
77	115	99
77	182	16
77	174	81
77	194	68
77	152	31
77	160	77
77	80	49
77	195	22
77	148	5
77	176	22
77	143	41
77	94	11
77	161	74
77	164	76
77	166	74
77	101	32
77	88	19
77	118	83
77	149	78
77	184	32
77	192	84
77	155	21
77	91	68
77	142	62
77	158	32
77	183	73
77	108	57
78	192	21
78	193	56
78	79	48
78	130	35
78	188	17
78	151	80
78	174	25
78	116	21
78	160	6
78	128	77
78	112	30
78	167	95
78	123	90
78	197	17
78	85	26
78	84	42
78	88	9
78	157	16
78	195	88
78	95	39
78	125	76
78	139	51
78	82	56
78	86	71
78	142	89
78	163	46
78	87	57
78	104	90
78	161	60
78	119	49
78	177	88
78	146	93
78	164	82
78	183	40
78	129	73
78	180	35
78	184	51
79	186	27
79	145	33
79	154	36
79	155	36
79	173	79
79	198	64
79	190	68
79	191	71
79	133	6
79	187	32
79	189	29
79	86	59
79	175	8
79	139	65
79	123	48
79	143	83
79	192	79
79	146	48
79	193	97
79	148	82
79	170	36
79	147	24
79	153	64
79	182	88
79	152	88
79	115	22
79	163	55
79	199	98
79	83	92
79	197	6
79	94	89
79	96	67
79	97	81
79	149	44
79	117	93
79	138	100
79	137	17
79	185	22
79	98	91
79	107	48
79	161	72
79	131	31
80	180	92
80	134	62
80	162	87
80	128	45
80	150	16
80	186	10
80	157	20
80	149	9
80	154	69
80	115	80
80	137	32
80	169	33
80	140	47
80	114	94
80	121	21
80	163	57
80	136	9
80	194	7
80	171	33
80	173	59
80	178	60
80	167	87
80	179	96
80	151	53
80	145	10
80	165	25
80	166	9
80	85	7
80	135	45
80	103	82
80	158	96
80	188	86
80	147	74
80	100	97
80	192	84
80	91	42
80	116	12
81	140	55
81	184	89
81	199	50
81	183	36
81	135	25
81	133	50
81	186	31
81	167	83
81	156	58
81	120	20
81	197	7
81	150	46
81	91	17
81	83	82
81	145	36
81	194	15
81	168	47
81	136	76
81	157	80
81	143	19
81	85	42
81	175	32
81	92	82
81	154	71
81	155	68
81	90	73
81	103	58
81	141	27
81	104	70
81	95	16
81	148	25
81	100	34
81	171	66
81	119	53
82	133	20
82	171	32
82	173	81
82	184	76
82	167	30
82	145	30
82	191	45
82	155	10
82	197	17
82	138	84
82	143	52
82	166	46
82	178	71
82	192	91
82	172	10
82	162	77
82	95	21
82	151	100
82	158	91
82	182	75
82	131	43
82	168	69
82	119	79
82	101	49
82	126	10
82	94	20
82	175	28
82	160	22
82	196	57
82	103	46
82	154	87
82	148	72
82	113	6
82	190	99
82	159	92
82	194	61
83	171	59
83	161	29
83	187	68
83	174	59
83	170	84
83	137	78
83	185	18
83	189	24
83	117	56
83	167	45
83	133	16
83	136	53
83	126	89
83	151	49
83	157	61
83	190	99
83	86	18
83	148	7
83	84	59
83	196	13
83	130	37
83	90	22
83	118	54
83	89	39
83	183	24
83	165	70
83	176	62
83	193	32
83	101	81
83	134	82
83	140	62
83	169	72
83	180	29
83	168	61
83	191	61
83	120	51
83	96	82
83	104	83
83	153	60
83	177	70
83	164	95
83	182	43
83	132	10
83	142	66
83	106	85
83	158	90
83	178	29
83	94	53
84	138	100
84	151	10
84	176	54
84	141	33
84	130	83
84	122	78
84	189	45
84	187	13
84	126	95
84	86	47
84	125	33
84	124	63
84	118	93
84	195	69
84	120	73
84	167	100
84	196	81
84	173	63
84	94	45
84	127	82
84	188	9
84	180	47
84	164	42
84	179	50
84	159	39
84	97	68
84	85	41
84	178	26
84	154	23
84	104	71
84	89	11
84	174	47
84	165	14
84	142	48
84	192	82
84	140	28
84	131	90
84	134	7
84	185	69
84	145	22
85	131	47
85	128	44
85	192	88
85	161	27
85	166	31
85	154	80
85	176	32
85	140	23
85	165	95
85	158	45
85	146	83
85	191	66
85	136	14
85	120	6
85	163	61
85	123	6
85	99	58
85	196	16
85	121	66
85	139	54
85	186	10
85	188	80
85	127	82
85	124	84
85	183	38
85	96	84
85	178	16
85	153	77
85	148	71
85	177	28
85	94	80
85	97	65
85	108	42
85	122	9
85	106	89
85	117	62
86	128	96
86	130	99
86	134	68
86	127	20
86	87	35
86	163	14
86	136	43
86	182	22
86	199	81
86	172	98
86	151	73
86	141	8
86	145	54
86	88	42
86	96	16
86	159	72
86	183	31
86	180	39
86	170	54
86	125	23
86	140	35
86	153	91
86	89	93
86	138	98
86	139	74
86	189	5
86	133	72
86	97	13
86	100	12
86	92	41
86	111	14
86	184	46
86	171	45
86	144	98
86	150	24
86	91	44
86	186	16
86	106	33
87	183	25
87	135	70
87	134	92
87	174	98
87	161	42
87	140	91
87	146	65
87	168	10
87	88	78
87	164	97
87	92	61
87	181	87
87	188	91
87	93	72
87	172	20
87	133	10
87	151	82
87	194	43
87	199	80
87	139	16
87	102	84
87	143	75
87	127	62
87	184	24
87	97	72
87	187	92
87	158	93
87	106	88
87	129	65
87	150	96
87	98	54
87	155	93
87	91	47
87	112	53
87	121	87
87	193	16
87	142	81
87	144	32
87	152	11
87	138	16
87	180	37
87	192	92
87	171	59
87	114	41
87	90	81
88	183	24
88	123	9
88	168	42
88	146	46
88	141	73
88	151	82
88	137	9
88	143	64
88	191	33
88	155	75
88	94	50
88	126	59
88	130	32
88	197	64
88	124	23
88	97	48
88	147	91
88	144	51
88	160	87
88	193	11
88	98	88
88	175	29
88	165	41
88	195	28
88	166	68
88	152	23
88	112	46
88	185	96
88	105	36
88	132	61
88	100	78
88	125	72
88	154	69
88	177	42
88	131	91
88	164	95
88	190	78
88	133	69
88	92	38
88	89	30
88	140	85
88	104	38
89	170	71
89	158	31
89	157	72
89	176	78
89	145	95
89	196	9
89	153	60
89	130	30
89	147	82
89	142	34
89	159	43
89	144	29
89	124	81
89	141	23
89	131	32
89	190	17
89	169	59
89	160	80
89	98	95
89	152	47
89	182	25
89	179	38
89	189	24
89	186	42
89	106	27
89	155	12
89	105	82
89	150	36
89	195	33
89	110	39
89	140	47
89	180	64
89	151	74
89	93	46
89	146	23
89	162	34
89	127	27
90	188	17
90	159	44
90	149	99
90	156	35
90	135	28
90	94	19
90	132	14
90	141	9
90	140	94
90	96	71
90	142	47
90	183	13
90	177	96
90	125	49
90	162	40
90	99	17
90	163	7
90	92	99
90	153	48
90	108	61
90	164	11
90	190	51
90	186	86
90	137	53
90	192	74
90	110	95
90	105	96
90	152	89
90	117	50
90	169	82
90	129	95
90	151	28
91	147	11
91	92	86
91	145	47
91	141	92
91	190	68
91	95	77
91	178	86
91	151	54
91	136	60
91	195	54
91	171	36
91	127	95
91	188	29
91	158	76
91	102	89
91	164	62
91	160	47
91	176	34
91	163	37
91	162	26
91	98	85
91	167	29
91	187	63
91	180	45
91	150	34
91	149	97
91	192	68
91	185	50
91	191	74
91	183	10
91	118	76
91	175	83
91	94	44
91	117	27
92	138	59
92	143	60
92	188	7
92	154	36
92	178	76
92	163	63
92	194	27
92	142	20
92	173	66
92	165	90
92	98	94
92	160	17
92	133	58
92	140	11
92	157	16
92	181	20
92	172	13
92	169	85
92	161	88
92	191	98
92	179	72
92	94	10
92	171	6
92	137	42
92	150	35
92	185	61
92	199	39
92	96	81
92	135	25
92	111	47
92	174	86
92	159	72
92	101	21
92	109	6
92	127	60
92	155	19
92	176	84
92	108	6
92	168	61
93	184	15
93	130	96
93	193	31
93	168	8
93	182	5
93	158	43
93	146	64
93	174	30
93	188	45
93	156	64
93	140	51
93	180	14
93	198	60
93	136	58
93	128	88
93	152	71
93	170	48
93	132	77
93	190	81
93	177	57
93	133	94
93	153	50
93	164	59
93	195	23
93	96	70
93	145	86
93	115	93
93	150	23
93	111	66
93	176	55
93	183	90
93	157	56
93	105	20
93	102	43
93	121	24
93	159	20
93	123	34
93	196	62
93	165	46
94	187	75
94	142	49
94	155	39
94	174	6
94	186	46
94	179	46
94	153	13
94	132	95
94	151	15
94	104	30
94	182	30
94	173	40
94	197	56
94	95	34
94	166	68
94	196	51
94	170	33
94	111	48
94	136	62
94	160	75
94	168	54
94	108	70
94	193	36
94	189	62
94	185	51
94	137	56
94	110	10
94	115	13
94	143	46
95	138	100
95	176	27
95	194	29
95	197	67
95	151	29
95	129	63
95	130	25
95	183	94
95	97	75
95	164	76
95	134	47
95	192	19
95	100	46
95	188	76
95	162	89
95	160	90
95	132	81
95	191	90
95	152	41
95	181	72
95	153	6
95	178	83
95	141	91
95	174	30
95	135	62
95	149	28
95	136	80
95	185	96
95	142	65
95	187	22
95	113	42
95	119	31
95	159	98
95	109	25
95	157	64
95	117	35
95	131	65
95	101	82
95	172	93
95	146	59
95	189	38
95	114	80
95	182	86
95	180	28
95	123	67
95	179	80
96	97	28
96	132	61
96	100	5
96	141	100
96	173	40
96	139	10
96	102	99
96	198	17
96	145	36
96	180	12
96	199	52
96	156	81
96	142	71
96	192	65
96	150	84
96	181	45
96	99	25
96	184	67
96	111	79
96	103	77
96	104	98
96	179	99
96	151	11
96	167	6
96	115	12
96	119	78
96	175	20
96	123	17
96	157	27
96	107	65
96	165	60
96	185	39
96	126	67
97	132	48
97	140	30
97	177	31
97	161	67
97	178	70
97	197	64
97	154	7
97	134	94
97	149	42
97	169	14
97	175	28
97	160	48
97	182	15
97	102	70
97	188	57
97	109	11
97	133	50
97	103	25
97	107	36
97	168	72
97	111	54
97	114	94
97	184	15
97	146	67
97	99	8
97	117	80
97	123	41
97	194	79
97	104	20
97	166	18
98	145	6
98	100	13
98	152	62
98	194	17
98	195	76
98	158	21
98	168	89
98	177	32
98	191	29
98	149	87
98	106	66
98	143	23
98	170	35
98	103	38
98	132	95
98	184	46
98	171	86
98	185	6
98	138	66
98	154	66
98	134	82
98	196	86
98	155	98
98	117	50
98	193	55
98	115	25
98	101	41
98	173	73
98	160	92
98	142	14
98	147	71
98	151	17
98	118	95
98	108	23
98	135	67
99	148	30
99	143	75
99	164	82
99	179	23
99	199	5
99	167	58
99	152	100
99	145	80
99	147	69
99	105	6
99	174	76
99	180	63
99	150	86
99	193	42
99	178	79
99	165	98
99	151	64
99	144	54
99	191	37
99	146	82
99	106	57
99	119	28
99	103	18
99	187	68
99	149	39
99	121	54
100	189	31
100	173	97
100	172	46
100	199	84
100	139	28
100	197	22
100	140	75
100	169	94
100	192	19
100	170	79
100	187	39
100	151	75
100	135	69
100	102	37
100	164	70
100	103	81
100	146	32
100	179	75
100	193	96
100	113	80
100	162	39
100	156	27
100	186	24
100	166	72
100	121	49
100	119	95
100	152	86
100	137	77
100	194	70
100	114	34
100	182	43
101	172	92
101	104	29
101	163	13
101	156	55
101	176	57
101	166	29
101	155	89
101	106	96
101	186	69
101	183	17
101	147	64
101	198	10
101	105	9
101	184	9
101	188	33
101	137	18
101	144	7
101	115	96
101	180	38
101	117	11
101	159	16
101	141	18
101	108	7
101	193	75
101	189	65
102	198	56
102	157	6
102	142	32
102	183	17
102	173	68
102	163	21
102	181	13
102	159	68
102	164	24
102	151	12
102	147	99
102	170	59
102	192	31
102	184	46
102	179	46
102	153	14
102	160	89
102	199	64
102	120	70
102	154	90
102	169	22
102	126	67
102	144	55
102	137	46
102	182	69
102	119	97
102	116	67
102	194	42
102	166	91
103	175	89
103	110	61
103	196	14
103	178	49
103	151	34
103	170	66
103	157	32
103	158	73
103	138	52
103	139	26
103	140	93
103	146	16
103	142	27
103	162	87
103	116	60
103	108	94
103	197	70
103	168	42
103	105	99
103	174	90
103	187	44
103	125	97
103	193	38
103	126	7
103	161	43
103	198	76
103	113	72
103	163	49
103	171	50
103	114	67
103	199	83
103	133	87
103	149	61
103	120	21
104	181	20
104	171	44
104	172	59
104	170	8
104	173	91
104	111	76
104	151	89
104	182	99
104	166	63
104	165	94
104	194	87
104	186	9
104	108	6
104	144	31
104	183	84
104	191	70
104	199	96
104	167	44
104	190	8
104	141	47
104	123	94
104	154	7
104	185	63
104	198	51
104	112	36
104	120	22
104	128	77
104	164	88
105	182	72
105	180	57
105	152	25
105	111	22
105	175	87
105	160	91
105	168	12
105	190	24
105	158	9
105	184	94
105	172	74
105	163	87
105	156	63
105	139	65
105	148	46
105	149	28
105	144	8
105	161	17
105	112	16
105	123	60
105	193	67
105	189	43
105	169	93
105	117	53
105	167	99
105	110	48
105	197	60
105	166	65
105	198	30
105	179	93
105	191	54
105	132	72
106	149	70
106	156	72
106	176	59
106	147	7
106	148	66
106	177	13
106	142	86
106	152	74
106	155	6
106	158	48
106	162	67
106	180	24
106	161	18
106	151	87
106	117	76
106	143	85
106	171	20
106	111	16
106	163	38
106	118	14
106	185	44
106	166	79
106	167	63
106	183	100
106	108	80
106	170	21
106	115	56
106	130	32
106	184	21
106	145	64
106	126	48
106	196	38
106	129	60
106	127	96
106	168	44
106	173	22
106	181	89
106	134	48
106	133	85
106	146	31
107	159	24
107	158	25
107	168	65
107	186	35
107	112	56
107	109	60
107	195	23
107	174	33
107	197	16
107	110	18
107	162	73
107	144	45
107	173	61
107	120	86
107	157	47
107	113	28
107	178	32
107	196	84
107	111	64
107	115	66
107	116	54
107	125	14
107	114	41
107	150	83
107	185	71
107	169	75
107	154	18
107	167	14
107	189	50
107	177	13
107	138	5
107	124	60
108	147	28
108	152	65
108	197	82
108	188	16
108	158	97
108	155	41
108	177	23
108	193	28
108	185	59
108	149	83
108	170	97
108	146	33
108	110	86
108	157	66
108	198	76
108	174	82
108	167	86
108	156	51
108	165	32
108	117	78
108	169	43
108	124	47
108	119	97
108	136	44
109	181	54
109	156	81
109	166	72
109	148	58
109	187	88
109	176	96
109	112	18
109	161	26
109	157	96
109	190	81
109	192	20
109	173	22
109	189	23
109	171	55
109	120	27
109	117	71
109	124	86
109	193	31
109	170	21
109	116	22
109	195	47
109	153	78
109	188	35
109	125	41
109	111	79
109	130	45
110	190	47
110	147	21
110	196	92
110	160	52
110	118	78
110	152	45
110	162	50
110	178	81
110	169	5
110	195	78
110	151	58
110	124	16
110	158	45
110	167	95
110	189	32
110	194	88
110	128	33
110	165	91
110	192	58
110	193	36
110	197	93
110	180	6
110	156	55
111	188	85
111	170	22
111	158	78
111	147	58
111	193	9
111	117	78
111	164	60
111	198	86
111	162	20
111	178	99
111	123	92
111	176	71
111	127	90
111	169	39
111	195	73
111	126	89
111	168	53
111	177	43
111	173	98
111	197	52
111	139	25
111	179	8
111	199	72
111	180	56
111	120	78
111	161	20
112	169	39
112	160	59
112	149	48
112	165	11
112	193	31
112	188	28
112	163	76
112	195	72
112	197	13
112	166	8
112	118	95
112	182	22
112	198	50
112	123	67
112	173	87
112	185	87
112	162	36
112	194	26
112	126	53
112	130	26
112	136	22
112	174	18
112	168	63
112	177	94
113	184	13
113	165	6
113	157	29
113	192	36
113	187	8
113	198	48
113	115	47
113	197	62
113	124	96
113	180	63
113	174	44
113	195	92
113	175	27
113	156	48
113	194	40
113	114	80
113	181	11
113	129	75
113	125	38
113	147	14
113	189	45
113	152	95
113	133	14
113	173	43
113	158	44
114	170	89
114	163	19
114	172	14
114	193	30
114	148	28
114	165	21
114	199	60
114	167	45
114	195	16
114	155	72
114	185	89
114	153	42
114	157	48
114	184	39
114	194	48
114	149	71
114	150	46
114	196	46
114	176	47
114	180	7
114	136	28
114	177	28
115	195	86
115	162	88
115	154	68
115	188	20
115	160	39
115	199	69
115	124	95
115	121	58
115	187	63
115	156	10
115	167	49
115	150	13
115	179	21
115	117	51
115	169	36
115	183	49
115	198	17
115	184	39
115	197	84
115	139	35
115	116	67
115	135	57
115	130	73
115	126	94
115	141	23
115	191	36
115	176	12
115	148	44
116	171	39
116	153	30
116	162	61
116	179	60
116	157	52
116	195	49
116	187	43
116	159	38
116	193	13
116	124	70
116	119	65
116	176	31
116	155	10
116	125	90
116	126	99
116	120	15
116	137	52
116	163	93
116	130	27
116	131	45
116	170	14
116	167	57
116	178	73
116	132	74
116	133	45
116	152	45
117	118	93
117	191	39
117	174	54
117	171	35
117	164	18
117	172	45
117	188	31
117	182	27
117	173	61
117	189	20
117	124	96
117	126	44
117	127	58
117	133	94
117	161	47
117	181	97
117	119	61
117	167	31
117	154	71
117	165	47
117	140	6
117	162	21
117	186	44
117	130	63
117	128	52
117	152	78
117	190	92
118	164	51
118	184	43
118	190	60
118	186	92
118	181	48
118	185	35
118	156	10
118	159	99
118	153	76
118	175	88
118	131	19
118	192	69
118	170	76
118	125	50
118	179	18
118	189	100
118	191	44
118	173	76
118	172	20
118	197	72
118	199	8
118	139	54
118	132	65
118	158	74
118	187	9
118	176	59
118	166	12
118	140	10
118	178	76
118	142	33
118	182	9
119	184	8
119	172	33
119	174	99
119	125	40
119	155	60
119	196	87
119	177	49
119	160	89
119	156	31
119	171	69
119	194	57
119	195	58
119	193	61
119	158	97
119	185	52
119	166	16
119	163	92
119	164	48
119	179	73
119	186	76
119	170	28
119	132	43
119	143	13
119	178	62
119	122	100
119	142	50
120	174	55
120	156	18
120	189	96
120	191	13
120	169	72
120	179	52
120	122	92
120	167	97
120	192	9
120	182	44
120	198	27
120	183	85
120	170	62
120	185	20
120	195	18
120	140	38
120	164	30
120	143	63
120	162	64
120	173	73
120	178	62
120	175	17
120	197	11
120	142	75
120	123	60
120	137	76
121	182	16
121	190	99
121	185	95
121	165	12
121	171	57
121	192	34
121	189	67
121	199	21
121	173	22
121	181	35
121	132	79
121	174	54
121	128	49
121	140	71
121	134	15
121	170	40
121	141	60
121	162	6
121	136	73
122	170	55
122	171	54
122	184	53
122	169	23
122	195	68
122	123	36
122	175	23
122	167	96
122	191	12
122	197	29
122	134	37
122	174	18
122	137	31
122	140	59
122	164	79
122	192	41
122	187	87
122	141	48
122	165	96
122	168	66
122	135	34
122	126	44
123	184	87
123	186	66
123	167	51
123	125	94
123	173	44
123	185	57
123	192	97
123	191	82
123	196	94
123	189	20
123	124	96
123	199	30
123	183	79
123	188	59
123	174	35
123	143	9
123	139	78
123	172	47
124	188	7
124	176	59
124	171	63
124	189	25
124	179	64
124	180	34
124	169	39
124	187	12
124	195	76
124	173	61
124	172	64
124	174	92
124	138	96
124	185	49
124	159	9
124	177	40
124	178	49
124	175	15
124	133	45
124	182	62
124	152	76
124	145	64
124	167	26
124	148	13
124	190	16
124	160	22
125	163	11
125	164	63
125	171	96
125	187	18
125	184	69
125	129	56
125	178	69
125	197	62
125	175	69
125	136	34
125	181	75
125	172	42
125	139	78
125	137	59
125	191	15
125	174	89
125	193	89
125	140	40
125	162	43
125	132	13
125	155	84
125	160	93
126	192	17
126	178	84
126	191	95
126	130	37
126	183	97
126	129	81
126	133	66
126	139	42
126	199	47
126	169	79
126	163	56
126	160	21
126	161	71
126	186	95
126	162	77
126	136	45
126	148	6
126	170	86
126	145	16
126	165	29
126	173	28
127	168	32
127	180	100
127	170	58
127	189	16
127	196	70
127	135	90
127	171	80
127	161	56
127	186	11
127	178	22
127	177	17
127	179	22
127	130	76
127	144	67
127	138	87
127	147	97
127	185	41
127	166	100
127	139	46
128	170	54
128	184	30
128	163	68
128	189	85
128	196	86
128	190	18
128	192	53
128	141	24
128	174	11
128	136	15
128	197	11
128	147	97
128	132	76
128	178	20
128	134	39
128	169	47
128	151	57
129	186	85
129	130	85
129	176	52
129	198	90
129	169	33
129	179	98
129	183	79
129	163	81
129	182	38
129	150	83
129	184	35
129	192	65
129	168	18
129	175	51
129	166	90
129	135	35
129	187	18
130	179	34
130	177	11
130	138	47
130	139	44
130	168	47
130	196	75
130	146	64
130	195	38
130	143	59
130	149	88
130	164	36
130	198	13
130	148	91
130	171	91
130	157	90
130	178	70
130	199	30
131	176	69
131	136	42
131	193	86
131	174	39
131	191	47
131	166	9
131	181	20
131	133	66
131	192	52
131	132	62
131	135	88
131	186	72
131	170	50
131	190	22
131	182	84
131	167	87
131	155	91
131	184	36
131	138	92
131	163	25
131	153	87
132	191	66
132	174	18
132	182	46
132	197	12
132	194	62
132	180	40
132	134	40
132	172	8
132	179	100
132	185	21
132	166	47
132	133	33
132	140	99
132	173	91
132	168	20
132	196	94
132	152	91
132	170	33
132	135	82
132	169	91
132	188	59
132	146	7
132	149	47
132	190	62
132	157	73
132	154	91
133	196	55
133	169	11
133	187	73
133	198	46
133	176	12
133	190	26
133	188	45
133	175	92
133	184	53
133	135	83
133	141	51
133	186	67
133	185	54
133	150	70
133	143	25
133	174	81
133	178	67
133	181	48
133	177	66
133	195	47
133	171	35
133	139	48
134	195	75
134	168	26
134	135	56
134	181	83
134	171	60
134	145	36
134	148	39
134	189	64
134	175	77
134	196	23
134	140	54
134	188	70
134	180	86
134	185	44
134	150	76
134	151	17
134	194	76
134	176	81
134	162	35
135	182	37
135	184	86
135	173	22
135	199	47
135	185	52
135	174	5
135	196	33
135	172	92
135	176	95
135	149	20
135	192	12
135	153	85
135	180	99
135	191	68
135	197	64
135	160	16
135	187	33
135	143	31
135	140	52
135	151	55
135	169	60
135	186	56
135	159	10
135	165	66
136	186	51
136	177	88
136	192	5
136	170	30
136	195	17
136	143	81
136	178	68
136	172	41
136	191	22
136	188	87
136	183	38
136	184	60
136	137	39
136	154	62
136	146	17
136	189	22
137	192	32
137	139	37
137	171	74
137	199	54
137	141	60
137	143	47
137	186	80
137	197	17
137	185	74
137	177	66
137	188	59
137	196	61
137	153	28
137	150	40
137	179	67
137	140	19
138	177	95
138	185	84
138	176	97
138	184	100
138	196	89
138	140	57
138	148	27
138	181	68
138	141	49
138	150	40
138	147	35
138	186	51
138	194	41
138	156	13
138	195	9
138	198	88
138	178	96
138	149	97
138	160	68
138	175	7
138	151	22
139	175	94
139	189	67
139	187	14
139	179	89
139	149	38
139	193	47
139	195	93
139	198	56
139	173	74
139	184	48
139	163	48
139	164	37
139	151	46
139	155	69
139	183	37
139	146	60
139	153	66
139	160	26
139	188	86
139	192	90
140	180	54
140	182	47
140	185	48
140	197	53
140	144	29
140	150	78
140	178	5
140	177	9
140	152	42
140	199	88
140	191	13
140	188	40
140	153	39
140	169	15
140	193	86
140	176	40
140	192	60
141	193	31
141	181	75
141	195	47
141	187	20
141	176	12
141	147	33
141	177	34
141	180	73
141	146	78
141	196	54
141	156	57
141	184	92
141	164	28
141	178	51
141	143	5
141	194	96
141	158	43
141	148	36
141	169	14
141	149	84
141	145	93
141	155	19
141	179	82
142	179	94
142	185	16
142	182	41
142	189	69
142	194	79
142	148	51
142	159	26
142	144	78
142	167	85
142	154	18
142	171	63
142	157	73
142	178	90
143	147	27
143	182	31
143	187	31
143	151	94
143	194	93
143	161	56
143	149	26
143	183	65
143	197	69
143	146	6
143	166	99
144	192	68
144	182	34
144	186	13
144	190	10
144	151	54
144	185	40
144	152	62
144	146	42
144	179	28
144	166	92
144	168	75
144	197	91
144	191	87
144	155	97
144	165	22
144	183	89
144	162	55
145	199	88
145	192	81
145	191	85
145	190	14
145	196	26
145	153	76
145	195	69
145	147	8
145	158	67
145	184	47
145	157	94
145	152	95
145	185	53
145	164	58
145	176	99
145	198	60
146	180	32
146	198	53
146	147	98
146	153	56
146	151	12
146	199	83
146	149	97
146	154	42
146	196	29
146	157	19
146	166	65
146	183	96
146	156	23
146	161	86
146	164	20
147	195	52
147	191	7
147	189	34
147	157	75
147	194	57
147	154	35
147	193	34
147	184	87
147	192	59
147	155	27
147	196	52
147	185	36
147	172	90
147	190	35
147	168	86
147	158	75
147	199	38
148	185	55
148	189	63
148	197	72
148	156	33
148	183	20
148	161	93
148	166	72
148	151	50
148	182	36
148	155	93
148	164	85
148	188	17
148	162	91
148	187	34
148	184	13
148	172	75
148	174	93
148	167	97
149	151	59
149	198	69
149	184	96
149	156	68
149	193	81
149	168	17
149	189	42
149	159	92
149	185	49
150	187	48
150	153	20
150	189	97
150	192	71
150	154	55
150	185	63
150	168	85
150	199	99
150	186	37
150	195	81
150	162	78
150	174	61
150	171	75
150	163	61
151	187	72
151	157	81
151	189	20
151	193	9
151	160	81
151	198	70
151	155	92
151	197	73
151	194	66
151	185	36
151	171	78
151	174	69
151	190	85
151	165	49
151	166	56
152	191	17
152	194	59
152	159	96
152	187	91
152	190	16
152	156	38
152	155	87
152	192	56
152	158	69
152	196	60
152	175	16
152	172	60
153	191	7
153	155	60
153	159	80
153	158	47
153	190	96
153	162	72
153	194	77
153	164	9
153	172	79
153	189	71
153	181	80
153	166	44
153	175	72
153	198	95
154	192	75
154	196	51
154	199	95
154	193	42
154	195	80
154	188	91
154	164	11
154	156	37
154	155	66
154	172	66
154	190	22
154	163	39
154	166	88
154	178	85
154	162	64
155	198	54
155	160	68
155	197	80
155	163	69
155	170	35
155	174	35
155	159	17
155	179	19
155	161	76
155	169	54
155	156	38
155	196	28
156	197	37
156	165	8
156	193	9
156	196	41
156	157	8
156	174	6
156	162	89
156	172	61
156	186	27
157	192	56
157	161	32
157	160	20
157	158	64
157	162	13
157	177	46
157	172	31
157	170	80
157	173	40
157	182	48
157	195	16
158	196	84
158	194	80
158	193	99
158	160	70
158	167	14
158	195	77
158	164	76
158	173	32
158	190	34
158	198	82
159	160	54
159	195	9
159	168	78
159	194	83
159	175	72
159	172	48
159	193	62
159	197	45
160	197	78
160	161	9
160	164	37
160	169	35
160	180	13
160	198	21
160	182	35
160	168	15
160	165	94
160	195	98
160	175	35
161	197	50
161	195	69
161	171	94
161	166	38
161	175	51
161	198	7
161	180	79
161	165	99
161	181	29
161	177	78
161	196	76
161	188	18
161	179	98
162	199	67
162	167	37
162	171	85
162	198	27
162	169	65
162	163	22
162	197	51
162	180	47
162	176	31
162	187	89
162	175	57
163	164	15
163	199	94
163	197	62
163	176	68
163	178	10
163	174	31
163	168	48
163	198	81
164	166	96
164	172	20
164	185	63
164	196	72
165	166	73
165	177	62
165	180	80
165	167	62
166	171	69
166	170	40
166	172	78
166	177	86
166	183	69
166	180	10
166	187	60
166	181	6
166	185	98
166	191	80
166	193	34
167	168	71
167	178	55
167	186	84
167	172	10
167	181	56
167	169	32
167	183	37
167	173	99
168	171	37
168	178	77
168	174	77
168	187	99
168	169	26
169	174	44
169	175	20
169	183	55
169	189	46
169	172	92
169	186	55
169	184	99
169	180	6
169	197	32
169	182	75
169	190	25
170	178	79
170	186	64
170	172	71
170	194	62
170	192	40
170	198	56
170	181	39
171	173	60
171	176	72
171	172	8
171	174	28
171	182	24
171	180	91
171	198	69
172	173	15
172	183	90
172	180	48
172	182	25
172	190	75
172	199	7
172	174	20
173	187	62
173	174	35
173	191	86
173	181	50
174	185	85
174	189	60
174	188	42
174	179	82
174	197	25
174	177	20
174	193	57
175	181	6
175	177	33
175	183	68
175	176	73
175	191	65
175	195	50
175	190	89
175	194	84
176	185	46
176	191	94
176	180	85
177	179	62
177	183	26
177	189	39
177	188	16
177	194	92
177	190	11
177	192	57
177	193	23
178	181	71
178	184	80
178	188	65
178	194	21
178	199	66
178	192	84
179	184	86
179	183	28
179	194	93
179	185	65
180	183	10
180	187	67
180	192	51
180	189	84
180	181	96
181	185	64
181	194	14
181	183	66
181	199	59
181	193	59
181	184	27
182	192	13
183	187	7
183	185	83
183	194	25
183	196	72
183	191	14
183	184	54
184	187	95
184	188	48
184	193	38
184	199	94
184	192	61
184	189	16
185	186	43
186	187	11
186	191	32
186	194	76
187	193	66
187	194	52
187	188	25
187	191	96
187	189	84
188	197	40
188	192	71
188	190	11
189	192	50
189	190	28
189	198	72
189	194	7
189	195	91
190	191	89
190	193	98
190	195	31
191	197	33
191	198	8
191	194	15
192	197	12
192	195	33
192	199	26
193	196	54
194	195	22
194	199	17
195	198	69
196	197	57
197	198	62
