NAME: W_SPARSE_180_66
n: 180
m: 5940
0	110	59
0	90	19
0	74	79
0	80	41
0	146	84
0	71	13
0	113	18
0	120	57
0	93	15
0	94	39
0	103	41
0	116	59
0	65	95
0	97	59
0	115	82
0	86	93
0	82	22
0	175	5
0	95	29
0	42	86
0	46	95
0	56	48
0	133	77
0	1	75
0	6	31
0	112	12
0	4	79
0	5	45
0	114	83
0	84	54
0	172	20
0	91	22
0	18	70
0	13	73
0	40	26
0	126	77
0	2	75
0	36	97
0	45	100
0	78	46
0	157	60
0	141	22
0	127	45
0	160	45
0	41	44
0	132	62
0	170	83
0	16	67
0	79	15
0	22	91
0	159	23
0	20	12
0	123	65
0	166	43
0	173	92
0	168	31
0	129	36
0	128	22
0	143	87
0	158	12
1	123	50
1	46	71
1	88	92
1	131	60
1	69	90
1	2	76
1	58	66
1	128	64
1	94	76
1	124	8
1	104	8
1	110	36
1	51	34
1	39	45
1	37	92
1	147	9
1	133	18
1	141	31
1	56	80
1	98	36
1	145	70
1	5	45
1	52	32
1	142	80
1	79	90
1	170	86
1	113	65
1	90	82
1	64	64
1	135	67
1	171	55
1	35	22
1	136	23
1	36	84
1	165	56
1	102	38
1	179	28
1	120	97
1	49	67
1	13	18
1	67	26
1	111	75
1	115	67
1	62	74
1	138	32
1	57	76
1	22	95
1	132	18
1	112	61
1	96	83
1	41	89
1	117	75
1	116	7
1	107	85
1	84	86
1	125	14
1	83	12
1	72	18
1	177	45
1	20	43
1	77	64
1	86	12
2	104	62
2	135	50
2	141	33
2	100	71
2	5	32
2	52	89
2	50	9
2	58	76
2	59	30
2	113	95
2	70	25
2	90	17
2	108	94
2	62	54
2	175	12
2	4	47
2	103	50
2	48	13
2	84	17
2	44	57
2	138	80
2	81	90
2	40	86
2	124	95
2	86	22
2	169	83
2	17	68
2	173	92
2	145	64
2	178	41
2	36	51
2	6	53
2	144	40
2	162	20
2	63	21
2	110	13
2	65	38
2	78	68
2	120	13
2	131	86
2	91	45
2	109	82
2	97	10
2	177	59
2	46	55
2	95	16
2	101	44
2	93	70
2	24	56
2	77	10
2	7	40
2	69	49
2	140	78
2	117	46
2	122	61
2	80	22
2	142	60
2	167	59
2	146	43
2	139	48
3	75	8
3	89	56
3	95	69
3	88	93
3	111	97
3	94	14
3	107	51
3	132	38
3	131	18
3	137	95
3	44	92
3	87	55
3	51	71
3	7	58
3	133	63
3	6	60
3	91	56
3	99	44
3	90	7
3	9	30
3	108	95
3	177	34
3	172	40
3	122	8
3	102	78
3	53	47
3	50	44
3	61	57
3	148	94
3	68	72
3	139	37
3	47	29
3	58	34
3	62	68
3	66	96
3	73	35
3	100	14
3	117	35
3	109	84
3	97	93
3	166	48
3	41	66
3	104	66
3	138	6
3	113	68
3	42	29
3	72	9
3	110	78
3	136	94
3	22	81
3	174	100
3	178	56
3	171	31
3	28	45
3	160	55
3	37	70
3	14	16
3	65	36
3	134	69
3	147	70
3	175	34
3	29	59
3	52	90
3	157	37
3	12	81
3	127	11
3	27	37
3	15	21
3	25	13
3	176	94
4	61	84
4	85	93
4	145	62
4	109	73
4	62	13
4	118	74
4	72	50
4	103	71
4	139	79
4	56	42
4	73	13
4	52	41
4	78	9
4	79	59
4	6	64
4	92	15
4	131	31
4	149	5
4	123	45
4	66	23
4	99	50
4	136	97
4	60	81
4	70	29
4	41	98
4	90	40
4	116	36
4	13	47
4	11	66
4	147	68
4	111	33
4	121	76
4	91	26
4	51	40
4	143	45
4	54	55
4	125	80
4	7	59
4	100	80
4	144	28
4	47	85
4	59	22
4	175	60
4	142	29
4	42	90
4	75	99
4	130	22
4	74	53
4	120	37
4	165	35
4	57	91
4	67	23
4	38	26
4	20	98
4	138	78
4	48	86
4	84	59
4	98	79
4	129	15
4	127	99
4	15	29
4	22	7
4	28	80
4	122	73
4	31	59
4	82	7
4	155	88
4	146	74
4	55	29
4	68	25
4	113	11
5	79	5
5	78	67
5	39	9
5	82	54
5	127	54
5	85	67
5	56	47
5	123	79
5	44	72
5	140	67
5	151	38
5	125	68
5	47	16
5	143	34
5	149	72
5	98	80
5	124	93
5	55	59
5	57	56
5	144	38
5	92	70
5	141	11
5	77	32
5	93	15
5	61	94
5	53	58
5	59	89
5	10	79
5	107	34
5	145	32
5	46	7
5	175	21
5	19	22
5	128	43
5	172	11
5	135	77
5	115	18
5	112	15
5	121	25
5	90	98
5	28	42
5	103	34
5	18	8
5	101	13
5	99	24
5	83	69
5	72	40
5	122	48
5	81	46
5	51	81
5	147	30
5	150	63
5	96	36
5	50	14
5	16	29
5	75	59
5	88	99
5	68	27
5	142	93
5	25	39
5	146	55
5	155	27
5	30	57
5	104	48
6	87	62
6	145	82
6	70	93
6	120	47
6	112	15
6	91	7
6	77	54
6	105	53
6	141	51
6	83	64
6	82	48
6	113	7
6	116	68
6	57	89
6	102	87
6	146	68
6	15	83
6	151	95
6	127	72
6	98	8
6	52	60
6	61	32
6	104	38
6	115	97
6	152	13
6	140	87
6	78	58
6	65	66
6	124	6
6	92	37
6	118	16
6	131	43
6	75	76
6	86	37
6	44	79
6	174	69
6	99	6
6	85	62
6	176	90
6	43	89
6	12	44
6	114	45
6	134	41
6	135	65
6	144	51
6	53	22
6	25	84
6	101	73
6	128	83
6	49	69
6	106	10
6	136	99
6	166	79
6	56	74
6	18	17
6	42	11
6	109	5
6	93	18
6	17	6
6	179	37
6	79	99
6	69	95
6	26	41
6	117	31
6	21	60
6	37	74
6	108	57
7	70	33
7	95	7
7	75	50
7	84	88
7	93	83
7	131	61
7	111	53
7	142	19
7	79	70
7	140	65
7	53	34
7	58	34
7	10	21
7	63	59
7	91	60
7	148	53
7	112	9
7	62	62
7	57	75
7	47	32
7	114	99
7	65	98
7	134	16
7	129	36
7	177	89
7	108	72
7	87	68
7	20	70
7	104	98
7	110	56
7	152	76
7	153	84
7	51	79
7	125	69
7	115	28
7	105	90
7	52	19
7	83	72
7	171	27
7	11	58
7	80	37
7	123	49
7	67	53
7	147	19
7	174	90
7	176	41
7	74	63
7	99	54
7	15	59
7	132	50
7	165	58
7	107	76
7	119	13
7	64	91
7	122	49
7	41	27
7	144	94
7	124	71
7	126	39
7	46	22
7	179	51
7	19	21
7	94	93
7	149	19
7	13	9
7	29	92
7	90	35
7	160	19
8	133	59
8	74	25
8	121	73
8	104	59
8	129	84
8	131	85
8	135	33
8	81	67
8	78	85
8	128	83
8	67	95
8	48	78
8	134	85
8	61	30
8	91	82
8	106	27
8	112	22
8	85	55
8	82	21
8	69	64
8	80	55
8	83	25
8	49	82
8	66	45
8	88	9
8	53	17
8	105	32
8	18	58
8	130	82
8	136	29
8	45	89
8	16	92
8	101	40
8	152	62
8	13	99
8	54	55
8	52	61
8	171	91
8	173	31
8	110	14
8	9	81
8	24	68
8	70	25
8	178	65
8	99	87
8	73	11
8	176	45
8	92	98
8	123	96
8	132	71
8	116	73
8	93	15
8	167	22
8	84	10
8	96	82
8	126	66
8	149	10
8	100	59
8	22	70
8	44	72
8	20	50
8	168	99
8	86	48
8	87	16
8	11	22
8	166	89
8	146	70
8	148	29
8	43	22
8	150	74
8	172	51
8	113	64
8	119	29
8	15	56
8	57	46
9	60	76
9	109	14
9	126	32
9	120	59
9	63	91
9	110	69
9	139	30
9	87	98
9	45	34
9	43	42
9	59	27
9	68	29
9	83	13
9	152	13
9	121	65
9	70	6
9	134	72
9	141	13
9	13	47
9	48	10
9	49	47
9	55	86
9	78	10
9	65	53
9	150	40
9	131	82
9	64	96
9	67	34
9	16	56
9	75	87
9	69	15
9	20	65
9	81	21
9	117	81
9	130	8
9	155	25
9	128	90
9	115	65
9	11	81
9	51	91
9	102	49
9	19	25
9	26	77
9	71	92
9	143	90
9	179	17
9	106	24
9	145	43
9	21	81
9	142	71
9	153	23
9	30	53
9	169	54
9	136	69
9	162	98
9	173	61
9	76	10
9	112	61
9	108	48
9	127	46
9	24	45
9	174	64
9	17	13
9	138	6
10	50	74
10	97	24
10	147	78
10	121	31
10	107	89
10	61	62
10	63	98
10	52	21
10	46	56
10	54	8
10	58	92
10	128	45
10	131	54
10	111	51
10	82	44
10	67	86
10	73	98
10	94	8
10	55	37
10	132	99
10	47	24
10	101	42
10	71	15
10	86	39
10	116	67
10	81	90
10	49	36
10	150	46
10	85	64
10	77	91
10	74	33
10	84	62
10	178	97
10	177	61
10	172	33
10	45	68
10	25	17
10	153	13
10	100	12
10	126	28
10	44	97
10	119	74
10	24	88
10	135	48
10	13	84
10	102	97
10	151	94
10	19	58
10	16	36
10	66	79
10	161	30
10	12	55
10	130	69
10	171	30
10	57	67
10	29	83
10	117	7
11	100	76
11	48	39
11	94	84
11	128	81
11	14	50
11	117	39
11	115	72
11	133	19
11	52	95
11	54	91
11	109	15
11	98	12
11	99	38
11	123	16
11	16	32
11	57	80
11	105	8
11	144	74
11	136	41
11	59	59
11	141	29
11	22	41
11	119	71
11	148	54
11	78	7
11	96	15
11	122	9
11	90	25
11	112	40
11	118	16
11	20	54
11	135	92
11	15	26
11	25	74
11	69	67
11	26	84
11	53	53
11	30	66
11	93	48
11	146	40
11	116	24
11	149	30
11	32	22
11	179	63
11	154	10
11	12	36
11	23	80
11	70	60
11	50	26
11	169	44
11	156	35
11	172	93
11	89	97
11	60	95
11	167	95
11	175	18
11	67	65
11	19	99
11	137	20
11	31	13
11	107	81
11	39	48
11	171	40
11	65	27
12	84	68
12	124	55
12	135	89
12	13	93
12	64	76
12	147	88
12	158	64
12	152	97
12	58	70
12	94	73
12	122	84
12	60	32
12	83	27
12	134	10
12	112	58
12	150	86
12	59	55
12	142	76
12	86	40
12	95	99
12	17	25
12	97	47
12	47	43
12	65	51
12	91	22
12	78	88
12	52	55
12	117	76
12	100	56
12	19	57
12	62	58
12	126	94
12	148	11
12	57	94
12	111	77
12	129	76
12	74	17
12	123	41
12	132	41
12	138	61
12	156	27
12	27	77
12	80	58
12	25	97
12	108	27
12	133	24
12	76	54
12	155	48
12	104	21
12	34	27
12	48	92
12	28	94
12	128	38
12	136	86
12	31	45
12	179	18
12	141	46
12	109	87
12	140	62
12	81	71
12	173	44
12	175	50
12	68	41
12	22	84
12	113	46
12	30	86
12	54	75
12	114	15
12	151	25
12	164	95
13	132	91
13	61	51
13	67	78
13	95	82
13	53	20
13	133	56
13	77	10
13	82	6
13	66	82
13	56	31
13	79	96
13	51	30
13	136	48
13	59	96
13	137	36
13	156	9
13	50	93
13	21	54
13	120	16
13	102	17
13	159	86
13	106	23
13	70	6
13	72	94
13	121	31
13	14	43
13	64	52
13	112	87
13	80	25
13	27	11
13	88	37
13	84	11
13	175	99
13	96	38
13	127	19
13	60	73
13	57	15
13	90	37
13	113	23
13	146	12
13	93	45
13	34	92
13	89	90
13	26	61
13	40	55
13	104	14
13	116	79
13	35	72
13	47	32
13	58	26
13	110	44
13	111	71
13	24	7
13	153	42
13	71	42
13	155	98
13	173	16
13	74	83
13	165	67
13	62	46
13	177	76
14	98	70
14	124	76
14	112	70
14	71	98
14	83	52
14	122	80
14	51	95
14	73	25
14	138	33
14	93	28
14	80	28
14	150	100
14	156	48
14	95	79
14	55	85
14	121	69
14	67	51
14	91	45
14	110	31
14	48	17
14	22	55
14	101	29
14	134	86
14	151	25
14	104	10
14	89	61
14	136	28
14	81	37
14	28	84
14	17	67
14	132	37
14	159	64
14	160	25
14	100	47
14	141	11
14	58	95
14	128	24
14	119	68
14	118	13
14	64	64
14	90	14
14	108	18
14	129	95
14	97	98
14	79	18
14	29	97
14	30	22
14	127	37
14	147	62
14	176	81
14	169	34
14	65	39
14	85	39
14	43	15
14	116	71
14	40	54
14	52	65
14	99	54
14	144	42
14	115	15
14	44	36
14	77	21
14	145	42
14	16	28
15	142	91
15	116	30
15	127	77
15	71	24
15	59	21
15	148	68
15	122	88
15	126	55
15	66	14
15	74	68
15	68	52
15	111	60
15	125	22
15	151	56
15	160	98
15	81	91
15	129	32
15	100	43
15	128	32
15	16	32
15	53	19
15	80	29
15	124	97
15	18	46
15	21	63
15	17	58
15	94	97
15	143	60
15	108	34
15	73	48
15	119	92
15	96	61
15	93	9
15	157	42
15	82	24
15	98	13
15	92	74
15	29	14
15	57	33
15	177	48
15	103	6
15	104	33
15	140	27
15	132	69
15	152	20
15	30	93
15	85	58
15	145	86
15	69	9
15	87	61
15	137	86
15	175	46
15	101	17
15	134	40
15	131	81
15	60	20
15	120	11
15	153	8
15	135	50
15	89	72
15	146	45
15	110	12
15	144	44
15	32	29
15	37	8
15	83	76
16	147	66
16	67	5
16	154	94
16	73	92
16	140	39
16	84	16
16	105	26
16	137	14
16	157	94
16	89	50
16	115	72
16	162	26
16	21	63
16	122	91
16	156	20
16	129	53
16	104	50
16	66	46
16	142	92
16	144	99
16	64	20
16	53	61
16	60	68
16	87	89
16	25	75
16	97	24
16	130	28
16	85	52
16	29	84
16	133	11
16	136	56
16	146	58
16	54	80
16	68	95
16	82	47
16	152	13
16	77	93
16	50	19
16	94	54
16	111	74
16	62	67
16	71	88
16	37	47
16	27	66
16	93	73
16	177	64
16	32	75
16	108	32
16	26	89
16	28	25
16	149	21
16	39	30
16	17	50
16	113	68
16	35	73
16	145	69
16	57	50
16	55	78
16	148	86
16	41	91
16	112	69
16	20	41
16	40	82
17	97	35
17	79	96
17	145	39
17	151	100
17	157	63
17	77	99
17	143	63
17	82	70
17	59	62
17	131	88
17	65	73
17	127	34
17	126	55
17	74	79
17	137	7
17	110	26
17	67	32
17	23	19
17	150	14
17	64	95
17	128	42
17	146	13
17	61	96
17	121	74
17	27	76
17	95	78
17	80	60
17	123	67
17	136	17
17	60	29
17	78	92
17	138	33
17	96	79
17	29	31
17	135	82
17	156	78
17	72	79
17	122	93
17	62	39
17	86	8
17	159	73
17	140	22
17	124	58
17	26	80
17	163	63
17	178	33
17	20	32
17	134	28
17	148	23
17	91	65
17	154	65
17	113	81
17	153	62
17	56	8
17	85	65
17	66	50
17	46	94
17	125	22
17	147	62
17	171	5
17	129	83
17	174	21
18	136	71
18	90	36
18	111	77
18	161	99
18	104	37
18	72	20
18	56	32
18	62	85
18	73	70
18	98	98
18	107	12
18	142	15
18	80	12
18	147	33
18	102	88
18	81	48
18	146	12
18	109	80
18	140	29
18	61	46
18	77	42
18	124	47
18	160	51
18	63	28
18	116	11
18	67	42
18	53	22
18	106	92
18	97	52
18	21	22
18	58	22
18	75	30
18	141	49
18	114	93
18	37	7
18	74	87
18	162	7
18	145	26
18	95	82
18	156	83
18	99	77
18	30	89
18	57	36
18	20	59
18	118	57
18	133	74
18	153	11
18	103	91
18	35	45
18	88	72
18	41	85
18	52	49
18	172	78
18	28	7
18	34	66
18	22	73
18	117	55
18	68	50
18	19	19
18	100	66
19	128	35
19	121	80
19	124	14
19	140	31
19	118	73
19	90	25
19	139	72
19	149	47
19	120	50
19	68	20
19	132	43
19	157	35
19	150	61
19	54	19
19	108	46
19	111	45
19	117	86
19	153	35
19	27	13
19	152	13
19	20	32
19	115	39
19	161	15
19	158	68
19	23	58
19	71	89
19	31	39
19	147	21
19	165	42
19	91	24
19	93	12
19	131	29
19	164	57
19	58	21
19	53	65
19	86	97
19	154	44
19	67	54
19	127	40
19	87	44
19	155	7
19	179	51
19	148	92
19	64	55
19	156	86
19	116	7
19	141	61
19	59	74
19	100	53
19	81	63
19	129	25
19	125	88
19	102	46
19	130	13
19	33	48
19	151	28
19	101	22
20	102	15
20	92	11
20	97	14
20	80	52
20	23	86
20	156	16
20	152	67
20	83	89
20	87	59
20	82	51
20	160	39
20	120	22
20	144	76
20	153	37
20	61	23
20	63	83
20	138	7
20	100	45
20	123	8
20	68	93
20	25	28
20	64	18
20	22	31
20	116	47
20	126	46
20	105	33
20	89	54
20	134	28
20	58	26
20	106	97
20	65	34
20	108	97
20	161	79
20	121	24
20	78	46
20	137	8
20	59	41
20	163	87
20	118	92
20	56	96
20	69	26
20	84	10
20	133	10
20	104	44
20	110	40
20	109	54
20	57	25
20	146	64
20	40	40
20	85	83
20	179	14
20	174	27
20	70	94
20	91	79
20	28	20
20	112	55
20	37	27
20	124	97
20	157	88
20	150	42
20	115	34
21	73	92
21	167	29
21	125	34
21	88	97
21	85	57
21	80	18
21	112	17
21	161	54
21	127	65
21	81	29
21	92	59
21	99	14
21	140	21
21	114	33
21	75	57
21	142	17
21	133	41
21	116	75
21	77	28
21	123	44
21	109	45
21	90	48
21	28	13
21	118	72
21	139	8
21	156	49
21	55	10
21	30	99
21	89	30
21	115	26
21	159	63
21	65	38
21	120	77
21	155	30
21	135	14
21	38	99
21	147	98
21	145	78
21	124	12
21	33	44
21	76	18
21	29	96
21	100	15
21	154	41
21	165	84
21	106	44
21	105	73
21	108	79
21	157	14
21	162	91
21	98	15
21	150	79
21	42	68
21	111	27
21	22	41
21	56	23
21	128	79
21	130	34
21	62	64
21	41	15
21	36	43
21	137	52
21	121	28
22	70	17
22	113	75
22	94	22
22	89	77
22	84	99
22	116	66
22	122	34
22	155	69
22	24	90
22	104	60
22	134	31
22	163	16
22	56	64
22	110	74
22	23	40
22	65	9
22	114	45
22	112	65
22	82	60
22	60	26
22	130	86
22	32	58
22	129	20
22	153	5
22	135	87
22	119	69
22	151	48
22	143	65
22	37	78
22	74	27
22	93	75
22	137	15
22	102	9
22	39	22
22	62	22
22	121	17
22	157	78
22	166	7
22	99	88
22	29	56
22	58	13
22	61	48
22	111	48
22	91	94
22	136	53
22	108	19
22	144	64
22	45	59
22	90	32
22	177	75
22	78	20
22	115	92
22	97	20
22	98	29
22	140	66
22	69	79
22	178	16
22	36	43
23	157	99
23	129	24
23	67	48
23	75	47
23	133	65
23	94	26
23	77	79
23	69	97
23	145	95
23	125	41
23	156	18
23	124	38
23	149	68
23	31	6
23	72	78
23	115	83
23	81	62
23	101	97
23	90	9
23	62	61
23	153	31
23	89	97
23	98	78
23	165	78
23	63	84
23	29	82
23	119	92
23	78	76
23	136	76
23	158	10
23	121	73
23	79	56
23	147	58
23	108	58
23	151	25
23	38	41
23	65	64
23	161	40
23	166	52
23	107	92
23	112	99
23	127	67
23	126	89
23	146	86
23	61	45
23	163	71
23	122	98
23	37	17
23	120	57
23	174	28
23	177	53
23	116	77
23	169	84
23	159	79
23	86	9
24	116	10
24	114	12
24	138	20
24	84	38
24	97	84
24	73	59
24	61	48
24	86	65
24	29	47
24	112	12
24	67	72
24	169	36
24	149	6
24	59	34
24	98	48
24	104	84
24	156	80
24	167	53
24	80	94
24	120	30
24	62	36
24	122	18
24	119	60
24	107	47
24	134	31
24	68	93
24	126	58
24	66	20
24	154	96
24	115	84
24	125	13
24	102	88
24	35	19
24	139	43
24	64	47
24	155	85
24	89	24
24	37	70
24	65	23
24	81	65
24	141	81
24	123	14
24	100	80
24	113	86
24	30	76
24	94	83
24	142	95
24	88	98
24	36	11
24	41	71
24	33	57
24	51	93
24	163	73
24	170	94
24	178	68
24	151	47
24	153	65
24	158	28
24	96	62
25	66	63
25	106	83
25	147	55
25	157	46
25	148	53
25	134	98
25	166	21
25	107	50
25	111	65
25	171	67
25	88	74
25	33	55
25	74	71
25	101	87
25	62	47
25	150	14
25	115	52
25	139	24
25	162	96
25	76	38
25	131	82
25	146	68
25	36	81
25	73	39
25	92	87
25	99	37
25	30	29
25	81	71
25	152	79
25	98	91
25	161	39
25	140	49
25	167	98
25	93	19
25	95	59
25	119	92
25	160	79
25	123	53
25	108	5
25	159	98
25	45	44
25	138	31
25	135	5
25	179	19
25	47	45
25	29	76
25	113	34
25	86	44
25	39	52
25	83	67
25	127	7
25	144	37
25	130	18
26	105	98
26	115	82
26	77	87
26	83	64
26	89	26
26	101	60
26	81	54
26	114	16
26	126	23
26	85	75
26	75	89
26	154	16
26	74	42
26	94	54
26	62	29
26	152	39
26	30	99
26	61	77
26	27	24
26	155	5
26	159	38
26	65	14
26	112	98
26	99	21
26	122	38
26	82	62
26	162	68
26	102	37
26	31	100
26	33	75
26	67	59
26	72	25
26	158	28
26	80	55
26	153	82
26	39	14
26	117	94
26	92	29
26	142	89
26	60	29
26	132	93
26	84	98
26	95	57
26	37	15
26	143	93
26	156	48
26	166	8
26	93	81
26	157	92
26	107	70
26	36	63
26	43	85
26	53	91
26	100	80
26	129	83
26	110	44
27	68	57
27	63	48
27	136	73
27	160	77
27	96	37
27	66	38
27	119	15
27	80	36
27	140	33
27	108	85
27	133	75
27	92	52
27	127	36
27	74	26
27	124	88
27	34	69
27	163	37
27	109	47
27	37	34
27	76	56
27	29	48
27	144	64
27	154	57
27	84	45
27	149	99
27	88	56
27	172	22
27	97	75
27	128	77
27	90	65
27	152	58
27	147	18
27	31	96
27	94	21
27	98	77
27	151	49
27	164	33
27	35	21
27	85	85
27	81	85
27	69	46
27	143	84
27	79	15
27	112	34
27	30	29
27	72	25
27	158	41
27	167	55
27	122	89
27	169	98
27	73	65
27	145	36
27	161	72
28	66	39
28	151	93
28	154	99
28	157	10
28	88	78
28	141	73
28	65	19
28	161	11
28	105	72
28	79	70
28	137	74
28	101	94
28	124	41
28	68	42
28	152	59
28	165	37
28	116	88
28	120	54
28	100	20
28	163	42
28	31	43
28	145	65
28	35	43
28	149	95
28	168	40
28	169	26
28	72	99
28	36	90
28	38	18
28	92	59
28	164	41
28	167	40
28	89	12
28	126	96
28	170	17
28	43	50
28	148	29
28	111	19
28	132	94
28	82	74
28	134	56
28	156	43
28	158	78
28	166	12
28	73	24
28	93	85
28	98	16
28	80	96
28	118	84
28	69	65
28	162	8
28	76	50
28	109	47
28	147	54
28	85	66
28	133	61
28	174	91
28	33	96
28	117	65
28	40	57
28	138	94
28	54	29
29	69	89
29	87	61
29	113	49
29	135	27
29	158	51
29	100	71
29	92	82
29	33	74
29	95	76
29	143	13
29	159	13
29	153	7
29	103	91
29	138	5
29	64	83
29	172	66
29	167	64
29	88	11
29	152	41
29	151	56
29	155	93
29	118	37
29	115	92
29	30	46
29	141	13
29	139	58
29	91	74
29	124	19
29	128	37
29	137	31
29	169	16
29	112	89
29	96	88
29	161	16
29	44	48
29	150	8
29	31	67
29	160	45
29	165	56
29	144	86
29	175	95
29	121	27
29	119	34
29	74	13
29	131	14
29	133	88
29	97	51
29	49	58
29	67	70
29	156	72
29	164	15
29	40	89
29	41	55
29	99	21
29	162	56
30	112	10
30	73	84
30	129	81
30	95	9
30	164	92
30	168	62
30	150	94
30	165	44
30	70	63
30	110	74
30	155	49
30	172	63
30	92	50
30	175	73
30	96	26
30	174	69
30	140	32
30	123	32
30	83	42
30	109	23
30	40	31
30	99	32
30	34	53
30	31	44
30	33	97
30	104	69
30	166	86
30	85	60
30	128	67
30	100	40
30	171	7
30	47	70
30	37	16
30	105	10
30	169	52
30	43	78
30	82	86
30	143	29
30	48	12
30	161	65
30	52	88
30	163	89
30	91	85
30	151	84
30	148	78
30	132	69
30	121	36
30	49	81
30	36	84
30	159	32
30	133	67
31	75	19
31	104	83
31	86	66
31	70	42
31	146	65
31	171	21
31	37	22
31	103	66
31	174	65
31	134	75
31	172	26
31	71	69
31	90	96
31	158	56
31	38	43
31	67	46
31	83	41
31	164	50
31	76	86
31	91	13
31	147	33
31	114	83
31	162	73
31	99	42
31	113	44
31	151	15
31	154	13
31	153	45
31	101	87
31	77	90
31	33	65
31	39	23
31	160	21
31	32	23
31	133	68
31	127	45
31	126	48
31	163	25
31	69	55
31	131	98
31	143	36
31	129	78
31	165	95
31	108	10
31	44	27
31	96	68
31	157	20
31	144	97
31	78	9
31	119	34
31	54	48
31	98	67
31	42	16
31	109	57
32	136	89
32	112	10
32	150	89
32	95	51
32	82	51
32	141	10
32	88	57
32	134	29
32	123	20
32	114	94
32	120	45
32	175	93
32	161	91
32	81	19
32	155	42
32	128	45
32	147	60
32	70	77
32	98	11
32	87	97
32	129	34
32	96	71
32	162	13
32	102	56
32	109	20
32	68	53
32	42	84
32	66	8
32	105	70
32	48	14
32	49	12
32	76	57
32	148	62
32	119	88
32	130	5
32	83	95
32	47	94
32	127	76
32	115	56
32	44	63
32	135	78
32	54	55
32	172	64
32	163	43
32	142	20
32	97	84
32	86	52
32	171	13
32	118	8
32	61	83
32	62	96
32	152	52
32	41	68
32	156	21
32	168	82
33	158	77
33	119	39
33	174	48
33	115	76
33	121	62
33	122	31
33	141	100
33	164	10
33	114	5
33	111	16
33	132	94
33	92	41
33	165	33
33	130	19
33	146	75
33	82	63
33	80	29
33	145	23
33	134	58
33	95	95
33	143	28
33	83	90
33	137	47
33	73	55
33	133	92
33	42	81
33	86	17
33	154	51
33	116	15
33	169	18
33	49	34
33	151	62
33	149	7
33	78	21
33	147	82
33	127	29
33	85	64
33	140	86
33	36	26
33	107	6
33	43	72
33	77	99
33	171	75
33	106	55
33	45	16
33	89	40
33	136	23
33	176	41
33	173	62
33	68	78
33	117	33
33	88	40
33	60	6
33	40	39
33	79	64
33	157	76
34	158	42
34	165	71
34	134	54
34	175	81
34	101	29
34	148	23
34	169	46
34	106	11
34	69	96
34	172	12
34	84	43
34	97	14
34	162	86
34	88	85
34	144	53
34	38	97
34	138	86
34	149	27
34	120	90
34	179	8
34	112	19
34	152	34
34	154	77
34	41	19
34	123	84
34	163	21
34	104	85
34	68	63
34	70	47
34	119	71
34	131	90
34	92	84
34	168	36
34	87	31
34	135	52
34	91	51
34	132	95
34	103	95
34	77	66
34	102	12
34	93	45
34	142	73
34	89	40
34	98	93
34	81	31
34	105	25
34	76	66
34	83	16
34	96	99
34	166	34
34	157	54
34	125	50
34	159	19
34	140	94
34	48	63
34	37	36
34	167	89
34	116	90
34	111	43
34	133	29
34	113	69
34	99	39
34	47	68
35	123	67
35	89	75
35	85	64
35	153	8
35	77	92
35	152	47
35	165	31
35	121	25
35	81	20
35	91	94
35	156	63
35	103	45
35	116	97
35	38	65
35	36	57
35	41	25
35	78	11
35	105	58
35	150	92
35	44	53
35	151	94
35	73	49
35	93	80
35	95	79
35	159	49
35	74	55
35	99	34
35	172	74
35	94	70
35	178	43
35	87	67
35	174	39
35	117	86
35	162	51
35	108	64
35	54	72
35	76	80
35	160	83
35	88	84
35	177	41
35	176	88
35	138	73
35	166	57
35	75	26
35	86	35
35	120	61
35	51	48
35	175	89
35	134	98
35	71	28
35	98	99
35	96	72
35	80	12
35	65	18
35	79	73
35	107	42
35	112	19
36	71	61
36	106	23
36	109	17
36	154	96
36	176	12
36	134	37
36	166	33
36	90	22
36	178	80
36	125	8
36	107	69
36	108	74
36	142	26
36	46	78
36	72	89
36	160	80
36	79	75
36	39	28
36	149	89
36	162	89
36	103	95
36	104	13
36	145	7
36	165	88
36	135	45
36	78	39
36	40	13
36	172	90
36	121	15
36	119	31
36	87	96
36	98	9
36	152	66
36	148	93
36	118	20
36	94	16
36	41	49
36	74	9
36	126	77
36	111	11
36	179	63
36	113	24
36	130	91
36	137	42
37	105	7
37	118	49
37	157	33
37	175	92
37	104	20
37	114	50
37	117	76
37	103	48
37	161	56
37	101	16
37	144	66
37	132	8
37	102	53
37	115	83
37	87	14
37	119	7
37	159	45
37	86	96
37	147	11
37	150	90
37	162	13
37	42	89
37	90	29
37	72	51
37	170	99
37	39	41
37	77	33
37	78	77
37	145	43
37	48	57
37	122	36
37	40	47
37	84	26
37	152	23
37	160	49
37	121	58
37	106	66
37	120	57
37	74	7
37	163	45
37	138	88
37	166	36
37	124	18
37	60	41
37	165	63
37	153	6
37	56	52
37	100	86
37	176	77
37	111	44
37	59	38
37	149	79
38	125	67
38	84	69
38	144	19
38	130	31
38	170	19
38	171	19
38	102	74
38	161	73
38	136	82
38	90	37
38	168	50
38	73	8
38	134	72
38	105	62
38	172	99
38	178	50
38	77	15
38	95	61
38	42	44
38	80	46
38	120	65
38	118	59
38	100	37
38	72	77
38	148	12
38	51	39
38	111	44
38	175	69
38	126	91
38	119	15
38	141	69
38	129	50
38	87	37
38	145	79
38	138	80
38	76	40
38	101	42
38	151	61
38	47	7
38	99	99
38	106	50
38	163	100
38	143	20
38	164	59
38	41	40
38	97	57
38	169	24
38	86	34
38	122	70
38	127	85
38	112	98
38	83	69
38	146	89
38	63	90
38	109	37
38	107	29
38	166	12
38	176	15
38	121	10
39	110	47
39	78	81
39	165	34
39	173	96
39	153	19
39	105	26
39	99	7
39	159	79
39	98	14
39	94	83
39	131	80
39	132	26
39	129	90
39	125	56
39	154	23
39	96	15
39	85	44
39	139	23
39	107	56
39	119	72
39	157	42
39	89	57
39	134	80
39	126	57
39	130	11
39	179	61
39	149	37
39	52	84
39	151	48
39	155	25
39	87	71
39	104	38
39	74	48
39	82	63
39	75	45
39	116	24
39	79	80
39	135	6
39	103	19
39	41	29
39	81	78
39	100	72
39	102	39
39	46	44
39	113	52
39	51	27
39	150	95
39	43	18
39	88	19
39	175	53
39	168	64
39	101	40
39	45	17
39	140	97
39	136	50
39	128	80
39	91	39
39	120	89
39	48	26
39	122	33
40	144	92
40	110	56
40	96	36
40	99	13
40	119	30
40	94	43
40	89	18
40	122	13
40	157	94
40	124	91
40	148	7
40	80	71
40	74	46
40	120	88
40	134	66
40	82	39
40	109	86
40	146	70
40	165	64
40	81	33
40	127	9
40	150	87
40	164	81
40	160	72
40	76	24
40	145	58
40	137	12
40	43	8
40	85	89
40	106	7
40	141	69
40	132	78
40	147	28
40	179	75
40	79	62
40	138	12
40	158	75
40	155	47
40	128	28
40	169	39
40	166	27
40	93	83
40	108	96
40	55	85
40	167	35
40	84	44
40	53	49
40	177	93
40	101	46
40	51	69
40	77	95
40	47	14
40	103	61
40	49	62
40	59	34
40	117	29
41	89	47
41	132	98
41	158	42
41	153	28
41	100	9
41	117	58
41	126	6
41	172	76
41	150	91
41	88	92
41	124	29
41	79	65
41	145	20
41	176	47
41	146	47
41	164	47
41	140	20
41	91	12
41	170	17
41	80	46
41	104	20
41	166	21
41	114	49
41	82	52
41	138	99
41	167	58
41	83	31
41	178	95
41	84	75
41	94	31
41	110	17
41	127	96
41	101	11
41	163	13
41	165	18
41	51	71
41	43	6
41	118	40
41	103	56
41	161	69
41	90	65
41	157	96
41	77	48
41	137	9
41	62	69
41	123	12
41	107	38
41	142	29
41	95	17
41	135	24
41	149	82
41	148	64
41	49	59
41	154	14
41	116	92
41	179	76
41	56	82
42	107	24
42	143	19
42	120	48
42	111	84
42	116	28
42	98	13
42	148	92
42	117	63
42	127	33
42	174	54
42	164	30
42	133	74
42	44	37
42	179	12
42	170	70
42	81	16
42	132	51
42	163	80
42	85	96
42	126	47
42	88	54
42	96	66
42	146	10
42	152	40
42	166	23
42	83	83
42	93	73
42	137	24
42	80	13
42	175	33
42	112	78
42	134	38
42	177	91
42	140	61
42	149	37
42	110	29
42	53	81
42	55	82
42	86	66
42	94	6
42	114	94
42	168	64
42	71	72
42	104	47
42	131	73
42	119	82
42	136	31
43	124	31
43	156	61
43	141	87
43	92	27
43	104	96
43	130	54
43	157	77
43	155	18
43	78	28
43	93	66
43	158	9
43	105	6
43	96	38
43	177	37
43	138	79
43	115	96
43	86	78
43	147	36
43	159	84
43	106	45
43	51	41
43	152	98
43	123	62
43	89	23
43	101	24
43	126	65
43	144	85
43	79	62
43	127	84
43	149	10
43	84	51
43	140	68
43	176	59
43	44	60
43	154	38
43	55	5
43	125	15
43	173	53
43	132	16
43	54	13
43	139	82
43	150	12
43	121	25
43	166	50
43	116	41
43	50	83
43	64	73
43	67	42
43	135	45
43	45	32
43	102	89
43	77	10
43	80	57
43	85	15
43	63	96
43	49	16
43	73	73
43	164	53
43	100	69
44	171	78
44	108	41
44	123	39
44	161	82
44	79	86
44	93	26
44	140	6
44	178	50
44	110	59
44	141	44
44	147	57
44	150	93
44	112	19
44	133	97
44	117	60
44	121	16
44	129	75
44	157	79
44	122	96
44	105	9
44	160	88
44	172	75
44	165	29
44	56	37
44	83	22
44	80	48
44	174	60
44	175	91
44	81	7
44	158	26
44	156	96
44	139	83
44	153	43
44	107	88
44	111	64
44	49	93
44	91	40
44	46	17
44	127	51
44	166	96
44	118	50
44	104	29
44	92	54
44	155	72
44	169	100
44	64	97
44	54	90
44	71	30
44	177	84
44	88	82
44	61	72
44	50	52
44	128	97
44	45	70
44	96	63
44	163	10
44	146	17
45	150	37
45	171	48
45	151	84
45	143	24
45	87	8
45	100	6
45	122	34
45	134	16
45	112	57
45	140	31
45	153	41
45	80	63
45	141	26
45	104	13
45	157	60
45	106	68
45	93	47
45	95	39
45	138	64
45	82	95
45	85	56
45	126	40
45	52	42
45	147	70
45	89	50
45	108	59
45	118	92
45	97	53
45	132	14
45	139	54
45	163	27
45	146	13
45	179	7
45	61	70
45	113	14
45	124	35
45	155	79
45	46	95
45	109	23
45	166	89
45	129	17
45	145	55
45	137	11
45	168	59
45	144	92
45	84	76
45	105	23
45	65	45
45	81	28
45	64	55
45	174	24
45	48	65
45	162	18
45	101	37
45	59	41
45	161	66
45	111	91
46	101	44
46	178	27
46	88	68
46	148	51
46	105	55
46	141	95
46	83	21
46	158	12
46	85	45
46	155	67
46	86	62
46	131	41
46	161	78
46	89	51
46	104	14
46	127	12
46	49	72
46	126	42
46	53	55
46	98	10
46	51	91
46	163	11
46	100	25
46	110	43
46	171	56
46	152	9
46	97	61
46	108	50
46	162	40
46	140	83
46	128	83
46	118	14
46	130	68
46	117	74
46	106	43
46	48	20
46	124	28
46	154	68
46	176	29
46	138	86
46	137	52
46	81	47
46	164	26
46	142	98
46	160	69
46	173	45
46	99	17
46	168	25
46	132	6
47	81	98
47	137	91
47	99	99
47	133	81
47	161	91
47	165	26
47	108	62
47	92	57
47	128	65
47	138	28
47	141	54
47	176	81
47	148	45
47	114	51
47	157	36
47	160	11
47	111	65
47	119	30
47	110	50
47	97	19
47	116	20
47	122	55
47	156	21
47	159	24
47	123	43
47	94	46
47	174	80
47	179	63
47	93	12
47	168	72
47	98	69
47	48	33
47	129	15
47	86	21
47	107	24
47	134	72
47	177	99
47	139	51
47	164	47
47	125	55
47	52	76
47	158	86
47	106	32
47	105	94
47	109	15
47	70	75
47	63	22
47	171	52
47	142	50
47	153	88
47	146	89
47	76	51
47	118	52
47	78	29
47	166	29
47	144	44
48	144	83
48	179	69
48	125	34
48	151	73
48	94	41
48	138	52
48	106	56
48	140	49
48	174	98
48	93	81
48	113	49
48	123	60
48	50	45
48	130	86
48	111	85
48	149	37
48	142	9
48	137	51
48	158	31
48	116	13
48	143	89
48	96	37
48	95	62
48	60	25
48	62	38
48	92	28
48	155	11
48	90	16
48	170	92
48	98	79
48	68	26
48	99	33
48	135	98
48	136	68
48	87	74
48	161	39
48	52	14
48	107	65
48	154	38
48	108	71
48	141	96
48	100	14
48	58	5
48	133	46
48	85	79
48	79	75
48	55	82
48	61	96
48	127	48
48	175	75
49	103	77
49	102	42
49	115	67
49	86	95
49	160	92
49	163	56
49	141	13
49	91	55
49	128	68
49	84	59
49	131	51
49	175	54
49	179	31
49	152	5
49	111	56
49	142	44
49	50	29
49	94	58
49	105	99
49	139	57
49	108	40
49	51	39
49	117	33
49	87	80
49	55	95
49	162	15
49	126	68
49	99	6
49	150	13
49	167	58
49	125	29
49	119	41
49	122	39
49	135	100
49	113	77
49	92	23
49	53	80
49	161	48
49	59	66
49	52	92
49	62	85
49	158	17
49	159	67
49	123	56
49	154	85
49	63	81
49	57	72
49	76	5
49	136	70
49	64	83
49	98	88
49	106	94
50	130	74
50	149	72
50	154	9
50	121	77
50	169	8
50	55	80
50	178	68
50	172	52
50	138	93
50	171	66
50	143	45
50	164	98
50	102	45
50	109	10
50	99	80
50	117	42
50	150	94
50	142	38
50	101	52
50	168	31
50	120	19
50	175	44
50	87	24
50	165	98
50	113	86
50	179	98
50	145	11
50	140	5
50	96	52
50	51	36
50	119	92
50	162	48
50	88	31
50	139	82
50	100	43
50	122	40
50	92	73
50	68	80
50	84	86
50	151	70
50	141	71
50	158	47
50	73	88
50	144	89
50	74	36
50	148	93
50	153	23
50	161	96
50	132	61
50	137	51
50	95	94
50	108	57
50	78	81
50	79	87
51	130	89
51	93	37
51	112	93
51	86	87
51	156	90
51	175	36
51	157	62
51	135	63
51	138	17
51	142	75
51	177	55
51	97	17
51	96	72
51	98	19
51	133	24
51	89	82
51	60	64
51	160	25
51	124	59
51	144	25
51	173	53
51	108	61
51	176	53
51	171	44
51	65	50
51	158	92
51	118	97
51	111	72
51	151	11
51	115	28
51	148	26
51	103	70
51	168	24
51	169	15
51	162	11
51	166	24
51	178	28
51	69	29
51	55	19
51	76	58
51	140	43
51	117	71
51	121	84
51	163	78
51	77	46
51	88	97
51	179	18
52	142	77
52	122	35
52	106	43
52	157	71
52	161	14
52	98	87
52	141	69
52	125	10
52	133	94
52	108	54
52	171	75
52	94	56
52	118	69
52	128	95
52	162	44
52	143	59
52	146	93
52	102	90
52	57	52
52	104	82
52	90	91
52	166	81
52	148	12
52	117	26
52	139	91
52	172	9
52	179	50
52	115	9
52	123	38
52	127	82
52	176	57
52	164	21
52	109	74
52	131	79
52	156	35
52	178	97
52	61	63
52	71	66
52	62	58
52	76	53
52	56	91
52	99	9
52	137	28
52	78	89
52	64	17
52	87	79
52	63	13
52	77	74
52	95	50
53	113	67
53	130	74
53	149	77
53	155	59
53	55	51
53	96	83
53	126	94
53	139	44
53	94	66
53	120	16
53	176	15
53	150	73
53	110	21
53	146	15
53	136	84
53	148	37
53	160	54
53	56	21
53	92	36
53	165	62
53	93	69
53	179	95
53	121	88
53	60	16
53	123	37
53	54	95
53	99	61
53	168	48
53	117	25
53	101	81
53	90	6
53	109	63
53	153	9
53	102	29
53	106	14
53	145	93
53	87	29
53	122	67
53	140	80
53	69	80
53	68	38
53	112	63
53	65	69
53	72	69
53	125	90
53	166	49
53	104	74
53	154	86
53	174	12
53	108	38
53	78	34
53	128	87
53	116	39
53	79	37
54	113	87
54	164	57
54	159	12
54	93	33
54	160	73
54	119	66
54	124	50
54	126	34
54	157	100
54	129	61
54	61	78
54	123	8
54	103	56
54	62	64
54	171	62
54	105	49
54	133	70
54	135	41
54	128	14
54	145	14
54	57	68
54	112	74
54	152	82
54	96	39
54	149	17
54	115	55
54	63	81
54	146	47
54	174	8
54	131	8
54	177	19
54	117	78
54	60	9
54	154	33
54	56	59
54	163	37
54	106	89
54	98	18
54	111	35
54	139	11
54	88	17
54	143	79
54	75	55
54	67	9
54	132	99
54	172	69
54	77	76
54	58	48
54	95	7
54	73	25
55	106	62
55	169	60
55	168	28
55	118	31
55	129	16
55	102	25
55	153	52
55	58	23
55	121	17
55	130	77
55	161	9
55	159	95
55	89	90
55	142	54
55	177	12
55	170	90
55	64	32
55	111	29
55	152	77
55	134	47
55	178	14
55	138	49
55	150	9
55	160	93
55	156	85
55	63	25
55	110	62
55	120	89
55	126	77
55	109	18
55	115	51
55	128	13
55	100	83
55	171	21
55	119	77
55	75	76
55	122	23
55	69	73
55	135	32
55	96	64
55	133	99
55	148	63
55	57	56
55	146	80
55	105	18
55	158	8
55	176	60
55	73	63
56	153	11
56	124	71
56	134	44
56	91	35
56	172	69
56	138	19
56	154	64
56	165	10
56	168	97
56	176	34
56	129	31
56	103	62
56	133	49
56	137	14
56	159	85
56	118	20
56	151	36
56	117	11
56	95	60
56	120	54
56	128	85
56	112	11
56	110	8
56	60	77
56	121	37
56	93	18
56	59	86
56	174	65
56	98	87
56	126	87
56	148	27
56	170	87
56	72	48
56	97	94
56	155	47
56	164	7
56	136	13
56	171	42
56	82	77
56	69	29
56	115	94
56	147	96
56	77	68
56	96	43
57	107	44
57	117	57
57	174	62
57	168	81
57	138	55
57	163	7
57	164	23
57	96	38
57	149	35
57	176	32
57	169	36
57	106	81
57	115	37
57	133	67
57	136	49
57	97	70
57	170	20
57	122	79
57	161	64
57	166	57
57	137	28
57	132	88
57	91	31
57	113	76
57	155	31
57	120	54
57	98	51
57	95	40
57	150	86
57	99	37
57	112	13
57	148	80
57	125	44
57	167	66
57	111	64
57	159	28
57	143	83
57	69	66
57	59	29
57	82	61
57	63	28
57	58	87
57	83	20
57	152	77
57	144	39
57	75	19
57	151	7
57	66	7
57	128	55
57	178	94
57	87	44
58	134	62
58	178	57
58	102	95
58	101	88
58	173	30
58	165	6
58	99	33
58	175	12
58	169	16
58	93	90
58	113	87
58	135	75
58	95	64
58	158	25
58	170	8
58	138	37
58	120	99
58	141	5
58	126	15
58	147	95
58	152	30
58	146	68
58	163	85
58	142	99
58	72	80
58	150	69
58	62	11
58	71	30
58	137	81
58	70	20
58	144	96
58	66	23
58	168	77
58	154	27
58	74	75
58	100	79
58	128	84
58	171	16
58	81	36
58	106	38
58	156	52
58	131	61
58	68	41
58	85	68
58	82	78
58	177	84
58	104	66
58	79	64
59	156	33
59	104	27
59	147	57
59	98	96
59	103	59
59	162	39
59	62	23
59	165	62
59	152	92
59	136	84
59	120	66
59	131	81
59	133	74
59	125	21
59	116	78
59	177	48
59	163	25
59	61	31
59	118	69
59	141	69
59	153	34
59	171	94
59	135	39
59	105	63
59	142	89
59	112	41
59	69	28
59	115	58
59	130	72
59	137	33
59	146	19
59	174	95
59	74	94
59	119	30
59	138	76
59	77	61
59	60	82
59	128	82
59	101	68
59	96	6
59	158	99
59	75	12
59	83	25
59	93	58
59	150	32
59	160	50
59	117	89
59	151	43
59	143	79
59	155	16
59	124	31
60	112	61
60	163	18
60	156	62
60	167	71
60	154	85
60	115	63
60	149	79
60	166	10
60	151	86
60	145	86
60	150	72
60	113	47
60	159	51
60	126	46
60	161	80
60	128	15
60	63	80
60	94	87
60	173	95
60	118	79
60	168	66
60	61	57
60	64	65
60	148	39
60	141	41
60	175	8
60	176	21
60	114	6
60	129	56
60	110	91
60	136	57
60	97	24
60	116	80
60	132	61
60	66	55
60	80	22
60	155	36
60	171	43
60	74	97
60	103	38
60	62	10
60	81	7
60	88	64
60	101	63
60	68	88
60	104	21
60	69	55
60	107	65
60	96	95
60	72	72
61	110	56
61	125	14
61	148	90
61	126	83
61	159	68
61	129	67
61	96	22
61	141	10
61	65	64
61	139	54
61	142	55
61	155	18
61	163	8
61	67	75
61	68	72
61	99	85
61	165	31
61	145	86
61	171	32
61	117	77
61	136	18
61	153	30
61	160	63
61	102	11
61	66	23
61	100	42
61	107	61
61	144	59
61	112	20
61	178	46
61	116	10
61	122	73
61	135	15
61	64	64
61	70	28
61	103	33
61	76	11
61	154	10
61	174	87
61	72	55
61	149	99
61	111	84
61	156	14
61	130	62
61	81	38
61	62	16
61	80	54
61	82	25
61	101	46
61	119	70
61	138	22
61	172	70
61	127	33
62	158	22
62	176	94
62	130	58
62	97	65
62	100	56
62	171	70
62	143	15
62	168	80
62	172	21
62	132	65
62	106	51
62	64	79
62	175	17
62	174	22
62	156	45
62	170	76
62	162	87
62	159	62
62	111	13
62	114	42
62	123	83
62	166	62
62	105	41
62	124	24
62	152	49
62	147	39
62	117	70
62	149	63
62	66	48
62	69	72
62	72	55
62	134	79
62	120	23
62	101	65
62	79	55
62	136	71
62	145	67
62	173	15
62	139	56
62	167	5
63	120	54
63	149	69
63	104	69
63	163	16
63	146	100
63	97	34
63	169	37
63	127	10
63	166	57
63	154	79
63	140	96
63	162	69
63	131	76
63	106	59
63	157	82
63	125	24
63	103	44
63	98	17
63	150	23
63	128	19
63	147	9
63	102	74
63	107	9
63	138	14
63	153	32
63	71	5
63	168	92
63	73	38
63	176	17
63	74	58
63	130	57
63	79	37
63	84	12
63	115	12
63	177	60
63	72	44
63	123	24
63	172	15
63	152	71
63	90	36
63	81	49
63	64	11
63	77	28
63	136	25
63	76	73
63	70	47
63	111	81
64	98	91
64	131	97
64	168	83
64	137	6
64	114	53
64	154	88
64	163	54
64	132	24
64	123	90
64	69	76
64	127	30
64	152	53
64	113	10
64	170	35
64	66	54
64	101	61
64	116	48
64	117	11
64	67	53
64	121	24
64	71	81
64	75	28
64	107	14
64	144	68
64	139	90
64	73	32
64	112	50
64	149	55
64	174	47
64	100	88
64	118	60
64	109	18
64	111	7
64	151	78
64	122	26
64	70	91
64	128	98
64	140	93
64	156	17
64	158	52
64	87	44
64	89	66
64	161	56
64	150	62
64	167	82
64	65	41
64	110	69
65	105	52
65	113	70
65	67	35
65	119	7
65	153	51
65	114	86
65	151	15
65	126	13
65	158	43
65	116	24
65	168	38
65	167	86
65	68	24
65	162	30
65	75	81
65	117	10
65	173	99
65	125	22
65	177	18
65	157	88
65	73	40
65	149	90
65	131	56
65	72	18
65	102	68
65	176	73
65	87	84
65	152	78
65	124	9
65	120	15
65	129	44
65	127	33
65	112	8
65	109	90
65	160	27
65	146	99
65	142	77
65	140	28
65	159	46
65	122	8
65	136	39
66	151	79
66	122	15
66	155	67
66	152	54
66	139	81
66	157	60
66	70	58
66	130	83
66	100	41
66	109	41
66	153	58
66	135	100
66	137	67
66	178	96
66	175	42
66	142	70
66	165	81
66	140	74
66	118	32
66	159	65
66	168	70
66	173	96
66	158	81
66	116	89
66	110	54
66	150	26
66	133	88
66	112	70
66	80	11
66	75	29
66	170	8
66	172	43
66	161	77
66	145	31
66	129	25
66	124	44
66	162	39
66	78	51
66	69	21
66	79	96
66	93	49
66	166	28
67	68	31
67	139	45
67	167	6
67	177	55
67	174	71
67	138	68
67	103	86
67	101	23
67	117	31
67	119	79
67	154	53
67	111	34
67	112	91
67	175	64
67	131	27
67	74	71
67	164	49
67	76	53
67	114	24
67	108	43
67	127	41
67	157	12
67	133	24
67	128	21
67	156	33
67	151	77
67	135	85
67	126	27
67	148	70
67	170	19
67	169	91
67	77	8
67	87	59
67	140	39
67	71	79
67	129	27
67	84	43
67	144	78
67	80	37
67	146	11
67	142	74
67	137	63
67	123	98
67	160	6
67	132	9
67	105	71
68	144	22
68	124	61
68	174	43
68	170	65
68	104	45
68	125	92
68	178	88
68	103	34
68	108	47
68	158	37
68	106	17
68	109	83
68	113	12
68	156	72
68	173	46
68	146	97
68	82	39
68	134	57
68	117	63
68	123	75
68	107	95
68	133	83
68	138	9
68	79	7
68	167	66
68	143	38
68	119	76
68	92	39
68	165	26
68	70	88
68	172	91
68	160	45
68	175	57
68	132	95
68	74	25
69	146	57
69	108	43
69	104	90
69	131	12
69	166	70
69	149	18
69	153	35
69	172	98
69	127	77
69	169	58
69	162	31
69	119	30
69	129	21
69	150	26
69	151	45
69	177	84
69	72	38
69	163	83
69	136	75
69	112	10
69	160	31
69	118	66
69	85	36
69	80	19
69	71	28
69	87	10
69	107	54
69	145	90
69	159	90
69	134	88
69	110	79
69	111	93
69	155	97
69	171	29
69	147	22
69	178	81
69	156	11
69	106	21
69	124	95
69	141	92
69	143	87
69	86	79
69	157	60
69	130	99
69	97	5
69	113	50
69	115	79
69	99	14
70	135	20
70	139	97
70	137	21
70	138	48
70	105	9
70	147	66
70	154	99
70	123	88
70	170	50
70	76	80
70	132	82
70	166	54
70	116	96
70	155	83
70	144	14
70	115	35
70	74	17
70	177	34
70	133	85
70	146	69
70	83	86
70	130	85
70	104	39
70	82	46
70	145	45
70	164	32
70	162	68
70	117	86
70	152	77
70	178	48
70	94	74
70	161	82
70	87	80
70	149	73
70	156	31
70	98	63
71	175	95
71	154	5
71	150	98
71	155	12
71	162	89
71	130	21
71	164	11
71	147	16
71	138	43
71	158	79
71	143	32
71	116	39
71	73	49
71	170	78
71	78	19
71	115	70
71	169	50
71	113	65
71	142	46
71	160	68
71	171	11
71	110	57
71	127	26
71	121	98
71	131	26
71	134	47
71	77	58
71	90	60
71	157	7
71	174	78
71	135	93
71	94	26
71	149	98
71	87	29
71	114	94
71	161	97
71	109	11
71	88	27
71	93	62
71	118	80
71	165	10
72	176	14
72	139	17
72	132	44
72	121	56
72	119	25
72	110	90
72	167	36
72	173	83
72	152	74
72	117	98
72	77	65
72	159	94
72	160	5
72	111	33
72	124	21
72	74	55
72	125	78
72	127	69
72	128	11
72	169	15
72	129	13
72	122	61
72	107	92
72	138	64
72	136	75
72	162	47
72	174	88
72	163	51
72	144	21
72	90	44
72	175	88
72	115	80
72	92	41
72	83	37
72	91	95
72	81	92
72	94	23
72	102	29
72	177	88
72	156	26
72	150	36
73	149	62
73	152	48
73	153	48
73	122	43
73	130	18
73	123	21
73	117	12
73	142	58
73	112	23
73	77	55
73	163	82
73	135	9
73	109	69
73	137	18
73	111	44
73	162	66
73	170	34
73	168	98
73	78	53
73	179	58
73	115	34
73	131	45
73	116	45
73	151	72
73	79	9
73	177	10
73	113	13
73	97	13
73	88	7
73	75	54
73	178	78
73	121	87
73	129	44
73	141	51
73	120	76
73	76	68
73	92	91
73	80	13
74	118	7
74	114	91
74	166	82
74	123	84
74	117	11
74	145	24
74	113	8
74	177	6
74	133	20
74	167	17
74	129	10
74	84	6
74	81	6
74	155	24
74	156	36
74	171	68
74	76	51
74	169	29
74	130	71
74	92	90
74	160	54
74	132	18
74	136	45
74	170	79
74	138	7
74	153	17
74	115	73
74	131	14
74	124	90
74	143	64
74	90	55
74	127	92
74	128	60
74	120	90
75	158	98
75	76	22
75	148	93
75	162	82
75	170	76
75	141	36
75	113	85
75	137	67
75	169	52
75	166	38
75	161	76
75	144	47
75	128	95
75	167	88
75	112	97
75	140	63
75	139	34
75	130	29
75	159	19
75	116	84
75	133	85
75	109	65
75	77	72
75	82	69
75	89	82
75	179	42
75	126	41
75	83	88
75	176	76
75	115	5
75	165	94
75	91	20
75	80	29
75	122	80
75	173	51
75	178	44
75	93	69
75	131	67
75	160	25
75	92	95
76	112	76
76	145	41
76	169	21
76	128	19
76	147	19
76	110	85
76	119	45
76	179	62
76	114	31
76	125	17
76	141	94
76	118	97
76	80	11
76	148	7
76	155	16
76	144	36
76	156	54
76	78	85
76	88	18
76	176	12
76	111	19
76	130	16
76	123	28
76	178	7
76	146	43
76	122	99
76	161	39
76	90	67
76	132	46
76	91	87
76	131	14
76	89	28
76	171	15
76	137	53
76	154	57
76	140	43
76	129	49
76	152	70
76	167	79
76	158	22
76	135	16
77	171	31
77	150	88
77	79	32
77	112	19
77	160	61
77	113	25
77	124	91
77	178	28
77	84	12
77	120	29
77	119	33
77	145	42
77	154	24
77	89	73
77	129	45
77	167	22
77	115	79
77	118	93
77	155	61
77	179	5
77	97	40
77	174	48
77	141	9
77	142	50
77	117	89
77	130	17
77	126	12
77	82	42
77	169	24
77	107	86
78	173	31
78	140	17
78	127	42
78	129	92
78	143	79
78	157	8
78	166	63
78	132	68
78	115	51
78	79	79
78	133	94
78	179	76
78	174	64
78	176	75
78	155	89
78	82	35
78	135	82
78	146	91
78	167	50
78	128	53
78	90	54
78	141	52
78	85	22
78	134	80
78	152	77
78	96	66
78	150	38
78	80	6
78	142	23
78	98	14
78	138	78
78	136	35
78	160	32
78	170	53
78	158	18
78	121	99
78	172	27
78	105	88
78	81	63
78	100	57
79	172	47
79	135	36
79	163	22
79	157	23
79	117	79
79	118	68
79	123	43
79	83	71
79	129	8
79	85	92
79	89	18
79	166	92
79	88	44
79	160	74
79	165	13
79	174	26
79	134	58
79	143	99
79	168	50
79	156	70
79	178	28
79	114	54
79	154	88
79	119	63
79	124	61
79	87	32
79	122	88
79	130	86
79	131	39
79	159	22
79	170	29
79	146	82
79	164	91
79	153	24
79	139	97
79	149	36
79	107	39
79	152	76
79	169	57
80	134	90
80	179	58
80	166	62
80	141	28
80	119	94
80	170	85
80	82	35
80	81	76
80	117	32
80	123	87
80	176	87
80	159	25
80	137	29
80	162	84
80	84	12
80	89	65
80	161	85
80	120	42
80	88	60
80	124	69
80	86	40
80	132	92
80	118	17
80	96	12
80	121	37
80	130	77
80	173	52
80	153	53
80	97	28
80	102	34
80	135	63
80	93	32
80	95	62
80	108	59
80	174	60
80	157	45
80	85	96
80	92	64
80	142	27
80	163	71
80	112	27
80	83	62
80	147	66
81	149	48
81	164	61
81	131	20
81	118	96
81	126	94
81	84	99
81	158	29
81	136	90
81	166	59
81	134	12
81	175	51
81	168	27
81	87	42
81	178	80
81	123	30
81	163	79
81	90	59
81	120	82
81	151	61
81	170	77
81	91	20
81	97	9
81	133	87
81	92	82
81	157	71
81	179	58
81	124	50
81	119	56
81	145	15
82	146	61
82	127	76
82	172	44
82	121	38
82	137	79
82	152	86
82	85	45
82	165	44
82	171	46
82	124	81
82	125	78
82	141	68
82	96	28
82	153	22
82	173	86
82	163	19
82	87	12
82	154	16
82	158	87
82	143	91
82	147	72
82	101	27
82	89	63
82	130	90
82	166	36
82	144	25
82	120	89
82	131	75
82	122	30
82	178	69
82	94	54
83	130	52
83	163	51
83	155	90
83	118	96
83	135	61
83	122	91
83	119	70
83	117	79
83	92	40
83	91	27
83	153	65
83	86	63
83	143	77
83	172	99
83	171	89
83	169	80
83	156	77
83	97	86
83	141	41
83	149	29
83	101	52
83	89	26
83	125	43
83	175	85
83	165	33
83	147	76
83	170	48
83	131	22
83	100	65
83	90	91
83	106	22
83	108	40
83	151	84
83	177	39
83	150	22
84	177	11
84	86	17
84	144	84
84	169	19
84	168	15
84	152	84
84	164	34
84	124	84
84	153	45
84	159	8
84	129	44
84	136	31
84	92	56
84	178	75
84	89	34
84	131	45
84	166	41
84	125	93
84	133	59
84	172	29
84	140	85
84	93	47
84	161	9
84	85	36
84	154	80
84	127	85
84	155	26
84	118	70
84	135	36
84	130	21
84	109	27
84	101	57
84	110	67
85	134	62
85	164	32
85	152	17
85	138	24
85	154	81
85	90	76
85	137	68
85	139	65
85	86	75
85	146	21
85	169	83
85	173	68
85	168	71
85	124	52
85	142	78
85	153	7
85	144	27
85	177	46
85	145	43
85	159	37
85	141	59
85	102	45
85	135	31
85	163	15
85	162	51
85	123	25
85	155	67
85	112	84
85	133	34
85	113	30
85	98	99
85	104	66
86	158	8
86	152	99
86	154	30
86	163	55
86	147	66
86	169	77
86	138	14
86	133	75
86	144	88
86	130	74
86	137	70
86	164	35
86	92	59
86	87	38
86	168	75
86	127	69
86	135	53
86	89	17
86	143	61
86	165	22
86	160	14
86	108	28
86	167	15
86	107	41
86	179	68
86	153	15
86	102	20
86	173	70
86	126	92
86	175	30
86	115	56
86	129	35
86	120	81
87	125	97
87	133	100
87	132	33
87	144	65
87	167	26
87	142	80
87	176	38
87	131	9
87	92	47
87	89	77
87	178	13
87	147	60
87	169	93
87	129	60
87	158	99
87	124	44
87	140	77
87	99	39
87	156	14
87	159	31
87	150	37
87	102	37
87	106	43
87	128	12
87	121	62
87	145	18
87	97	97
87	104	16
87	143	29
87	115	80
87	105	98
87	153	13
87	168	18
87	113	42
87	162	50
87	134	19
88	136	36
88	142	22
88	171	92
88	173	11
88	129	7
88	95	12
88	96	56
88	133	80
88	147	41
88	163	72
88	158	56
88	172	93
88	146	76
88	91	50
88	141	83
88	144	33
88	130	11
88	99	44
88	179	97
88	124	62
88	152	48
88	102	33
88	101	18
88	138	15
88	100	36
88	122	31
88	168	75
88	177	59
88	169	75
88	113	85
88	94	14
88	149	68
88	112	41
88	166	74
88	128	98
89	170	16
89	173	64
89	141	85
89	136	95
89	162	9
89	179	45
89	158	24
89	135	28
89	163	59
89	132	48
89	95	88
89	97	36
89	125	51
89	178	73
89	150	67
89	151	34
89	174	100
89	127	67
89	98	68
89	94	44
89	107	86
89	105	17
89	153	28
89	91	19
89	149	30
89	156	75
89	99	26
89	142	49
89	169	57
89	175	55
89	146	41
89	118	83
89	140	75
89	110	89
90	128	82
90	149	37
90	158	77
90	92	46
90	177	23
90	179	24
90	134	87
90	95	77
90	170	92
90	144	7
90	173	52
90	98	97
90	154	65
90	174	35
90	150	60
90	133	72
90	99	93
90	129	35
90	161	30
90	178	81
90	171	41
90	114	14
90	102	40
90	164	48
90	94	6
90	135	67
90	163	8
90	140	62
90	113	41
90	121	30
90	109	97
91	159	83
91	130	33
91	155	22
91	177	32
91	125	40
91	134	89
91	148	41
91	98	72
91	141	29
91	178	81
91	170	78
91	142	81
91	137	31
91	169	9
91	143	49
91	167	69
91	171	96
91	138	7
91	103	90
91	94	95
91	131	89
91	97	91
91	95	42
91	136	29
91	161	71
91	144	57
91	105	11
91	99	36
91	112	57
91	110	47
91	158	38
91	162	71
91	116	79
91	164	36
91	166	96
91	101	42
91	127	96
91	163	12
92	140	31
92	160	96
92	159	76
92	149	39
92	167	10
92	151	71
92	166	74
92	135	31
92	93	7
92	98	37
92	164	85
92	136	21
92	129	62
92	155	41
92	108	42
92	171	81
92	103	79
92	109	17
92	145	40
92	172	54
92	179	16
92	111	81
92	131	9
92	173	38
92	102	60
92	94	93
92	105	69
92	161	11
92	163	35
92	148	8
92	150	85
92	104	9
92	110	95
92	156	8
92	126	50
92	143	8
92	162	18
92	178	19
93	157	96
93	158	5
93	162	48
93	94	16
93	163	18
93	172	85
93	130	51
93	143	88
93	164	66
93	175	28
93	149	19
93	174	23
93	140	42
93	176	60
93	129	28
93	109	76
93	134	21
93	102	72
93	152	43
93	103	10
93	97	48
93	147	31
93	160	70
93	127	96
93	179	66
93	101	78
93	113	84
93	139	79
93	98	15
93	119	17
93	177	42
93	151	78
93	170	67
93	156	19
94	132	13
94	142	13
94	169	55
94	146	20
94	166	57
94	136	44
94	172	82
94	168	48
94	150	27
94	149	25
94	158	91
94	157	61
94	135	31
94	129	96
94	96	31
94	152	39
94	167	40
94	110	29
94	131	95
94	159	29
94	130	77
94	103	90
94	145	83
94	133	53
94	161	62
94	174	59
94	109	14
94	106	38
94	155	23
94	163	5
94	97	10
94	177	43
94	147	59
94	141	31
94	123	65
94	125	47
94	175	16
95	144	56
95	177	65
95	129	43
95	139	48
95	143	16
95	96	51
95	148	20
95	146	58
95	176	96
95	98	57
95	155	49
95	149	74
95	171	35
95	179	86
95	160	64
95	105	76
95	173	65
95	150	63
95	112	8
95	140	73
95	142	74
95	106	72
95	166	89
95	157	31
95	147	81
95	145	95
95	162	27
95	134	67
95	132	45
96	179	60
96	97	54
96	139	29
96	98	36
96	150	57
96	175	7
96	102	10
96	163	57
96	143	16
96	142	85
96	105	28
96	138	18
96	136	60
96	134	60
96	135	57
96	100	96
96	158	84
96	177	36
96	169	91
96	155	70
96	121	57
96	149	67
96	110	48
96	117	92
96	125	37
97	173	43
97	145	27
97	98	80
97	177	71
97	150	33
97	172	87
97	159	90
97	135	55
97	152	38
97	141	93
97	154	21
97	161	62
97	176	44
97	147	70
97	139	93
97	171	83
97	165	97
97	109	77
97	144	94
97	107	12
97	102	100
97	142	55
97	113	20
97	116	39
97	148	84
97	174	91
97	157	26
97	162	77
97	105	36
97	118	25
98	172	49
98	145	64
98	169	51
98	167	78
98	143	39
98	157	15
98	101	17
98	139	64
98	150	77
98	163	60
98	135	23
98	100	58
98	103	64
98	171	64
98	159	33
98	104	43
98	144	49
98	153	71
98	136	84
98	107	57
98	111	87
98	134	89
98	160	56
98	105	34
98	124	71
98	152	52
98	175	84
98	146	99
98	155	67
98	106	8
98	112	33
98	176	90
98	162	37
99	146	69
99	135	11
99	166	33
99	170	29
99	160	62
99	161	22
99	156	80
99	134	25
99	155	62
99	143	10
99	101	98
99	141	44
99	175	89
99	106	6
99	153	37
99	179	97
99	140	87
99	105	25
99	144	76
99	167	76
99	159	9
99	158	20
99	123	63
99	174	56
99	110	20
99	178	23
99	176	45
100	163	71
100	146	25
100	161	68
100	178	50
100	151	24
100	155	85
100	153	48
100	140	72
100	109	15
100	168	23
100	135	40
100	160	18
100	145	90
100	170	21
100	162	34
100	175	46
100	150	56
100	164	18
100	143	40
100	120	45
100	110	10
100	144	82
100	112	21
100	122	77
100	165	52
100	132	51
100	173	52
101	159	94
101	168	30
101	143	54
101	174	71
101	151	35
101	144	69
101	104	52
101	172	29
101	164	71
101	176	51
101	135	39
101	173	98
101	158	44
101	141	48
101	160	6
101	154	93
101	145	13
101	107	86
101	118	62
101	116	24
101	120	58
101	121	81
101	106	93
101	177	81
101	149	66
101	155	85
101	105	72
101	139	29
101	126	43
101	179	40
101	148	79
101	110	59
102	148	77
102	160	47
102	146	100
102	136	93
102	137	62
102	104	37
102	109	29
102	110	90
102	169	75
102	158	40
102	174	62
102	147	27
102	105	88
102	140	98
102	157	24
102	141	38
102	167	37
102	142	34
102	139	26
102	164	82
102	117	14
102	150	9
102	165	17
102	116	72
102	126	90
102	153	68
102	103	92
102	149	25
102	114	97
102	115	70
102	127	62
102	138	12
103	168	22
103	145	52
103	144	39
103	176	11
103	172	90
103	150	86
103	179	84
103	165	23
103	155	41
103	115	81
103	143	49
103	118	75
103	110	8
103	147	35
103	152	32
103	121	11
103	178	24
103	122	61
103	166	94
103	128	31
103	142	46
103	175	99
103	170	47
103	160	50
103	171	15
103	120	89
104	146	71
104	164	33
104	106	20
104	176	94
104	175	68
104	105	69
104	148	18
104	145	75
104	154	15
104	141	33
104	170	18
104	172	64
104	109	34
104	110	67
104	160	66
104	108	89
104	138	54
104	150	82
104	167	73
105	155	98
105	154	27
105	157	67
105	152	95
105	107	94
105	169	97
105	142	70
105	166	94
105	173	6
105	140	64
105	115	28
105	174	11
105	116	72
105	156	100
105	171	27
105	109	54
105	110	7
105	177	90
105	121	70
105	120	15
105	124	41
105	158	15
105	175	90
105	123	13
105	165	63
105	135	10
106	164	26
106	162	55
106	141	22
106	154	18
106	108	33
106	146	95
106	171	51
106	156	27
106	110	97
106	167	28
106	113	67
106	149	16
106	173	54
106	166	28
106	174	21
106	148	26
106	159	86
106	117	47
106	172	45
106	107	92
106	169	65
106	114	8
106	161	48
106	163	61
106	115	8
106	170	37
106	125	34
106	147	66
106	112	64
107	153	93
107	175	87
107	142	76
107	148	62
107	167	82
107	112	47
107	161	31
107	170	92
107	159	28
107	150	14
107	173	31
107	147	50
107	119	11
107	176	17
107	151	33
107	146	35
107	129	95
107	169	20
107	124	6
107	134	75
107	156	44
107	126	38
107	168	86
108	146	14
108	175	65
108	161	15
108	172	56
108	111	8
108	168	24
108	174	66
108	151	84
108	118	16
108	156	98
108	177	94
108	144	36
108	149	20
108	166	26
108	142	19
108	112	94
108	158	54
108	164	17
108	120	64
108	123	31
109	145	85
109	166	18
109	179	76
109	164	99
109	169	66
109	156	94
109	163	36
109	174	92
109	168	77
109	176	86
109	158	64
109	159	22
109	110	78
109	146	74
109	118	69
109	150	99
109	136	59
109	173	33
110	167	44
110	150	11
110	165	57
110	152	14
110	154	43
110	171	64
110	174	17
110	161	60
110	120	80
110	179	85
110	166	23
110	122	71
110	112	48
110	119	44
110	116	38
110	177	20
110	162	30
110	129	24
110	126	59
110	145	8
110	147	57
110	158	93
111	113	39
111	115	92
111	155	25
111	146	45
111	162	34
111	114	5
111	120	27
111	121	51
111	126	6
111	175	14
111	117	6
111	159	72
111	173	53
111	118	11
111	168	87
111	119	74
111	122	38
111	160	27
112	146	22
112	179	97
112	166	84
112	173	68
112	113	74
112	160	16
112	168	82
112	169	12
112	151	66
112	155	22
112	156	83
112	152	96
112	149	16
112	162	11
112	176	62
112	121	63
112	129	20
112	177	51
112	172	6
112	118	5
112	130	6
112	133	83
112	131	31
112	138	90
112	125	91
112	167	19
112	157	79
113	147	51
113	148	93
113	166	70
113	161	35
113	159	53
113	122	90
113	157	67
113	164	50
113	169	9
113	158	69
113	167	44
113	152	29
113	125	28
113	156	73
113	177	49
113	128	90
113	149	88
113	133	50
113	119	28
113	170	65
113	131	19
113	134	47
113	154	92
113	175	68
113	165	57
114	151	45
114	155	45
114	163	57
114	158	9
114	118	16
114	172	65
114	150	22
114	125	24
114	159	10
114	152	16
114	115	43
114	157	68
114	117	66
114	174	7
114	156	98
114	171	91
114	177	71
114	116	97
114	137	64
114	143	44
114	148	8
114	170	68
115	171	96
115	174	47
115	169	32
115	170	66
115	158	63
115	151	35
115	124	76
115	120	35
115	123	61
115	167	57
115	161	12
115	154	68
115	157	88
115	155	99
115	159	88
115	130	67
115	153	30
116	160	34
116	151	31
116	178	8
116	155	42
116	161	52
116	121	59
116	165	92
116	124	83
116	172	47
116	128	16
116	163	94
116	166	17
116	164	80
116	119	31
116	154	60
116	129	60
116	139	21
116	132	79
116	168	87
116	141	47
117	153	85
117	154	7
117	122	49
117	160	76
117	175	59
117	124	89
117	164	70
117	170	65
117	130	72
117	133	43
117	137	25
117	123	67
117	140	66
117	129	59
117	161	79
117	151	48
117	157	7
117	167	20
117	147	84
117	143	41
118	165	100
118	121	22
118	153	22
118	125	98
118	163	78
118	172	65
118	159	56
118	157	68
118	161	33
118	169	90
118	129	11
118	174	32
118	136	46
118	164	46
118	171	78
118	178	44
119	174	29
119	126	26
119	172	85
119	157	63
119	124	26
119	156	23
119	162	92
119	161	88
119	165	44
119	179	10
119	130	68
119	173	83
119	147	45
119	176	56
119	168	78
119	155	15
119	164	66
119	125	13
119	123	86
119	133	20
119	139	35
120	172	97
120	167	76
120	159	78
120	165	20
120	121	58
120	171	30
120	168	24
120	129	73
120	162	33
120	170	62
120	134	84
120	138	88
120	160	80
120	144	58
120	132	6
120	133	80
120	147	92
120	158	76
121	123	9
121	128	95
121	168	58
121	131	23
121	129	74
121	135	49
121	137	17
121	171	27
121	141	17
121	170	90
121	122	60
121	142	37
121	161	23
121	132	48
122	161	79
122	178	20
122	177	13
122	133	47
122	166	55
122	137	96
122	129	41
122	162	72
122	134	37
122	147	99
122	130	22
122	163	67
122	140	72
122	169	23
122	157	83
123	160	81
123	179	97
123	178	12
123	166	90
123	127	36
123	162	51
123	176	97
123	177	40
123	157	70
123	126	24
123	158	8
123	125	44
123	130	59
123	139	45
123	143	97
123	135	86
123	173	49
123	129	83
123	140	77
123	170	99
124	125	73
124	165	71
124	173	82
124	168	33
124	163	9
124	176	43
124	133	76
124	166	62
124	179	17
124	134	78
124	162	48
124	170	94
124	175	54
124	171	54
124	177	14
124	137	16
125	163	80
125	161	80
125	134	88
125	178	18
125	173	83
125	141	56
125	142	71
125	171	23
125	174	68
125	143	15
125	162	39
125	127	15
125	179	77
125	164	70
125	165	25
125	168	29
125	138	17
125	152	70
126	176	20
126	173	17
126	127	82
126	165	93
126	133	6
126	134	54
126	171	71
126	172	57
126	178	30
126	168	45
126	148	52
126	161	60
126	147	50
126	138	22
126	142	50
126	163	99
126	166	44
126	167	95
126	129	94
127	174	33
127	178	26
127	161	79
127	169	31
127	166	62
127	172	23
127	164	63
127	137	51
127	134	52
127	139	95
127	135	17
127	167	24
127	138	40
127	168	94
127	170	7
128	164	32
128	129	40
128	134	15
128	167	43
128	173	26
128	136	14
128	170	84
128	178	7
128	177	80
128	137	43
128	146	91
128	135	89
128	145	61
128	150	13
128	131	18
128	149	73
129	130	84
129	179	99
129	167	90
129	136	63
129	170	78
129	173	75
129	140	79
129	164	58
129	141	47
129	148	24
129	145	45
130	166	11
130	178	74
130	133	38
130	171	45
130	131	56
130	177	48
130	151	50
130	175	81
130	172	79
130	141	49
131	169	42
131	134	23
131	170	91
131	142	88
131	136	93
131	175	74
131	140	98
131	168	65
131	177	94
131	165	56
131	176	38
131	159	13
131	149	69
131	154	74
132	173	75
132	133	8
132	167	58
132	172	100
132	134	76
132	178	74
132	166	61
132	145	12
132	171	25
132	138	11
132	169	28
132	136	12
132	135	69
132	154	28
132	168	25
132	149	83
132	176	36
132	146	23
132	159	26
132	141	70
132	161	72
133	174	58
133	169	80
133	167	23
133	141	22
133	135	92
133	145	45
133	146	69
133	144	62
133	173	82
133	154	47
133	142	29
134	136	37
134	176	75
134	173	78
134	139	27
134	143	7
134	179	94
134	171	93
134	177	25
134	148	34
134	150	71
134	135	78
134	149	31
134	161	69
134	169	16
134	155	94
134	178	40
135	175	81
135	140	12
135	169	62
135	174	29
135	137	39
135	138	50
135	170	17
135	149	70
135	139	47
135	172	53
135	179	17
135	161	13
135	146	47
135	171	14
135	142	90
136	170	21
136	138	81
136	174	74
136	172	57
136	178	32
136	143	9
136	177	24
136	146	20
136	144	49
136	162	37
137	174	86
137	176	87
137	140	55
137	175	78
137	145	72
137	139	16
137	172	84
137	154	93
137	142	10
138	176	34
138	173	77
138	179	99
138	147	90
138	146	44
138	145	30
138	155	89
138	150	41
138	142	49
138	149	25
138	177	91
138	153	13
138	148	26
138	172	15
138	161	35
139	174	82
139	143	14
139	173	47
139	178	53
139	149	95
139	148	78
139	147	62
139	153	70
139	140	10
139	175	59
139	144	82
139	177	29
139	159	46
139	156	49
139	152	39
140	142	76
140	176	20
140	149	79
140	146	30
140	155	46
140	153	59
140	151	58
141	146	68
141	143	28
141	147	71
141	153	52
141	162	76
141	175	51
141	159	58
141	142	85
141	171	65
141	156	94
141	170	68
142	146	89
142	152	69
142	148	46
142	178	50
142	147	92
142	157	51
142	163	35
142	144	10
143	179	56
143	144	37
143	178	45
143	153	80
143	161	62
143	151	84
143	169	10
143	154	87
143	160	19
144	146	48
144	147	35
144	151	20
144	155	15
144	179	47
144	149	71
144	156	86
144	159	49
144	163	33
144	172	64
144	173	75
144	153	36
145	150	35
145	149	99
145	154	71
145	164	44
145	165	28
145	162	54
145	166	11
145	159	82
145	161	84
146	149	9
146	155	31
146	160	80
146	164	55
146	159	32
146	166	52
146	147	69
146	154	65
146	157	36
147	155	33
147	162	24
147	169	18
147	158	58
147	176	75
147	148	61
147	152	81
148	152	23
148	159	23
148	161	48
148	153	85
148	151	41
148	171	31
148	149	76
148	168	47
148	174	18
148	163	18
148	179	96
148	162	42
149	157	43
149	156	21
149	155	51
149	163	25
149	161	44
149	175	52
150	153	42
150	151	76
150	156	30
150	157	60
150	158	16
150	169	11
150	173	96
150	154	48
150	159	29
150	179	21
151	156	51
151	153	8
151	158	57
151	169	9
151	176	9
151	159	55
151	175	82
151	177	52
151	178	54
151	165	82
152	159	17
152	154	58
152	164	81
152	163	86
152	162	65
152	156	47
152	172	100
152	153	32
152	175	99
152	157	97
152	170	94
153	154	45
153	167	54
153	155	46
153	174	10
153	173	94
153	170	29
153	177	33
153	160	90
154	164	85
154	176	29
154	156	76
154	172	89
154	166	59
155	157	19
155	159	72
155	169	51
155	167	94
155	162	48
155	178	71
155	161	67
155	165	73
155	166	45
155	168	34
156	160	49
156	161	53
156	157	60
156	164	24
157	163	30
157	165	57
157	166	11
157	167	76
157	170	70
157	164	14
157	178	71
157	161	55
157	177	19
158	159	53
158	163	60
158	165	71
158	168	74
158	161	76
158	171	86
158	167	83
158	162	90
158	174	67
159	162	88
159	160	41
159	171	58
159	177	18
159	172	76
159	161	57
159	169	60
159	164	58
159	167	90
160	168	70
160	169	87
160	161	99
160	177	62
160	172	50
160	176	93
161	164	45
161	165	8
161	172	70
162	164	11
162	173	68
162	178	20
163	167	10
163	170	82
163	164	9
163	166	74
163	172	15
163	168	81
163	178	77
163	175	20
163	177	35
164	172	31
164	166	17
164	175	59
164	176	16
165	170	44
165	176	39
165	171	82
165	172	21
165	169	94
165	178	35
165	174	17
165	179	92
165	166	31
166	175	52
166	169	9
166	177	25
166	176	68
166	173	42
166	178	18
166	171	13
167	169	17
167	172	74
167	178	20
167	177	75
167	176	43
167	171	24
168	175	44
168	178	51
168	179	73
168	174	87
169	171	43
169	172	45
169	178	31
169	170	92
170	178	86
170	173	45
170	171	78
170	175	63
172	174	90
172	176	29
172	178	8
174	175	37
174	176	65
174	178	94
175	177	31
175	178	8
177	178	99
