NAME: W_SPARSE_200_46
n: 200
m: 4600
0	37	82
0	102	30
0	28	34
0	35	84
0	145	18
0	80	62
0	162	10
0	48	50
0	24	28
0	38	90
0	160	77
0	94	49
0	166	20
0	55	72
0	93	20
0	100	55
0	32	71
0	121	57
0	173	7
0	129	36
0	34	48
0	107	68
0	163	99
0	142	35
0	29	10
0	168	96
0	12	96
0	53	69
0	92	88
0	126	87
0	110	28
0	7	64
0	130	51
0	198	80
0	43	66
0	14	89
0	60	65
0	109	74
0	189	48
0	196	81
0	4	57
0	25	37
0	81	58
0	143	50
0	21	69
0	172	95
0	178	8
0	195	38
1	90	10
1	132	10
1	115	8
1	104	10
1	157	67
1	98	37
1	143	5
1	32	50
1	56	79
1	46	87
1	41	20
1	122	25
1	128	92
1	60	10
1	141	82
1	2	18
1	42	62
1	120	38
1	105	54
1	195	11
1	167	15
1	9	32
1	109	34
1	77	77
1	12	48
1	100	58
1	101	81
1	163	19
1	107	92
1	36	94
1	54	87
1	92	33
1	96	52
1	140	83
1	99	49
1	52	79
1	184	91
1	70	28
1	134	7
1	97	78
1	63	95
1	91	100
1	48	15
2	68	39
2	76	22
2	109	46
2	159	92
2	70	84
2	50	53
2	118	56
2	65	46
2	48	42
2	89	45
2	39	69
2	44	84
2	121	43
2	99	11
2	90	48
2	120	14
2	139	96
2	166	18
2	8	86
2	5	75
2	111	29
2	198	49
2	35	10
2	96	32
2	136	20
2	34	29
2	108	13
2	140	70
2	61	75
2	102	99
2	17	40
2	12	40
2	59	97
2	130	86
2	161	71
2	112	96
2	95	19
2	185	42
2	11	76
2	53	56
2	88	43
2	66	66
3	68	82
3	39	41
3	142	83
3	125	28
3	174	56
3	153	78
3	82	9
3	92	5
3	156	39
3	131	22
3	107	86
3	73	70
3	41	11
3	66	23
3	53	54
3	55	63
3	129	82
3	149	51
3	160	20
3	102	85
3	159	51
3	36	96
3	108	58
3	56	8
3	5	12
3	44	67
3	134	72
3	166	44
3	169	42
3	78	36
3	116	47
3	136	89
3	194	11
3	69	56
3	43	56
3	93	41
3	31	16
3	60	59
3	157	94
3	76	95
3	28	87
3	83	29
3	101	38
3	120	14
3	59	61
3	176	83
4	180	13
4	67	56
4	84	62
4	170	8
4	175	55
4	97	40
4	117	17
4	121	70
4	83	30
4	57	68
4	129	86
4	33	89
4	85	52
4	150	90
4	70	24
4	102	82
4	32	40
4	75	98
4	173	95
4	63	65
4	49	27
4	56	76
4	103	30
4	134	54
4	96	11
4	156	46
4	178	21
4	51	32
4	125	62
4	169	9
4	164	71
4	163	63
4	80	72
4	29	59
4	139	90
4	21	45
4	20	32
4	165	60
4	52	94
4	37	80
4	133	26
4	153	28
4	30	23
4	54	46
4	140	67
5	155	22
5	98	58
5	125	71
5	152	73
5	106	8
5	111	67
5	61	23
5	88	68
5	150	21
5	163	21
5	103	48
5	31	56
5	35	94
5	37	27
5	121	37
5	79	21
5	162	37
5	149	97
5	166	21
5	165	94
5	12	72
5	114	28
5	139	74
5	197	18
5	107	64
5	174	45
5	180	64
5	77	13
5	6	46
5	36	16
5	100	45
5	145	100
5	66	23
5	146	81
5	124	47
5	47	64
5	159	56
5	173	27
5	154	32
5	56	70
5	109	30
5	20	90
5	181	72
5	25	17
5	62	7
5	105	59
5	81	72
5	75	48
5	78	87
5	133	37
5	183	66
6	122	64
6	137	86
6	106	78
6	39	25
6	86	39
6	105	88
6	142	16
6	144	11
6	143	42
6	163	36
6	120	74
6	60	44
6	107	89
6	13	17
6	51	85
6	147	96
6	172	33
6	46	65
6	141	46
6	53	78
6	65	24
6	67	93
6	177	78
6	124	46
6	33	44
6	117	85
6	57	83
6	68	24
6	77	92
6	88	13
6	153	79
6	22	7
6	38	30
6	179	40
6	192	83
6	43	77
6	176	53
6	146	30
6	7	9
6	52	29
6	157	34
6	102	24
6	158	25
6	41	91
6	187	46
6	112	5
6	70	80
7	155	19
7	62	55
7	89	83
7	54	9
7	149	21
7	59	34
7	69	29
7	128	89
7	123	36
7	31	11
7	60	72
7	142	73
7	38	76
7	97	73
7	114	35
7	169	90
7	160	12
7	168	61
7	39	20
7	166	74
7	67	14
7	70	50
7	35	5
7	43	29
7	133	6
7	17	100
7	175	11
7	61	98
7	127	61
7	113	99
7	80	47
7	161	100
7	13	37
7	196	17
7	134	12
7	129	51
7	23	16
7	191	55
7	144	98
7	171	61
7	72	81
7	93	44
8	63	63
8	51	23
8	178	81
8	79	97
8	73	78
8	135	58
8	134	60
8	125	21
8	169	92
8	96	57
8	62	83
8	129	21
8	136	12
8	77	35
8	41	81
8	170	45
8	175	82
8	67	87
8	64	54
8	147	60
8	128	95
8	168	74
8	14	22
8	99	21
8	181	7
8	71	69
8	167	41
8	117	59
8	141	37
8	83	35
8	90	95
8	52	17
8	115	50
8	24	88
8	88	14
8	140	11
8	193	33
8	43	37
8	127	61
8	172	51
8	139	11
8	158	51
8	76	69
8	9	83
8	197	13
8	166	75
8	60	44
8	196	16
9	64	67
9	37	59
9	168	69
9	92	36
9	184	79
9	45	80
9	87	84
9	145	47
9	77	76
9	103	58
9	86	15
9	117	89
9	121	78
9	119	15
9	104	16
9	126	63
9	33	67
9	115	80
9	146	32
9	10	57
9	140	5
9	50	9
9	154	94
9	19	60
9	97	11
9	35	67
9	120	96
9	59	81
9	55	14
9	139	77
9	158	98
9	105	19
9	155	10
9	94	93
9	179	64
9	157	39
9	90	30
9	107	10
9	114	82
9	23	57
9	34	75
9	58	62
9	181	36
9	52	12
9	123	89
10	77	46
10	152	57
10	78	91
10	116	9
10	94	65
10	137	7
10	175	77
10	96	32
10	140	93
10	141	86
10	51	7
10	82	23
10	108	29
10	114	52
10	85	74
10	107	48
10	95	71
10	110	92
10	148	44
10	160	38
10	58	16
10	185	62
10	126	14
10	174	30
10	178	54
10	119	92
10	54	36
10	198	71
10	12	27
10	73	84
10	22	67
10	145	93
10	16	36
10	18	29
10	36	79
10	38	40
10	79	57
10	122	75
10	146	51
10	62	87
11	50	23
11	53	96
11	88	49
11	109	39
11	140	60
11	156	39
11	117	70
11	125	96
11	56	48
11	73	7
11	116	78
11	118	44
11	72	10
11	64	75
11	86	37
11	165	26
11	12	95
11	158	8
11	171	72
11	115	87
11	104	34
11	98	7
11	106	15
11	151	89
11	59	65
11	67	27
11	105	16
11	157	7
11	161	54
11	94	77
11	183	9
11	124	91
11	126	24
11	146	59
11	60	95
11	81	69
11	82	8
11	180	88
11	112	27
11	139	12
11	100	31
11	172	43
11	95	14
11	132	45
11	76	23
11	150	75
11	37	60
11	48	45
12	59	89
12	72	69
12	95	67
12	37	65
12	42	64
12	45	62
12	155	58
12	157	47
12	71	81
12	43	36
12	151	93
12	184	92
12	139	48
12	38	60
12	127	62
12	108	93
12	118	71
12	107	28
12	123	51
12	109	48
12	103	91
12	56	61
12	122	5
12	143	31
12	80	72
12	101	89
12	28	74
12	69	39
12	145	95
12	15	28
12	14	84
12	30	65
12	176	70
12	17	49
12	27	42
12	48	87
12	31	95
12	39	53
12	168	32
12	198	28
13	77	18
13	174	65
13	71	30
13	127	51
13	67	95
13	87	57
13	15	75
13	150	17
13	171	31
13	186	60
13	112	12
13	167	95
13	58	67
13	144	71
13	166	46
13	143	45
13	109	34
13	164	7
13	175	8
13	157	69
13	178	97
13	163	11
13	145	58
13	176	98
13	124	64
13	101	73
13	139	25
13	130	23
13	104	25
13	179	24
13	100	37
13	102	40
13	117	77
13	28	73
13	142	21
13	148	71
13	169	26
13	80	53
13	39	32
14	117	56
14	145	50
14	188	36
14	167	80
14	162	80
14	190	11
14	152	81
14	53	21
14	127	51
14	65	94
14	174	29
14	189	69
14	48	31
14	17	85
14	99	82
14	157	32
14	41	78
14	110	44
14	166	47
14	100	25
14	146	91
14	84	39
14	93	38
14	16	40
14	78	53
14	153	66
14	119	80
14	58	50
14	19	41
14	75	85
14	169	25
14	128	60
14	87	65
14	104	98
14	23	79
14	136	83
14	77	53
15	154	7
15	182	19
15	83	20
15	105	46
15	43	52
15	164	55
15	185	87
15	104	22
15	48	32
15	86	6
15	40	71
15	155	44
15	81	82
15	66	43
15	113	71
15	134	78
15	82	41
15	175	28
15	167	17
15	59	41
15	150	89
15	84	89
15	181	36
15	20	9
15	178	54
15	120	87
15	127	21
15	183	19
15	26	29
15	24	58
15	25	75
15	149	70
15	124	78
15	131	36
15	152	10
15	78	89
15	58	88
15	65	49
15	33	34
15	143	8
15	80	59
15	103	64
16	146	81
16	179	13
16	164	46
16	91	46
16	103	39
16	162	29
16	187	90
16	99	10
16	180	7
16	151	30
16	51	22
16	42	73
16	87	16
16	182	6
16	115	80
16	88	22
16	127	13
16	165	45
16	192	57
16	116	25
16	126	12
16	83	65
16	28	45
16	131	37
16	86	36
16	70	47
16	170	29
16	188	44
16	125	43
16	26	61
16	55	5
16	77	79
16	191	44
16	68	53
16	133	83
16	46	36
16	40	52
16	21	83
16	186	59
16	196	12
16	25	75
16	118	30
16	17	26
17	95	75
17	86	92
17	115	78
17	155	55
17	177	96
17	70	32
17	117	20
17	74	48
17	132	9
17	166	56
17	168	18
17	154	22
17	77	42
17	98	68
17	126	18
17	183	88
17	81	89
17	163	31
17	99	86
17	192	6
17	78	30
17	134	19
17	52	88
17	76	23
17	131	65
17	125	84
17	184	56
17	109	90
17	141	16
17	181	75
17	153	81
17	119	55
17	27	42
17	102	97
17	41	65
17	111	67
17	88	43
17	20	84
17	68	93
17	159	10
17	107	8
17	33	59
17	56	34
17	165	90
18	78	84
18	90	42
18	124	27
18	61	60
18	112	89
18	80	91
18	19	97
18	46	91
18	45	6
18	64	66
18	149	28
18	132	73
18	181	59
18	138	58
18	63	91
18	23	33
18	21	30
18	54	64
18	137	52
18	165	60
18	93	38
18	68	84
18	49	30
18	114	73
18	109	80
18	79	79
18	121	31
18	66	8
18	184	61
18	70	28
18	125	57
18	42	10
18	65	91
18	88	22
18	154	52
18	86	27
18	127	7
18	95	59
18	100	15
18	157	38
18	33	15
18	82	77
18	144	20
18	38	64
18	89	43
18	119	31
18	136	19
19	133	66
19	46	59
19	20	77
19	194	21
19	103	74
19	78	28
19	65	83
19	127	96
19	132	71
19	168	16
19	187	61
19	102	81
19	117	81
19	76	65
19	163	21
19	129	65
19	63	62
19	106	12
19	122	17
19	130	72
19	81	87
19	87	25
19	144	12
19	167	41
19	26	91
19	25	94
19	94	75
19	181	56
19	72	59
19	174	90
19	64	16
19	120	34
19	59	27
19	49	37
19	155	96
19	88	36
19	147	16
19	96	46
19	169	9
19	154	62
19	55	41
19	173	45
19	52	93
19	165	90
19	37	64
19	40	28
19	41	60
20	88	98
20	164	43
20	166	59
20	115	13
20	90	47
20	54	46
20	169	19
20	181	10
20	175	91
20	69	16
20	182	15
20	150	65
20	25	17
20	101	52
20	50	78
20	135	96
20	67	26
20	141	58
20	151	30
20	44	74
20	53	94
20	28	92
20	77	38
20	185	14
20	168	52
20	174	50
20	192	77
20	103	90
20	87	11
20	107	79
20	73	69
20	75	82
20	170	8
20	139	67
20	172	87
20	46	62
20	82	44
20	145	77
20	161	94
20	190	100
21	145	69
21	45	32
21	163	31
21	147	25
21	161	39
21	48	80
21	58	54
21	90	63
21	196	88
21	53	69
21	23	36
21	119	43
21	83	9
21	128	77
21	134	58
21	197	27
21	104	61
21	84	92
21	132	100
21	69	36
21	142	61
21	131	50
21	170	43
21	164	58
21	31	45
21	70	87
21	174	86
21	141	28
21	125	41
21	156	42
21	64	88
21	133	95
21	181	35
21	129	65
21	63	54
21	103	35
21	136	21
21	176	50
21	28	41
21	59	65
21	88	25
21	110	81
21	121	33
21	173	34
21	149	66
21	81	70
22	72	32
22	51	11
22	112	52
22	119	84
22	26	56
22	62	42
22	90	39
22	142	68
22	154	63
22	65	38
22	110	90
22	148	12
22	96	11
22	133	18
22	150	36
22	115	11
22	168	63
22	29	55
22	125	97
22	161	55
22	32	40
22	151	17
22	166	83
22	170	61
22	159	73
22	162	27
22	147	76
22	158	6
22	130	99
22	33	69
22	92	66
22	69	42
22	175	41
22	113	88
22	38	31
22	55	71
22	184	11
22	71	12
22	40	76
22	191	14
22	117	35
22	143	42
22	82	97
22	47	52
22	49	42
23	117	19
23	108	50
23	152	69
23	24	37
23	114	42
23	118	51
23	104	48
23	155	86
23	197	76
23	76	12
23	198	99
23	87	89
23	110	80
23	134	14
23	157	29
23	130	11
23	184	20
23	192	78
23	169	30
23	132	51
23	153	56
23	95	11
23	147	18
23	196	58
23	81	30
23	148	23
23	158	81
23	52	78
23	136	71
23	140	51
23	133	52
23	30	72
23	60	25
23	115	53
23	179	78
23	161	69
23	74	46
23	68	90
23	149	29
23	146	7
23	42	68
23	99	89
23	199	76
23	166	62
23	50	79
24	82	21
24	59	65
24	150	97
24	112	73
24	114	83
24	61	78
24	168	50
24	135	94
24	198	56
24	96	99
24	136	68
24	167	33
24	52	59
24	193	14
24	115	74
24	65	77
24	151	82
24	92	43
24	116	8
24	90	73
24	142	35
24	145	44
24	35	99
24	148	71
24	184	94
24	99	87
24	40	82
24	50	10
24	26	33
24	71	23
24	162	39
24	78	32
24	149	50
24	72	40
24	158	72
24	165	84
24	186	53
25	186	75
25	87	6
25	174	42
25	26	17
25	53	85
25	61	84
25	105	97
25	124	96
25	118	16
25	143	14
25	62	78
25	119	86
25	50	53
25	84	36
25	113	55
25	97	25
25	154	24
25	80	52
25	182	67
25	129	87
25	191	71
25	195	9
25	177	37
25	109	56
25	66	83
25	148	53
25	189	52
25	153	50
25	76	67
25	134	72
25	139	97
25	178	76
25	27	94
25	116	98
25	131	28
25	150	60
25	122	17
25	102	95
25	68	85
26	141	94
26	163	15
26	177	54
26	50	59
26	138	20
26	130	22
26	30	49
26	116	43
26	189	27
26	125	74
26	51	26
26	63	87
26	156	27
26	92	37
26	65	96
26	107	86
26	115	82
26	155	59
26	76	31
26	118	88
26	121	24
26	100	60
26	58	95
26	98	7
26	55	89
26	53	78
26	95	39
26	113	11
26	119	53
26	109	51
26	149	72
26	136	8
26	188	36
26	44	40
26	127	99
26	147	26
26	198	87
26	46	82
26	162	58
26	145	56
26	97	46
26	134	83
26	79	66
26	153	73
26	175	9
27	168	76
27	175	35
27	28	43
27	57	61
27	60	55
27	95	22
27	129	56
27	190	76
27	194	56
27	139	95
27	94	15
27	152	75
27	91	9
27	109	7
27	132	46
27	162	94
27	127	27
27	76	7
27	105	43
27	115	51
27	189	94
27	34	86
27	84	49
27	71	30
27	68	59
27	110	15
27	187	76
27	197	73
27	101	11
27	87	79
27	130	27
27	133	24
27	100	67
27	161	50
27	143	98
27	125	95
27	75	34
27	169	70
27	131	61
27	142	78
27	58	65
27	123	24
27	136	26
27	67	100
27	144	15
27	148	59
27	173	60
28	142	21
28	59	83
28	163	92
28	72	10
28	186	79
28	148	52
28	193	30
28	80	21
28	82	71
28	196	6
28	54	97
28	131	79
28	32	28
28	172	90
28	31	39
28	85	58
28	137	91
28	99	34
28	158	16
28	38	34
28	114	81
28	34	81
28	39	89
28	173	53
28	166	72
28	188	28
28	176	47
28	146	60
28	92	79
28	97	17
28	124	56
28	147	98
28	175	40
28	91	22
28	179	15
28	187	5
28	77	15
28	162	62
28	174	44
28	61	26
28	62	29
28	93	90
28	141	20
28	168	45
29	105	20
29	94	21
29	138	29
29	113	57
29	188	20
29	89	32
29	109	41
29	151	50
29	160	89
29	193	19
29	172	80
29	196	13
29	144	78
29	54	25
29	84	64
29	175	78
29	31	8
29	195	40
29	155	5
29	33	41
29	78	91
29	93	39
29	88	64
29	81	99
29	130	100
29	152	66
29	190	74
29	194	59
29	75	59
29	87	45
29	80	33
29	104	95
29	77	8
29	137	27
29	126	59
29	95	54
30	76	15
30	171	70
30	61	94
30	54	66
30	85	71
30	99	64
30	125	20
30	71	6
30	161	62
30	193	56
30	187	53
30	122	97
30	135	42
30	137	26
30	105	89
30	66	70
30	102	26
30	113	12
30	77	38
30	104	46
30	32	25
30	38	14
30	183	82
30	116	27
30	96	24
30	191	52
30	79	96
30	89	44
30	114	97
30	131	27
30	111	21
30	83	12
30	33	94
30	95	35
30	153	43
30	177	21
30	163	16
30	101	90
31	114	60
31	137	58
31	158	35
31	124	88
31	191	18
31	167	33
31	57	94
31	91	9
31	105	36
31	58	77
31	115	25
31	34	91
31	75	19
31	126	97
31	159	52
31	142	37
31	120	74
31	193	52
31	156	49
31	154	87
31	80	8
31	157	85
31	121	72
31	71	42
31	67	6
31	172	87
31	87	43
31	169	41
31	64	99
31	113	72
31	146	19
31	125	61
31	194	95
31	38	64
31	143	68
31	111	98
31	33	28
31	133	16
31	162	10
31	135	62
31	198	21
31	155	17
31	164	34
31	195	30
31	175	55
32	143	97
32	78	42
32	136	59
32	139	42
32	99	81
32	170	43
32	176	34
32	98	9
32	96	93
32	105	56
32	163	66
32	91	85
32	141	95
32	58	19
32	159	61
32	83	79
32	95	23
32	126	58
32	61	52
32	158	68
32	169	45
32	174	88
32	132	45
32	63	81
32	111	96
32	161	98
32	71	60
32	62	58
32	73	50
32	65	59
32	66	7
32	85	15
32	191	27
32	194	89
32	193	43
32	77	82
32	171	83
32	192	93
32	152	14
32	44	77
32	35	47
32	82	29
32	101	91
32	146	37
32	109	49
32	60	45
32	135	63
32	147	28
32	114	87
32	179	68
33	197	74
33	64	66
33	70	17
33	78	87
33	150	46
33	65	60
33	83	74
33	139	31
33	190	69
33	60	65
33	91	62
33	133	44
33	115	20
33	134	36
33	130	16
33	131	24
33	191	26
33	98	71
33	147	81
33	126	18
33	118	84
33	42	68
33	149	67
33	74	97
33	38	95
33	67	16
33	59	43
33	185	37
33	143	89
33	96	96
33	153	58
33	137	97
33	167	42
33	125	10
33	36	21
33	136	71
33	140	61
33	68	55
33	34	46
33	92	88
33	187	19
34	186	16
34	126	41
34	131	63
34	199	64
34	122	60
34	145	41
34	147	62
34	62	23
34	174	89
34	66	68
34	83	99
34	37	37
34	96	72
34	168	66
34	118	67
34	108	19
34	100	19
34	138	49
34	40	70
34	65	31
34	111	48
34	107	9
34	143	57
34	151	57
34	172	48
34	127	51
34	60	73
34	93	96
34	74	75
34	35	91
34	133	71
34	164	61
34	130	99
34	159	87
34	103	8
34	99	69
34	185	25
34	44	22
34	128	13
34	104	50
34	105	63
34	48	92
34	64	21
34	86	59
35	144	85
35	68	86
35	117	37
35	138	73
35	151	17
35	176	25
35	113	30
35	158	66
35	67	42
35	74	49
35	161	80
35	187	64
35	73	24
35	185	32
35	60	90
35	134	60
35	153	33
35	172	24
35	99	21
35	64	73
35	102	43
35	193	85
35	80	50
35	188	20
35	39	63
35	180	97
35	114	95
35	131	32
35	37	72
35	83	25
35	190	95
35	90	63
35	139	48
35	198	5
35	171	20
35	86	91
35	103	35
35	130	35
35	101	6
35	192	45
35	133	68
35	45	80
35	71	50
35	96	40
35	149	31
36	107	94
36	102	40
36	154	87
36	160	74
36	91	94
36	110	65
36	156	34
36	187	34
36	70	11
36	194	39
36	149	66
36	178	11
36	141	32
36	104	35
36	109	34
36	161	97
36	125	11
36	68	13
36	85	68
36	167	69
36	123	85
36	92	7
36	97	5
36	128	76
36	71	86
36	143	25
36	65	61
36	117	23
36	101	20
36	179	8
36	159	92
36	112	36
36	189	58
36	39	28
36	43	22
36	115	21
36	165	62
36	69	81
36	84	37
36	172	15
36	79	47
36	86	77
36	147	100
36	188	42
36	196	19
36	148	30
36	111	46
36	124	32
36	130	58
37	146	10
37	169	72
37	172	7
37	67	63
37	190	97
37	159	31
37	71	46
37	118	82
37	187	25
37	95	11
37	39	67
37	132	26
37	62	96
37	194	42
37	72	17
37	181	83
37	183	76
37	121	55
37	68	7
37	110	82
37	186	15
37	42	23
37	177	94
37	91	12
37	149	100
37	128	96
37	180	66
37	129	22
37	89	53
37	191	92
37	126	32
37	112	46
37	103	16
37	54	40
37	160	23
37	40	76
37	156	90
37	178	74
37	124	8
38	98	11
38	181	41
38	92	36
38	157	93
38	63	44
38	175	73
38	97	99
38	155	38
38	130	58
38	168	46
38	41	40
38	153	7
38	111	87
38	120	71
38	85	7
38	72	59
38	65	41
38	184	93
38	88	82
38	186	89
38	69	38
38	117	32
38	188	32
38	102	29
38	93	49
38	173	82
38	87	90
38	141	18
38	199	16
38	132	39
38	187	97
38	78	31
38	112	52
38	131	38
38	58	41
38	101	12
38	53	43
38	61	45
38	143	28
39	104	70
39	80	32
39	146	23
39	182	65
39	121	93
39	148	30
39	175	22
39	189	30
39	108	32
39	123	49
39	115	34
39	119	29
39	141	60
39	173	24
39	139	98
39	105	76
39	107	52
39	96	52
39	97	66
39	153	22
39	157	95
39	194	80
39	152	93
39	81	78
39	79	36
39	76	52
39	193	33
39	50	47
39	69	52
39	176	87
39	52	94
39	178	72
39	165	73
39	70	21
39	94	48
39	179	85
39	112	80
39	132	44
39	186	61
39	59	94
40	193	23
40	148	71
40	123	56
40	87	32
40	122	74
40	96	90
40	157	68
40	64	51
40	177	96
40	137	25
40	147	38
40	187	19
40	171	99
40	119	77
40	125	20
40	153	13
40	138	6
40	94	38
40	165	73
40	69	60
40	88	50
40	144	42
40	99	95
40	135	88
40	167	11
40	55	12
40	84	28
40	168	94
40	170	39
41	69	61
41	165	44
41	192	6
41	175	26
41	81	67
41	136	95
41	122	43
41	148	35
41	103	78
41	149	44
41	80	56
41	42	78
41	70	35
41	88	34
41	142	31
41	119	53
41	190	21
41	138	73
41	150	37
41	169	34
41	141	8
41	51	62
41	161	38
41	110	12
41	95	80
41	193	72
41	174	29
41	108	6
41	124	39
41	85	48
41	131	16
41	147	69
41	43	61
41	62	90
41	84	39
41	188	19
42	189	11
42	162	47
42	184	33
42	199	9
42	161	89
42	145	43
42	147	66
42	149	13
42	102	49
42	122	86
42	187	100
42	119	36
42	135	6
42	67	31
42	80	96
42	123	96
42	185	62
42	156	52
42	91	95
42	106	18
42	71	59
42	117	31
42	49	65
42	85	88
42	126	50
42	144	85
42	175	18
42	97	84
42	192	48
42	155	15
42	158	74
42	113	51
42	55	51
42	69	18
42	115	93
42	178	50
42	196	48
43	89	32
43	133	75
43	71	56
43	161	97
43	179	95
43	97	37
43	78	66
43	104	97
43	170	84
43	75	99
43	127	87
43	192	25
43	130	40
43	98	50
43	102	95
43	147	87
43	52	13
43	72	23
43	107	82
43	54	69
43	83	34
43	180	55
43	87	28
43	182	48
43	195	97
43	164	58
43	96	99
43	69	15
43	113	8
43	108	34
43	188	61
43	53	33
43	146	77
43	168	47
43	196	18
43	166	60
43	122	48
43	173	43
44	92	62
44	191	36
44	98	78
44	150	10
44	75	90
44	111	31
44	152	75
44	140	19
44	101	50
44	195	31
44	138	33
44	83	9
44	159	54
44	136	9
44	196	78
44	192	68
44	47	50
44	72	10
44	143	98
44	164	97
44	102	67
44	105	37
44	181	21
44	82	83
44	148	10
44	199	66
44	121	87
44	156	70
44	167	96
44	180	71
44	99	28
44	132	9
44	187	49
44	108	9
44	175	9
44	183	69
44	54	72
44	113	9
44	139	77
44	193	93
44	142	62
45	125	37
45	152	81
45	136	69
45	121	94
45	135	89
45	107	98
45	181	64
45	164	36
45	94	60
45	139	97
45	162	79
45	83	44
45	73	30
45	114	17
45	196	74
45	151	77
45	77	18
45	134	53
45	182	55
45	129	26
45	90	56
45	194	10
45	150	42
45	96	79
45	54	99
45	80	14
45	113	88
45	76	13
45	138	53
45	84	71
45	99	36
45	157	98
45	130	5
45	144	27
45	98	87
45	109	85
45	127	59
45	131	37
45	171	95
46	132	23
46	165	13
46	47	21
46	188	70
46	183	74
46	177	51
46	84	43
46	117	52
46	169	38
46	135	59
46	149	75
46	198	19
46	156	75
46	97	18
46	178	19
46	195	26
46	125	50
46	51	65
46	102	67
46	112	23
46	106	17
46	126	70
46	141	85
46	193	33
46	187	96
46	154	74
46	124	80
46	173	93
46	140	41
46	158	19
46	181	50
46	139	89
46	48	34
46	77	5
46	137	42
47	182	14
47	123	89
47	190	65
47	156	78
47	153	82
47	195	44
47	158	89
47	164	46
47	148	36
47	138	53
47	125	15
47	198	51
47	160	52
47	184	78
47	88	36
47	52	10
47	78	46
47	49	89
47	112	37
47	136	32
47	114	34
47	140	51
47	98	32
47	84	42
47	117	35
47	55	90
47	86	83
47	147	65
47	120	19
47	173	15
47	51	98
47	106	37
47	61	72
47	126	59
47	97	60
47	157	40
47	90	83
47	174	81
48	130	39
48	97	80
48	172	77
48	100	71
48	101	99
48	114	22
48	49	100
48	140	41
48	89	63
48	153	52
48	85	76
48	125	50
48	118	65
48	199	30
48	148	24
48	117	30
48	149	97
48	183	53
48	160	10
48	96	68
48	99	65
48	181	76
48	139	88
48	192	5
48	129	78
48	83	85
48	163	38
48	103	94
48	55	73
48	80	22
48	161	94
48	178	48
48	74	31
48	150	6
48	165	43
48	131	11
48	156	19
48	112	23
48	60	16
48	188	78
48	151	66
48	65	56
49	173	6
49	83	77
49	85	51
49	106	95
49	123	43
49	174	86
49	154	6
49	52	30
49	176	48
49	192	82
49	168	79
49	141	10
49	183	41
49	108	45
49	197	24
49	124	20
49	94	41
49	166	37
49	121	59
49	73	27
49	142	12
49	93	36
49	112	75
49	144	77
49	198	19
49	104	32
49	172	87
49	82	82
49	129	57
49	122	79
49	127	51
49	171	62
49	111	29
49	150	23
49	61	21
49	135	77
50	128	61
50	86	96
50	80	7
50	172	100
50	135	76
50	157	27
50	194	29
50	111	93
50	149	70
50	168	27
50	58	37
50	98	58
50	112	83
50	170	86
50	151	90
50	180	89
50	52	60
50	95	67
50	153	8
50	89	36
50	164	71
50	184	15
50	197	98
50	76	28
50	137	19
50	132	41
50	162	59
50	125	21
50	51	13
50	179	78
50	171	29
50	53	76
50	71	46
50	116	79
50	126	41
50	55	92
51	198	97
51	155	74
51	125	8
51	131	20
51	95	76
51	106	63
51	117	78
51	116	10
51	102	22
51	156	90
51	124	39
51	127	45
51	57	38
51	90	16
51	89	44
51	189	58
51	119	99
51	150	30
51	195	48
51	78	68
51	132	26
51	111	68
51	112	65
51	174	96
51	83	33
51	153	32
51	163	68
51	182	77
51	94	84
51	121	64
51	175	55
51	190	6
51	197	18
51	137	65
51	188	35
51	186	58
51	87	96
51	178	98
51	72	14
51	166	39
51	130	37
51	82	74
51	147	11
52	101	70
52	130	83
52	97	26
52	139	92
52	183	65
52	188	77
52	192	74
52	162	7
52	137	57
52	90	67
52	173	49
52	135	39
52	120	60
52	198	73
52	149	65
52	58	63
52	112	85
52	107	36
52	152	90
52	76	80
52	176	10
52	145	83
52	83	13
52	147	49
52	165	73
52	96	26
52	132	99
52	138	60
52	148	37
52	177	25
52	55	35
52	133	85
52	53	53
52	170	13
52	94	50
53	155	28
53	80	46
53	92	54
53	194	45
53	146	90
53	97	31
53	141	40
53	78	58
53	156	19
53	84	39
53	182	62
53	139	53
53	144	94
53	195	57
53	184	9
53	103	73
53	77	34
53	127	96
53	133	87
53	172	96
53	173	51
53	161	68
53	126	20
53	85	8
53	64	60
53	151	83
53	196	61
53	138	30
53	79	17
53	198	66
53	134	51
53	170	50
53	137	49
53	66	66
53	130	12
53	185	39
53	101	51
53	192	54
53	114	67
53	148	65
54	194	23
54	128	74
54	119	46
54	116	20
54	166	31
54	177	96
54	90	71
54	79	26
54	148	17
54	151	88
54	160	79
54	173	89
54	83	94
54	144	50
54	122	53
54	80	40
54	149	49
54	111	38
54	187	64
54	91	82
54	108	82
54	145	19
54	184	21
54	105	67
54	146	77
54	190	59
54	169	66
54	135	79
54	93	72
54	189	73
55	191	78
55	162	30
55	105	49
55	108	95
55	93	63
55	132	25
55	149	91
55	188	96
55	140	47
55	85	26
55	113	26
55	152	61
55	116	50
55	92	9
55	185	89
55	86	64
55	109	15
55	172	30
55	124	57
55	117	88
55	196	79
55	143	25
55	79	79
55	61	89
55	158	85
55	167	43
55	173	28
55	199	73
55	138	99
55	136	57
56	148	34
56	149	82
56	183	72
56	125	69
56	147	94
56	130	56
56	82	20
56	189	86
56	169	27
56	174	20
56	164	69
56	87	81
56	114	42
56	132	97
56	163	73
56	159	59
56	135	54
56	158	99
56	123	99
56	195	55
56	89	39
56	190	60
56	178	74
56	162	73
56	93	33
56	112	78
56	154	68
56	182	33
56	151	54
56	199	51
56	187	26
56	109	68
56	143	19
56	180	93
56	111	9
56	126	18
56	73	60
56	127	32
56	59	21
56	86	74
56	153	10
56	63	18
57	118	72
57	181	49
57	121	30
57	169	63
57	195	84
57	89	27
57	184	55
57	113	80
57	99	21
57	60	19
57	163	23
57	147	52
57	98	83
57	161	91
57	186	19
57	171	58
57	190	12
57	102	39
57	199	40
57	104	58
57	59	78
57	189	11
57	62	55
57	162	55
57	100	46
57	125	86
57	67	96
57	74	70
57	65	87
57	149	86
57	115	48
57	61	28
57	191	96
57	185	40
57	122	40
57	174	32
57	167	37
57	177	11
58	171	58
58	122	13
58	107	91
58	145	75
58	103	32
58	167	93
58	178	34
58	89	19
58	177	25
58	86	57
58	179	80
58	100	34
58	94	22
58	117	7
58	97	5
58	102	46
58	132	60
58	104	8
58	88	51
58	99	77
58	147	88
58	158	74
58	148	5
58	105	79
58	67	42
58	193	34
58	163	58
58	63	92
59	99	42
59	173	9
59	191	46
59	84	49
59	106	15
59	152	62
59	181	52
59	160	69
59	177	78
59	143	38
59	95	47
59	183	79
59	103	45
59	133	61
59	136	26
59	134	32
59	164	91
59	193	30
59	63	57
59	62	15
59	137	60
59	174	67
59	83	24
59	104	93
59	166	82
59	86	13
59	67	26
59	113	57
60	177	14
60	90	57
60	148	65
60	94	70
60	123	34
60	92	15
60	158	47
60	86	46
60	135	8
60	85	57
60	162	80
60	125	15
60	132	45
60	89	92
60	185	59
60	91	83
60	150	69
60	167	93
60	189	47
60	155	64
60	109	67
60	104	27
60	194	23
60	191	43
60	103	56
60	195	87
60	159	35
60	199	57
60	170	77
60	169	65
61	110	26
61	157	51
61	141	10
61	118	99
61	136	97
61	87	39
61	143	78
61	188	33
61	160	95
61	168	58
61	69	23
61	127	58
61	66	76
61	181	45
61	159	56
61	100	16
61	177	6
61	130	94
61	63	69
61	96	77
61	70	63
61	90	71
61	124	60
61	117	99
61	199	92
61	174	58
61	158	24
61	86	55
61	71	17
62	103	24
62	105	12
62	151	29
62	122	55
62	195	65
62	134	8
62	178	10
62	194	28
62	69	82
62	66	31
62	68	18
62	63	60
62	88	96
62	171	37
62	183	15
62	187	86
62	118	27
62	95	62
62	180	97
62	146	17
62	148	70
62	102	32
62	150	100
62	76	73
62	190	83
63	128	74
63	92	67
63	175	14
63	185	35
63	110	94
63	129	37
63	101	28
63	176	52
63	130	49
63	195	37
63	106	46
63	167	17
63	103	53
63	189	18
63	134	17
63	170	22
63	164	89
63	169	65
63	173	44
63	140	25
63	91	17
63	163	67
63	118	91
63	107	86
63	89	45
63	190	19
63	119	69
63	72	14
63	111	62
64	131	43
64	167	34
64	118	6
64	97	96
64	136	40
64	170	36
64	117	64
64	142	22
64	137	15
64	179	15
64	185	75
64	89	92
64	95	76
64	190	5
64	187	49
64	178	9
64	138	12
64	103	84
64	70	59
64	172	23
64	116	21
64	173	14
64	128	18
64	71	7
64	174	23
64	154	15
64	156	72
64	122	11
64	155	7
64	141	45
64	80	80
64	152	63
64	82	9
64	65	59
64	177	58
64	102	27
64	171	74
65	169	51
65	95	84
65	176	10
65	102	6
65	177	77
65	110	35
65	114	60
65	101	80
65	131	49
65	145	11
65	106	100
65	127	62
65	109	29
65	152	95
65	123	70
65	68	84
65	170	41
65	99	9
65	121	33
65	129	33
65	105	8
65	118	7
65	148	50
65	182	33
65	135	86
65	175	76
65	189	14
65	90	88
65	138	95
66	97	10
66	122	30
66	108	7
66	139	33
66	127	83
66	150	43
66	103	55
66	67	21
66	148	80
66	170	65
66	118	94
66	165	96
66	142	48
66	74	21
66	115	38
66	156	83
66	188	9
66	185	87
66	94	45
66	91	26
66	158	42
66	192	82
66	72	44
67	143	56
67	144	24
67	166	70
67	197	34
67	93	64
67	122	60
67	177	8
67	168	42
67	100	71
67	135	26
67	174	40
67	150	78
67	113	38
67	139	52
67	179	29
67	192	69
67	162	86
67	73	57
67	165	31
67	79	33
67	186	70
67	133	80
67	91	14
67	95	63
67	136	42
67	148	81
68	115	59
68	171	65
68	95	84
68	135	79
68	114	51
68	158	96
68	187	48
68	130	70
68	118	92
68	155	29
68	188	11
68	72	59
68	131	6
68	92	49
68	182	65
68	190	33
68	170	69
68	139	56
68	165	36
68	179	33
68	162	32
68	119	67
68	156	41
68	97	98
68	76	31
69	148	7
69	103	57
69	158	63
69	93	56
69	130	6
69	132	57
69	126	28
69	156	32
69	113	67
69	173	52
69	134	82
69	117	9
69	182	30
69	140	89
69	186	56
69	100	52
69	170	65
69	109	94
69	82	16
69	139	46
69	106	69
69	144	24
69	118	68
69	185	7
69	192	5
69	183	26
69	121	45
69	147	68
70	105	23
70	101	93
70	183	39
70	181	30
70	195	53
70	71	70
70	166	83
70	159	59
70	185	14
70	150	71
70	137	82
70	179	56
70	194	64
70	116	97
70	100	27
70	165	57
70	178	32
70	196	49
70	177	13
70	114	61
70	97	94
70	193	55
70	122	60
70	151	91
70	115	43
70	80	15
71	191	42
71	107	92
71	113	78
71	140	57
71	176	43
71	74	26
71	172	44
71	153	26
71	79	40
71	159	42
71	179	83
71	118	44
71	127	69
71	122	70
71	97	53
71	83	41
71	197	18
71	102	72
71	96	73
71	105	64
71	110	27
72	127	16
72	129	20
72	120	53
72	199	26
72	176	58
72	162	45
72	114	98
72	106	62
72	130	35
72	124	86
72	140	30
72	118	20
72	96	48
72	105	8
72	183	87
72	163	61
72	170	54
72	107	99
72	76	59
72	181	24
72	78	82
72	122	35
72	143	62
72	193	76
72	119	56
72	123	62
72	146	89
72	198	53
72	103	88
72	99	57
72	164	75
72	165	57
72	168	9
72	159	20
73	124	36
73	135	83
73	193	84
73	141	69
73	127	67
73	153	32
73	140	65
73	176	61
73	75	64
73	157	40
73	164	63
73	144	43
73	129	10
73	119	34
73	173	52
73	163	52
73	198	25
73	78	11
73	122	24
73	128	7
73	169	67
73	174	63
73	188	66
73	110	67
73	107	17
73	114	63
73	115	97
73	184	83
73	108	36
73	125	82
73	177	32
73	87	38
73	158	18
73	183	70
73	160	58
73	190	53
73	130	6
73	126	17
73	138	15
74	138	55
74	190	57
74	152	33
74	194	25
74	191	30
74	120	56
74	98	60
74	78	68
74	124	69
74	127	83
74	131	34
74	176	45
74	193	51
74	123	22
74	112	71
74	125	76
74	122	34
74	77	30
74	166	71
74	150	45
74	177	6
74	196	63
74	137	45
74	162	33
74	189	58
74	181	41
74	84	26
74	185	68
74	92	24
74	106	62
74	80	31
74	94	24
74	199	21
74	90	29
74	108	6
75	115	54
75	193	36
75	103	63
75	133	13
75	114	77
75	102	11
75	109	58
75	180	52
75	118	96
75	150	13
75	189	52
75	78	77
75	147	72
75	134	56
75	161	14
75	124	21
75	171	67
75	116	75
75	166	10
75	177	22
75	117	47
75	100	53
75	132	80
75	122	73
75	143	68
75	170	44
75	185	18
75	123	75
75	137	37
75	164	6
75	181	75
76	122	11
76	190	78
76	109	86
76	121	97
76	111	55
76	112	24
76	174	54
76	118	12
76	155	49
76	153	75
76	173	86
76	145	19
76	127	85
76	149	75
76	165	72
76	84	23
76	102	14
76	146	24
76	177	14
76	123	37
76	187	87
76	133	51
76	172	28
76	131	24
76	104	25
76	193	17
76	150	100
76	167	5
76	87	97
76	161	59
76	142	77
76	152	91
76	79	91
76	166	32
77	103	80
77	123	34
77	104	98
77	81	72
77	180	55
77	116	14
77	120	8
77	118	97
77	157	13
77	115	98
77	78	16
77	101	72
77	176	72
77	114	94
77	163	90
77	152	90
77	128	53
77	82	78
77	137	87
77	169	13
77	190	48
77	93	81
77	192	58
77	105	50
77	140	13
77	125	94
77	108	71
77	145	21
78	172	63
78	189	41
78	182	93
78	158	81
78	163	10
78	195	73
78	136	7
78	164	37
78	109	50
78	87	16
78	176	85
78	187	26
78	80	39
78	157	51
78	115	42
78	118	39
78	132	42
78	161	9
78	196	59
78	124	95
78	84	39
78	85	11
78	149	79
78	168	54
78	192	60
78	82	93
79	123	24
79	109	32
79	153	60
79	165	67
79	138	90
79	126	39
79	184	39
79	118	44
79	125	88
79	145	84
79	152	57
79	84	9
79	178	57
79	127	29
79	134	8
79	111	9
79	106	37
79	168	82
79	85	61
79	115	73
79	166	92
79	157	90
79	121	49
79	196	35
79	116	51
79	181	46
79	82	38
79	122	27
79	81	67
79	149	5
79	197	73
79	147	12
79	188	99
79	187	74
79	131	84
80	129	62
80	198	84
80	126	30
80	150	92
80	154	80
80	169	32
80	182	43
80	132	29
80	161	83
80	165	24
80	120	89
80	153	35
80	106	14
80	122	36
80	149	34
80	113	79
80	176	97
80	108	13
80	104	18
80	195	96
80	193	56
80	196	59
80	125	31
80	117	90
80	111	49
80	141	90
81	147	18
81	196	33
81	157	14
81	121	99
81	139	16
81	197	41
81	181	17
81	116	30
81	83	69
81	180	97
81	151	26
81	160	56
81	178	75
81	110	12
81	137	94
81	170	31
81	175	44
81	112	39
81	193	72
81	191	13
81	145	48
81	111	10
81	174	20
82	135	71
82	121	31
82	156	63
82	177	95
82	189	42
82	114	68
82	131	58
82	112	96
82	192	27
82	107	86
82	129	28
82	181	92
82	109	76
82	183	22
82	89	25
82	108	96
82	127	36
82	169	40
82	191	28
82	143	38
82	187	72
82	91	62
82	148	89
82	155	41
82	97	55
82	95	37
82	198	44
82	105	57
83	139	26
83	113	94
83	118	13
83	110	18
83	193	8
83	126	22
83	138	38
83	117	37
83	141	82
83	163	46
83	183	80
83	197	27
83	109	88
83	154	71
83	153	53
83	168	92
83	142	45
83	159	31
83	166	58
83	187	21
83	85	49
83	103	71
83	178	49
84	143	17
84	111	99
84	186	38
84	108	54
84	183	36
84	124	57
84	132	77
84	154	57
84	129	10
84	155	85
84	158	58
84	133	14
84	161	37
84	199	15
84	135	45
84	160	37
84	198	38
84	96	18
84	93	66
84	90	93
84	152	57
84	167	75
84	165	76
84	91	68
84	112	92
84	114	98
84	140	66
84	164	65
84	119	22
84	122	15
84	139	21
84	128	6
84	174	57
85	157	10
85	120	56
85	190	98
85	181	39
85	182	28
85	171	32
85	139	57
85	186	28
85	86	72
85	121	49
85	109	68
85	116	88
85	123	23
85	199	82
85	175	21
85	188	60
85	168	93
85	151	27
85	153	87
85	162	99
85	132	99
85	179	73
85	137	35
85	140	25
85	122	18
85	149	52
85	152	20
85	176	66
85	158	78
85	172	89
85	147	34
85	94	30
85	160	45
85	124	83
85	91	69
86	151	92
86	193	42
86	118	88
86	124	28
86	172	58
86	126	79
86	144	100
86	150	61
86	169	10
86	164	5
86	178	59
86	110	83
86	130	72
86	135	60
86	174	75
86	191	68
86	153	84
86	136	62
86	199	31
86	186	75
86	158	56
86	180	60
86	94	36
86	165	84
86	179	85
86	132	12
86	159	99
86	107	67
86	104	78
87	151	24
87	138	92
87	179	24
87	123	36
87	189	21
87	158	42
87	136	29
87	111	28
87	183	46
87	194	52
87	169	46
87	162	56
87	193	15
87	190	8
87	115	99
87	95	67
87	177	28
87	147	37
87	91	7
87	125	47
87	105	55
87	149	46
87	191	87
87	131	69
88	164	81
88	183	19
88	177	85
88	160	94
88	138	54
88	123	78
88	120	11
88	151	64
88	175	44
88	187	36
88	119	33
88	127	85
88	156	35
88	114	47
88	136	39
88	154	17
88	193	24
88	91	52
88	179	97
88	99	40
88	144	76
88	135	53
89	128	77
89	185	20
89	137	98
89	129	53
89	113	68
89	142	36
89	192	55
89	152	53
89	168	73
89	91	73
89	136	96
89	118	62
89	124	88
89	162	20
89	94	74
89	175	42
89	173	55
89	100	77
89	156	99
89	179	8
89	141	77
89	101	66
89	197	54
89	158	34
89	176	41
89	178	71
89	139	38
89	109	6
90	119	31
90	133	46
90	114	18
90	181	85
90	187	83
90	93	20
90	143	12
90	148	94
90	182	90
90	185	11
90	131	87
90	120	49
90	198	78
90	184	86
90	139	61
90	197	96
90	159	28
90	173	90
90	171	44
90	94	77
90	160	37
90	189	64
90	92	58
90	142	60
91	115	51
91	157	35
91	151	17
91	165	13
91	145	11
91	188	67
91	198	39
91	164	53
91	178	82
91	99	23
91	147	72
91	131	40
91	119	40
91	176	79
91	94	78
91	194	20
91	195	72
91	98	33
91	189	52
91	129	58
91	97	88
91	186	47
91	191	33
91	107	7
91	177	99
91	153	65
92	161	11
92	157	14
92	146	41
92	141	99
92	121	87
92	122	19
92	127	25
92	118	96
92	171	23
92	150	66
92	97	12
92	174	63
92	176	33
92	190	59
92	156	61
92	103	90
92	143	66
92	145	84
92	168	76
92	186	41
92	169	10
92	180	45
92	182	26
92	117	16
92	105	52
92	136	71
92	152	85
92	129	65
92	110	15
92	170	65
92	197	93
93	193	70
93	163	48
93	130	89
93	185	47
93	138	54
93	198	80
93	117	85
93	147	33
93	123	41
93	162	75
93	97	87
93	160	30
93	181	73
93	184	74
93	179	75
93	155	88
93	176	34
93	140	72
93	188	11
93	165	60
93	191	97
93	183	6
93	110	55
93	189	13
94	140	11
94	192	40
94	143	71
94	130	12
94	136	40
94	147	89
94	155	54
94	132	25
94	146	41
94	163	97
94	178	71
94	96	8
94	174	72
94	138	96
94	150	56
94	186	70
94	197	27
94	142	8
94	177	27
94	148	96
94	124	74
94	188	16
94	160	5
94	141	33
94	99	28
94	101	83
94	179	77
95	170	32
95	161	64
95	121	55
95	190	89
95	164	88
95	156	80
95	142	65
95	178	61
95	186	45
95	182	27
95	160	81
95	120	24
95	146	50
95	150	80
95	149	98
95	127	73
95	136	38
95	132	50
95	101	79
95	123	23
95	97	78
95	199	47
96	157	67
96	138	68
96	171	55
96	168	63
96	136	66
96	103	64
96	135	69
96	101	86
96	145	42
96	155	11
96	121	20
96	99	5
96	184	70
96	154	46
96	156	45
96	129	15
96	173	26
96	191	95
96	190	29
96	137	49
96	174	26
96	194	98
96	147	62
96	153	87
96	128	30
96	151	22
97	152	83
97	100	84
97	122	26
97	193	91
97	98	38
97	141	76
97	145	61
97	159	68
97	154	84
97	123	27
97	194	53
97	175	68
97	132	83
97	156	61
97	166	57
97	164	63
97	188	14
97	155	83
97	183	44
97	105	94
98	125	97
98	190	41
98	123	78
98	161	69
98	180	22
98	154	98
98	109	91
98	105	85
98	147	65
98	152	21
98	148	88
98	169	16
98	132	79
98	137	10
98	155	45
98	185	14
98	193	34
98	158	56
98	167	66
98	146	9
98	134	54
99	183	37
99	137	43
99	132	67
99	182	33
99	135	70
99	179	69
99	101	26
99	124	96
99	146	20
99	198	82
99	191	53
99	128	68
99	189	19
99	144	36
99	196	58
99	102	66
99	131	59
99	167	29
99	157	23
99	172	52
99	110	94
99	139	94
99	154	54
99	186	44
99	129	68
99	114	47
99	194	78
100	149	82
100	133	66
100	196	8
100	176	9
100	164	62
100	188	76
100	194	71
100	134	10
100	182	60
100	162	99
100	110	88
100	199	46
100	142	35
100	111	45
100	177	67
100	160	51
100	102	80
100	144	64
100	156	75
100	180	97
100	135	15
100	119	94
100	186	21
100	130	46
101	154	95
101	168	96
101	173	62
101	130	76
101	193	26
101	147	75
101	183	96
101	148	17
101	128	66
101	191	93
101	186	43
101	169	37
101	105	60
101	136	63
101	177	12
101	196	95
101	157	47
101	104	64
101	194	29
101	198	81
101	199	80
101	117	91
101	162	59
101	145	92
101	108	66
101	189	30
102	168	83
102	126	72
102	157	6
102	188	30
102	148	94
102	180	94
102	127	20
102	106	72
102	159	58
102	160	11
102	158	79
102	198	28
102	172	64
102	176	34
102	178	24
102	152	29
102	197	58
102	128	55
102	166	61
102	113	26
103	172	29
103	106	90
103	133	75
103	160	91
103	174	55
103	127	55
103	142	44
103	153	87
103	156	45
103	169	25
103	161	41
103	196	87
103	193	96
103	181	91
103	137	73
103	105	12
103	112	37
103	192	17
103	135	21
103	179	44
103	114	20
103	184	58
103	115	64
103	128	8
103	109	79
103	113	34
104	173	29
104	136	45
104	159	100
104	197	82
104	144	80
104	131	21
104	179	94
104	108	89
104	170	62
104	154	5
104	107	83
104	153	44
104	139	46
104	141	7
104	178	79
104	188	70
104	105	34
104	135	24
104	146	54
104	115	9
104	106	95
104	157	29
104	164	84
104	176	15
104	118	87
104	196	18
105	134	98
105	171	69
105	129	32
105	151	16
105	152	72
105	107	12
105	110	50
105	173	39
105	193	50
105	108	74
105	135	43
105	155	20
105	181	84
105	196	94
105	162	69
105	150	92
105	140	67
105	167	59
105	188	67
106	153	45
106	167	39
106	172	53
106	132	52
106	155	93
106	190	13
106	184	31
106	137	18
106	136	72
106	150	91
106	191	37
106	161	96
106	134	64
106	163	63
106	116	11
106	109	14
106	120	99
106	113	26
106	138	44
107	144	30
107	164	43
107	167	17
107	166	9
107	192	18
107	109	66
107	183	21
107	169	89
107	146	37
107	179	53
107	139	97
107	198	36
107	187	10
107	131	21
107	189	91
107	145	59
107	170	45
107	121	66
107	108	18
107	195	21
107	149	59
107	110	96
107	112	89
108	150	24
108	184	81
108	147	17
108	196	56
108	145	86
108	156	24
108	169	18
108	160	38
108	112	24
108	185	78
108	189	97
108	115	86
108	143	78
108	191	100
108	183	14
108	158	8
108	154	35
109	172	34
109	183	72
109	153	32
109	144	61
109	198	55
109	173	96
109	113	50
109	112	19
109	185	48
109	114	13
109	124	52
109	190	30
109	130	60
109	197	82
110	136	88
110	176	18
110	150	85
110	178	92
110	184	77
110	155	58
110	192	21
110	116	19
110	161	40
110	113	42
110	158	33
110	140	25
110	115	68
110	156	35
110	196	92
110	198	89
111	184	47
111	168	59
111	140	73
111	165	83
111	158	97
111	160	9
111	179	71
111	141	72
111	178	33
111	147	32
111	145	13
111	149	33
111	152	29
112	148	96
112	159	29
112	143	67
112	115	83
112	156	58
112	140	33
112	138	11
112	147	60
112	187	98
112	197	51
112	179	41
112	146	97
112	165	52
112	188	45
112	130	10
112	196	7
112	154	59
112	169	16
112	162	45
112	133	59
112	190	85
113	157	29
113	153	53
113	172	54
113	160	76
113	190	26
113	185	99
113	192	42
113	197	15
113	191	62
113	139	44
113	168	92
113	120	78
113	181	61
113	176	22
113	187	12
113	193	54
113	194	89
113	164	67
113	196	99
113	144	55
113	159	24
113	146	54
113	151	37
113	126	86
113	175	82
114	163	97
114	138	6
114	178	99
114	180	24
114	195	56
114	173	46
114	177	61
114	167	98
114	154	10
114	184	99
114	176	61
114	149	43
114	152	49
114	170	13
114	190	97
114	181	58
115	186	21
115	171	39
115	198	30
115	194	5
115	190	41
115	123	77
115	176	92
115	116	89
115	121	96
115	157	42
115	182	35
115	179	44
115	131	24
115	193	27
115	127	87
115	155	77
115	118	96
116	190	73
116	145	23
116	144	84
116	152	25
116	178	77
116	169	91
116	160	34
116	126	91
116	192	25
116	149	34
116	140	26
116	164	77
117	142	77
117	167	32
117	121	65
117	189	74
117	185	77
117	151	30
117	122	29
117	199	57
117	165	82
117	119	17
117	168	10
117	187	49
117	126	33
117	190	10
117	120	31
117	173	42
117	150	90
118	172	23
118	155	87
118	154	90
118	174	21
118	176	37
118	190	62
118	128	11
118	121	13
118	125	63
118	162	58
118	165	34
118	181	29
118	199	97
118	161	73
118	142	71
118	179	96
118	186	70
118	159	40
118	158	16
118	195	90
118	164	78
119	164	68
119	192	40
119	198	17
119	160	21
119	172	79
119	175	6
119	162	77
119	184	20
119	187	8
119	185	98
119	149	62
119	130	31
119	182	100
119	131	47
119	191	32
119	183	59
119	197	71
119	122	34
119	157	77
119	138	66
119	125	33
119	174	59
120	168	53
120	180	38
120	175	49
120	163	10
120	196	31
120	148	44
120	160	41
120	178	97
120	188	91
120	146	38
120	123	21
120	181	72
120	153	22
120	164	82
120	125	59
120	145	74
120	184	6
120	138	7
120	197	59
120	134	54
121	186	60
121	147	59
121	126	49
121	154	70
121	167	59
121	191	20
121	184	89
121	197	46
121	150	31
121	151	52
121	155	26
121	181	63
121	168	48
121	193	39
121	149	47
121	190	19
121	124	45
121	188	47
122	150	54
122	190	76
122	191	14
122	192	97
122	178	69
122	146	29
122	157	31
122	185	14
122	147	59
122	171	80
122	148	43
122	137	44
122	154	85
122	173	85
122	131	6
122	172	24
122	140	95
122	175	20
122	182	52
123	124	43
123	171	88
123	175	33
123	189	70
123	177	77
123	128	52
123	186	53
123	162	23
123	179	16
123	152	83
123	127	24
123	153	69
123	170	46
123	158	30
123	167	17
123	191	68
123	159	94
123	143	18
124	149	89
124	155	63
124	177	28
124	165	71
124	176	31
124	183	43
124	148	35
124	178	33
124	199	50
124	192	52
124	163	20
124	128	41
125	171	51
125	163	35
125	156	48
125	164	99
125	189	72
125	198	83
125	168	21
125	175	41
125	133	67
125	165	69
125	196	9
125	141	21
125	129	70
125	158	8
125	132	27
125	157	22
125	147	93
126	161	81
126	164	13
126	199	57
126	163	73
126	152	13
126	133	92
126	137	39
126	170	71
126	173	55
126	171	36
126	150	54
126	183	50
126	189	90
126	139	10
127	159	74
127	182	75
127	199	95
127	172	79
127	181	59
127	167	89
127	187	31
127	132	52
127	168	44
127	139	70
127	170	17
127	138	74
127	155	98
127	189	21
127	136	82
127	183	43
127	134	62
127	151	66
127	176	100
127	130	30
127	140	9
128	192	37
128	179	43
128	156	20
128	162	72
128	170	53
128	199	69
128	129	36
128	131	60
128	178	47
128	167	91
128	191	76
128	194	86
128	187	23
128	166	12
128	143	76
129	176	99
129	170	13
129	174	85
129	195	90
129	162	15
129	199	46
129	136	31
129	138	13
129	171	38
129	143	63
129	172	48
129	137	34
130	180	27
130	198	60
130	189	66
130	160	23
130	174	97
130	187	15
130	158	40
130	138	11
130	156	77
130	141	85
130	135	21
130	178	78
130	193	66
131	185	83
131	196	57
131	169	42
131	180	54
131	133	25
131	190	25
131	186	88
131	183	62
131	161	44
131	193	8
131	135	11
131	173	62
132	169	58
132	197	22
132	191	38
132	166	50
132	158	27
132	192	72
132	141	90
132	156	6
132	186	13
132	147	54
132	170	39
132	177	77
132	159	13
133	191	43
133	178	29
133	199	85
133	140	28
133	196	45
133	181	63
133	139	97
133	179	68
133	171	55
133	173	59
133	164	93
133	136	68
133	159	78
133	167	39
133	190	6
133	163	95
133	153	62
133	160	42
134	193	17
134	185	93
134	180	91
134	195	63
134	192	50
134	136	94
134	140	89
134	164	70
134	174	82
134	186	62
134	139	86
134	138	30
134	191	31
134	181	77
135	167	53
135	163	8
135	186	59
135	190	20
135	141	10
135	178	50
135	137	73
135	194	69
135	161	83
135	192	63
135	166	63
135	151	78
135	196	47
136	187	49
136	139	41
136	140	75
136	177	35
136	180	59
136	166	81
136	185	9
136	137	82
136	144	57
137	194	11
137	162	62
137	167	90
137	163	27
137	199	56
137	142	83
137	164	19
137	196	33
137	146	84
137	168	65
137	147	28
137	178	92
137	153	37
137	169	86
138	183	65
138	180	32
138	167	61
138	176	13
138	165	39
138	177	49
138	141	68
138	139	93
138	149	52
138	175	53
138	150	59
138	189	45
138	186	61
138	184	93
138	146	74
139	177	15
139	166	29
139	198	45
139	164	89
139	144	99
140	168	74
140	169	96
140	177	46
140	142	46
140	194	60
140	143	32
140	171	27
140	153	26
140	155	58
140	157	48
140	160	91
140	165	41
140	146	21
141	180	12
141	179	42
141	191	26
141	173	48
141	188	68
141	190	88
141	152	54
141	147	58
141	196	89
141	144	18
141	157	63
141	151	18
141	170	89
141	166	14
142	178	42
142	198	24
142	194	83
142	196	46
142	170	64
142	192	55
142	171	36
142	188	43
142	146	49
142	152	24
142	166	47
142	187	67
142	154	72
142	179	43
143	185	57
143	186	90
143	197	50
143	181	22
143	167	51
143	179	27
143	144	55
143	199	32
143	168	19
143	195	79
143	147	76
143	189	86
143	150	12
143	161	14
144	187	97
144	196	83
144	171	31
144	194	20
144	175	38
144	178	86
144	192	10
144	189	75
144	173	67
145	199	99
145	150	99
145	179	13
145	183	49
145	176	77
145	177	48
145	172	20
145	155	90
145	152	9
145	178	79
145	171	81
145	190	99
145	196	73
145	182	78
146	147	8
146	175	42
146	183	14
146	184	32
146	192	66
146	148	34
146	190	97
146	179	94
146	187	74
146	177	73
146	156	62
146	163	45
146	182	45
146	180	36
147	195	7
147	172	60
147	196	52
147	157	44
147	154	9
147	149	35
147	174	71
147	189	86
147	188	91
147	164	55
147	191	75
148	173	48
148	193	13
148	198	12
148	189	65
148	160	96
148	172	55
148	163	36
148	162	87
148	153	36
148	179	40
148	199	60
148	152	39
149	192	48
149	173	44
149	182	99
149	199	39
149	177	12
149	150	67
150	188	72
150	186	87
150	197	98
150	185	15
150	182	24
150	193	32
150	155	10
150	176	62
150	159	39
150	154	84
150	157	38
151	187	48
151	152	67
151	155	58
151	175	87
151	166	26
151	186	70
151	168	82
151	157	87
151	182	98
151	184	46
152	154	27
152	189	73
152	179	6
152	191	75
152	159	55
152	155	90
152	198	90
152	199	59
152	172	12
153	194	43
153	193	68
153	186	13
153	166	89
153	187	75
153	163	89
153	172	86
153	162	50
154	186	94
154	182	15
154	196	65
154	190	69
154	183	78
154	159	20
154	191	49
154	156	55
155	157	45
155	190	97
155	158	35
155	180	17
155	183	21
155	196	56
155	160	68
155	195	74
155	164	47
155	189	74
156	182	17
156	194	95
156	198	8
156	157	67
156	180	65
156	188	79
156	183	36
156	159	93
156	165	66
156	199	77
156	169	38
156	170	99
157	187	66
157	191	62
157	164	39
157	181	78
158	161	17
158	186	98
158	197	85
158	167	46
158	198	39
158	187	56
158	177	13
158	184	49
158	163	51
159	197	10
159	187	16
159	193	48
159	189	15
159	167	17
159	186	82
159	196	80
160	192	71
160	194	67
160	176	83
160	173	61
160	184	11
160	191	81
161	188	72
161	186	39
161	187	50
161	179	13
161	180	59
162	197	77
162	194	49
162	191	94
162	186	80
162	198	66
162	178	41
162	171	79
162	170	97
163	194	8
163	164	48
163	170	85
163	165	18
163	180	67
164	195	24
164	166	55
164	192	23
165	195	39
165	194	26
165	168	76
165	190	33
165	169	49
165	193	67
165	185	24
166	199	28
166	171	6
166	175	98
166	169	52
166	187	61
166	194	55
166	185	57
167	176	84
167	172	57
168	193	20
168	197	86
168	178	8
168	180	38
169	196	39
169	183	100
169	180	23
169	174	45
170	198	24
170	175	76
170	199	10
170	195	41
171	195	57
171	198	66
171	197	42
171	180	6
171	175	20
171	199	55
171	186	82
172	173	79
172	174	22
172	180	61
172	175	86
172	198	62
172	183	78
172	192	22
173	198	38
173	179	35
173	176	84
173	185	16
173	178	77
173	177	21
174	186	39
174	189	89
175	199	78
175	183	38
175	188	91
175	179	82
176	187	79
176	182	77
176	178	32
176	183	26
176	194	29
177	182	30
177	185	79
177	180	92
177	193	89
178	182	86
179	181	57
179	187	27
180	181	82
180	186	7
180	185	90
180	190	55
181	188	77
181	189	70
181	183	8
181	182	89
181	184	77
182	183	44
182	186	38
182	196	71
182	192	16
183	193	43
184	188	83
184	197	66
184	195	56
184	198	53
185	194	94
186	187	67
186	189	15
186	195	71
187	192	14
187	193	7
188	195	78
188	190	31
188	196	79
189	190	42
189	194	5
189	199	21
190	195	40
190	193	45
191	192	58
191	199	35
191	193	26
192	196	48
192	198	69
193	194	66
193	195	64
194	197	66
194	195	90
195	197	46
195	198	42
197	198	30
