NAME: W_SPARSE_60_16
n: 60
m: 480
0	28	34
0	33	68
0	50	8
0	43	70
0	31	40
0	9	24
0	24	58
0	2	34
0	10	76
0	49	71
0	4	34
0	59	8
1	20	56
1	31	17
1	28	83
1	27	63
1	47	62
1	17	41
1	41	53
1	23	73
1	51	22
1	40	51
1	39	22
1	59	79
1	7	79
2	38	80
2	11	98
2	28	17
2	23	59
2	19	81
2	37	20
2	32	56
2	13	47
2	49	67
2	57	9
2	44	70
2	50	71
2	3	74
2	5	93
2	9	96
3	43	81
3	15	87
3	44	60
3	52	20
3	46	88
3	5	57
3	38	23
3	6	55
3	24	55
3	27	70
3	29	44
3	33	46
3	14	91
3	49	34
4	49	6
4	30	54
4	48	17
4	36	14
4	28	53
4	33	19
4	27	28
4	31	42
4	15	26
4	44	39
4	6	85
4	23	72
5	14	25
5	6	83
5	39	6
5	45	87
5	53	54
5	24	55
5	52	30
5	34	96
5	9	29
5	28	94
5	29	99
5	43	97
5	56	30
5	20	7
5	48	75
5	35	7
6	20	79
6	24	80
6	32	31
6	17	87
6	25	21
6	35	8
6	38	97
6	18	81
6	16	99
6	39	29
6	41	82
6	48	8
6	43	75
6	22	17
6	51	87
6	28	79
6	33	64
6	53	21
6	15	98
6	37	80
6	45	13
7	41	36
7	50	72
7	9	77
7	34	48
7	36	29
7	31	57
7	58	38
7	55	82
7	30	97
7	46	6
7	33	7
7	53	83
7	57	8
7	52	39
7	51	9
7	38	83
7	39	54
7	47	40
8	25	40
8	19	87
8	37	25
8	10	92
8	45	75
8	49	24
8	56	55
8	33	80
8	43	45
8	31	33
8	51	73
8	39	69
8	12	15
8	32	84
8	41	61
8	38	48
8	22	93
8	57	20
8	13	87
9	59	24
9	32	45
9	39	98
9	19	89
9	18	90
9	22	13
9	56	69
9	46	96
9	12	51
9	10	92
10	30	54
10	53	92
10	22	69
10	41	47
10	33	18
10	29	30
10	32	39
10	51	17
10	45	25
10	12	23
10	39	41
10	13	60
10	36	86
10	15	90
10	16	41
10	28	11
10	49	38
11	39	58
11	55	62
11	28	39
11	59	22
11	12	89
11	52	97
11	49	46
11	56	58
11	23	49
11	31	36
11	20	62
11	37	79
11	42	60
11	17	51
12	56	78
12	27	46
12	58	44
12	14	57
12	53	11
12	37	90
12	47	41
12	52	49
12	35	17
12	38	55
12	16	90
12	34	53
13	44	7
13	32	79
13	54	38
13	43	80
13	30	67
13	29	27
13	49	21
13	24	26
13	37	59
13	46	41
13	52	47
13	45	42
13	41	30
14	35	15
14	48	66
14	55	62
14	23	6
14	30	6
14	45	46
14	25	48
14	49	72
14	31	78
14	34	8
14	59	28
14	17	58
14	33	76
14	32	58
15	55	83
15	44	84
15	26	42
15	43	90
15	29	95
15	27	94
15	47	90
15	56	77
15	49	18
15	28	89
15	36	48
15	38	62
16	55	65
16	28	20
16	52	10
16	54	28
16	32	88
16	51	39
16	33	35
16	36	46
16	18	42
16	44	51
16	26	39
16	57	69
16	20	13
16	46	40
17	26	61
17	56	83
17	57	50
17	38	95
17	42	55
17	44	56
17	35	61
17	45	82
17	28	5
17	23	53
17	33	97
17	34	66
17	20	62
17	22	9
17	40	77
17	51	86
18	53	45
18	35	82
18	56	57
18	57	84
18	33	36
18	46	11
18	41	10
18	54	6
18	31	70
18	39	54
18	24	99
18	20	73
18	49	89
18	30	80
19	42	8
19	47	57
19	35	60
19	43	42
19	57	83
19	55	29
19	30	24
19	37	79
19	23	46
19	54	29
20	46	69
20	39	72
20	52	81
20	30	17
20	29	9
20	50	89
20	22	30
20	49	49
20	34	30
20	32	31
20	41	13
20	54	42
20	23	65
21	56	84
21	38	66
21	31	17
21	37	55
21	48	57
21	36	82
21	58	60
21	25	60
21	47	90
21	53	96
21	43	81
21	44	84
22	52	22
22	32	66
22	39	44
22	54	97
22	36	39
22	53	56
22	45	49
22	46	10
22	49	54
23	55	28
23	43	22
23	33	33
23	44	91
23	57	57
23	34	54
23	47	39
23	50	80
23	46	52
23	38	29
24	43	96
24	53	14
24	58	43
24	41	96
24	56	78
24	40	77
25	54	18
25	58	88
25	45	8
25	34	43
25	27	68
25	38	41
25	48	97
25	39	7
25	55	6
25	40	72
26	39	15
26	53	94
26	44	35
26	46	98
26	57	66
26	36	61
26	43	53
26	42	89
26	50	91
26	54	72
26	40	46
26	45	58
27	41	5
27	30	28
27	45	33
27	52	26
27	53	95
27	36	90
28	41	79
28	48	59
28	50	62
28	58	42
28	55	90
28	59	97
28	29	44
28	54	35
29	40	49
29	51	56
29	32	51
29	58	71
29	38	94
29	47	16
29	52	96
30	47	37
30	57	33
30	59	47
30	48	16
31	49	6
31	44	19
31	58	49
31	35	16
31	43	97
31	33	62
31	39	59
32	55	81
32	35	71
32	37	97
32	44	96
33	45	94
33	57	22
33	59	48
33	42	43
33	53	69
33	36	63
33	54	53
33	39	37
33	52	47
33	58	58
34	44	50
34	39	62
34	48	44
34	47	98
35	50	34
35	58	65
35	55	74
35	52	68
35	51	44
36	55	97
36	45	68
36	46	53
36	52	14
36	56	63
36	58	26
36	51	77
36	40	38
37	55	79
37	46	53
37	53	96
37	49	82
37	50	98
37	40	68
38	54	92
38	48	58
38	59	13
39	59	11
39	49	59
40	51	30
40	59	92
40	56	82
40	42	11
40	50	36
40	44	39
40	58	82
40	48	47
41	51	11
41	59	90
41	43	74
41	53	86
41	57	11
42	59	51
42	43	19
42	58	59
42	44	64
42	55	51
43	52	72
43	48	53
43	55	80
43	50	98
44	56	60
44	45	40
45	46	49
45	47	37
45	55	31
45	59	18
45	57	12
45	50	44
46	55	60
46	56	11
47	58	93
47	57	44
47	53	35
48	58	36
49	59	6
49	52	92
49	54	69
49	56	25
50	59	28
50	51	79
50	54	53
50	52	100
50	55	84
52	54	32
54	58	68
56	57	84
