NAME: W_SPARSE_120_28
n: 120
m: 1680
0	48	71
0	1	42
0	30	82
0	41	79
0	78	58
0	33	21
0	119	99
0	82	54
0	75	25
0	35	88
0	62	83
0	93	29
0	39	59
0	18	83
0	50	62
0	89	97
0	37	60
0	8	67
0	22	56
0	103	84
0	27	31
0	31	25
0	85	76
0	53	73
0	40	15
0	5	27
1	77	75
1	25	46
1	24	98
1	97	68
1	60	40
1	95	46
1	80	19
1	98	46
1	72	84
1	37	95
1	62	5
1	51	52
1	71	66
1	40	8
1	44	73
1	42	76
1	79	75
1	91	83
1	33	6
1	9	11
1	50	7
1	48	73
1	54	47
1	8	29
1	19	73
1	39	30
1	53	30
1	23	50
1	55	31
2	30	8
2	79	11
2	43	87
2	55	51
2	57	58
2	64	46
2	51	35
2	26	13
2	18	60
2	29	39
2	45	30
2	93	15
2	118	56
2	75	6
2	83	67
2	20	74
2	24	100
2	52	89
2	70	9
2	82	33
2	107	70
2	17	63
2	117	74
2	59	74
2	36	27
2	72	37
2	103	80
2	94	68
2	32	58
2	38	13
2	106	29
2	49	37
2	25	23
2	28	48
3	39	53
3	45	8
3	78	10
3	81	56
3	36	55
3	56	66
3	79	82
3	24	46
3	107	45
3	94	60
3	7	82
3	92	75
3	66	47
3	32	92
3	37	45
3	105	10
3	108	60
3	42	35
3	53	67
3	97	28
3	76	51
3	41	23
3	70	25
3	47	98
3	103	81
3	65	53
3	93	91
3	10	87
3	43	83
4	20	95
4	28	79
4	46	67
4	76	46
4	60	30
4	72	82
4	79	83
4	108	48
4	22	65
4	8	58
4	109	18
4	57	94
4	84	88
4	103	58
4	107	95
4	95	78
4	115	74
4	75	83
4	15	52
4	59	35
4	27	71
4	40	89
4	67	90
5	70	76
5	41	60
5	32	41
5	81	70
5	60	49
5	44	16
5	62	71
5	103	89
5	90	57
5	20	29
5	48	46
5	105	50
5	55	65
5	72	49
5	118	69
5	35	98
5	46	72
5	26	30
5	78	9
5	107	70
5	37	64
5	23	97
5	84	67
5	75	23
5	109	76
5	53	38
5	54	16
5	7	42
5	11	13
5	45	24
6	55	27
6	37	24
6	59	75
6	109	59
6	24	73
6	110	51
6	101	65
6	38	37
6	96	50
6	34	79
6	63	39
6	77	85
6	81	79
6	27	27
6	21	64
6	95	97
6	98	19
6	76	64
6	57	10
6	104	65
6	9	25
6	48	69
6	86	77
6	18	62
6	103	49
6	52	42
6	78	55
7	25	45
7	26	8
7	50	90
7	105	89
7	9	60
7	95	43
7	63	88
7	71	52
7	41	55
7	96	39
7	68	80
7	39	24
7	91	34
7	8	19
7	32	73
7	54	55
7	103	71
7	48	20
7	33	17
7	47	88
7	69	56
7	23	47
7	65	28
7	59	66
7	83	64
7	110	72
7	13	61
7	89	79
7	76	31
7	109	84
8	110	30
8	61	24
8	25	63
8	47	58
8	84	70
8	100	48
8	29	92
8	36	83
8	54	96
8	27	49
8	43	99
8	55	12
8	51	25
8	32	5
8	81	13
8	104	39
8	67	81
8	48	32
8	86	54
8	88	57
8	75	36
8	66	68
8	90	87
8	44	55
8	116	93
9	77	60
9	56	89
9	34	40
9	41	46
9	93	48
9	26	18
9	85	58
9	33	16
9	28	45
9	52	49
9	111	23
9	43	11
9	68	74
9	87	32
9	98	83
9	108	60
9	76	75
9	50	78
9	113	6
9	101	46
9	105	10
9	27	57
9	24	82
9	60	54
9	103	78
9	78	65
9	20	9
9	102	78
10	61	68
10	63	30
10	31	91
10	11	31
10	40	87
10	77	14
10	44	91
10	54	32
10	28	35
10	110	96
10	74	20
10	52	28
10	12	13
10	102	36
10	50	46
10	95	70
10	87	93
10	34	59
11	34	43
11	114	58
11	29	18
11	37	52
11	45	20
11	63	45
11	57	89
11	97	68
11	100	90
11	91	21
11	80	10
11	99	83
11	12	32
11	15	60
11	104	9
11	33	82
11	101	39
11	70	64
11	77	26
11	68	37
11	79	22
11	13	76
11	14	67
11	71	65
11	92	13
11	42	37
12	32	57
12	80	50
12	115	44
12	27	86
12	43	96
12	59	99
12	70	28
12	103	52
12	48	66
12	49	85
12	86	51
12	98	76
12	44	24
12	53	30
12	64	57
12	97	63
12	71	47
12	14	22
12	92	86
12	22	55
12	31	25
12	114	66
12	76	79
12	51	10
12	84	84
12	105	60
12	39	15
12	79	27
13	50	94
13	82	23
13	15	37
13	108	43
13	98	73
13	80	94
13	113	14
13	69	67
13	72	64
13	106	18
13	66	63
13	110	64
13	58	92
13	44	73
13	96	91
13	78	25
13	45	22
13	111	95
13	16	61
13	94	43
13	75	93
13	60	30
13	88	77
13	90	11
14	119	56
14	32	61
14	97	43
14	60	66
14	71	49
14	50	78
14	54	83
14	90	31
14	53	46
14	83	35
14	18	14
14	41	31
14	19	88
14	34	83
14	43	53
14	77	92
14	46	51
14	68	63
14	73	78
14	95	12
14	101	24
14	35	56
14	96	94
14	49	76
15	68	39
15	106	56
15	112	65
15	103	48
15	71	94
15	45	100
15	51	9
15	105	69
15	62	61
15	52	60
15	114	28
15	47	95
15	61	25
15	99	37
15	109	90
15	23	25
15	92	34
15	20	95
15	89	33
15	49	86
15	34	83
15	80	16
15	96	18
15	72	60
15	87	68
15	48	62
15	66	97
16	95	58
16	44	58
16	75	97
16	77	36
16	105	21
16	57	92
16	71	75
16	38	14
16	64	53
16	45	42
16	118	38
16	76	93
16	22	78
16	78	85
16	92	83
16	23	61
16	89	26
16	61	44
16	116	32
16	69	67
16	50	38
16	25	78
16	83	40
16	34	43
16	80	79
17	63	50
17	40	31
17	48	74
17	90	57
17	92	79
17	116	70
17	73	22
17	32	75
17	37	75
17	104	53
17	95	13
17	80	25
17	60	63
17	53	69
17	74	61
17	88	60
17	86	88
17	106	88
17	108	41
17	49	90
17	21	15
17	119	29
17	109	79
17	117	87
17	69	20
17	46	90
17	93	35
18	53	57
18	77	82
18	52	25
18	107	50
18	33	43
18	101	6
18	68	24
18	47	89
18	69	61
18	90	6
18	21	9
18	40	77
18	87	59
18	113	76
18	20	48
18	86	64
18	43	19
18	24	26
18	57	47
18	89	22
18	49	55
18	22	58
18	61	84
18	118	52
18	36	52
18	48	38
18	59	97
19	56	8
19	42	31
19	47	54
19	73	51
19	39	80
19	78	23
19	34	33
19	82	69
19	89	32
19	95	15
19	44	15
19	49	23
19	60	43
19	66	87
19	84	47
19	20	38
19	88	31
19	97	95
19	28	10
19	112	9
19	79	52
19	25	66
19	100	18
19	115	58
19	113	63
19	77	82
19	24	74
19	64	42
19	114	8
20	39	66
20	83	80
20	89	82
20	81	82
20	59	74
20	98	41
20	75	8
20	64	92
20	102	34
20	97	49
20	109	71
20	45	62
20	105	52
20	80	24
20	51	63
20	115	82
20	65	45
20	74	24
20	56	59
20	96	74
20	94	24
20	37	51
21	62	77
21	94	26
21	72	36
21	97	84
21	48	9
21	96	72
21	50	75
21	37	70
21	82	98
21	74	9
21	93	90
21	83	20
21	107	34
21	44	25
21	65	13
21	103	30
21	61	19
21	53	26
21	67	61
21	76	71
21	73	11
21	87	44
21	117	49
21	36	81
22	85	93
22	71	6
22	106	33
22	101	48
22	94	45
22	99	75
22	45	98
22	115	49
22	76	25
22	87	92
22	90	36
22	105	24
22	103	81
22	38	20
22	78	75
22	117	52
22	30	24
22	53	58
22	66	52
22	100	24
22	97	40
22	102	31
22	92	21
23	50	94
23	51	65
23	66	56
23	104	87
23	76	58
23	85	98
23	57	83
23	110	73
23	44	62
23	114	97
23	112	42
23	42	74
23	30	38
23	48	49
23	106	25
23	96	62
24	83	67
24	45	81
24	57	20
24	119	78
24	106	78
24	94	78
24	93	49
24	97	57
24	103	18
24	110	46
24	67	9
24	100	36
24	76	43
24	92	10
24	104	16
24	31	31
24	53	99
24	118	38
24	89	88
24	112	38
25	77	9
25	61	17
25	91	96
25	118	13
25	42	9
25	114	97
25	86	98
25	109	52
25	96	81
25	117	39
25	102	61
25	90	49
25	76	68
25	107	22
25	55	26
25	67	13
25	87	99
25	99	71
25	46	60
25	94	59
25	82	57
26	58	91
26	53	89
26	41	40
26	100	42
26	111	9
26	60	9
26	27	13
26	33	21
26	90	80
26	94	90
26	93	24
26	70	86
26	54	90
26	96	57
26	119	32
26	35	22
26	28	94
26	38	89
26	55	12
26	56	97
26	68	31
26	117	23
26	110	97
26	109	69
26	50	48
27	87	69
27	28	70
27	79	89
27	117	87
27	64	9
27	82	57
27	115	22
27	47	7
27	75	58
27	107	66
27	77	63
27	48	72
27	91	17
27	59	52
27	71	24
27	55	40
27	39	43
27	63	76
28	54	76
28	69	75
28	60	50
28	74	56
28	92	45
28	75	82
28	31	43
28	90	53
28	59	13
28	76	52
28	104	12
28	110	12
28	113	43
28	85	64
28	52	30
28	112	48
28	81	86
28	49	69
28	72	27
28	98	26
29	109	75
29	75	29
29	105	93
29	31	20
29	72	82
29	53	61
29	50	53
29	108	64
29	44	41
29	89	33
29	52	67
29	47	7
29	48	13
29	95	22
29	107	64
29	58	39
29	85	34
29	114	70
29	118	40
29	76	71
29	54	60
29	57	99
29	49	19
29	59	55
29	45	46
29	79	56
29	38	60
29	36	79
29	119	68
30	50	54
30	59	14
30	64	7
30	45	66
30	67	47
30	101	68
30	100	54
30	73	11
30	33	70
30	34	7
30	114	49
30	53	84
30	108	79
30	47	18
30	61	28
30	41	16
30	31	88
30	111	65
30	65	93
30	52	88
30	103	70
31	93	26
31	91	60
31	110	72
31	53	60
31	100	20
31	109	78
31	87	85
31	77	27
31	90	97
31	59	45
31	65	56
31	117	78
31	116	47
31	78	67
31	64	95
31	66	89
31	44	45
31	49	7
31	79	85
31	60	61
32	72	97
32	60	36
32	95	61
32	107	29
32	115	72
32	96	29
32	81	28
32	100	61
32	83	96
32	61	18
32	75	27
32	53	77
32	51	32
32	117	92
32	69	26
32	119	22
32	39	70
32	47	34
32	92	29
32	71	76
32	101	83
32	114	16
32	110	64
32	43	63
32	55	43
32	77	18
33	70	24
33	92	39
33	89	75
33	48	70
33	56	96
33	85	66
33	75	82
33	55	39
33	61	84
33	40	23
33	74	38
33	82	5
33	62	62
33	111	68
33	67	34
33	39	92
33	35	38
33	118	28
33	49	68
34	84	52
34	119	82
34	104	98
34	36	30
34	66	69
34	107	12
34	52	36
34	94	39
34	58	26
34	90	70
34	109	10
34	88	87
34	35	71
34	79	98
34	100	38
34	72	29
34	83	69
34	99	19
34	105	97
35	112	38
35	67	35
35	53	87
35	75	84
35	99	65
35	60	40
35	78	49
35	68	77
35	96	92
35	72	61
35	76	24
35	71	69
35	69	31
35	73	32
35	80	78
35	111	7
35	54	95
35	90	6
35	101	94
35	117	95
35	82	11
35	59	61
35	84	44
35	83	39
36	75	52
36	113	61
36	78	38
36	80	66
36	100	75
36	51	11
36	95	99
36	83	29
36	63	75
36	99	12
36	77	71
36	56	58
36	68	14
36	81	51
36	117	73
36	67	93
36	114	6
36	85	57
36	73	87
36	44	60
37	79	16
37	74	97
37	91	89
37	104	81
37	61	64
37	87	29
37	86	79
37	115	20
37	92	78
37	100	76
37	113	6
37	114	94
37	66	33
37	84	6
37	83	91
37	107	36
37	45	56
37	59	7
37	47	35
37	97	20
37	98	98
38	83	82
38	69	80
38	107	85
38	105	93
38	70	87
38	117	73
38	115	12
38	114	8
38	57	17
38	75	8
38	98	97
38	43	77
38	66	86
38	65	39
38	77	66
38	118	55
38	99	70
38	68	93
38	61	66
38	93	56
39	82	14
39	93	49
39	40	43
39	56	53
39	67	99
39	100	49
39	109	8
39	113	49
39	92	14
39	87	73
39	75	75
39	94	36
39	46	8
39	98	57
39	110	79
39	99	70
39	103	63
39	102	88
39	52	25
40	100	29
40	116	76
40	94	50
40	98	31
40	83	69
40	107	23
40	75	79
40	56	26
40	82	36
40	68	9
40	90	25
40	109	15
40	65	60
40	78	61
40	51	72
40	62	36
40	102	18
40	67	43
40	95	81
40	48	22
41	67	88
41	104	94
41	70	13
41	91	51
41	76	18
41	107	55
41	93	85
41	69	27
41	108	90
41	65	71
41	88	78
41	89	95
41	48	95
41	106	15
41	75	10
41	80	28
41	115	21
41	52	43
41	68	78
41	51	60
42	102	68
42	113	72
42	60	20
42	79	35
42	116	9
42	78	6
42	109	58
42	72	72
42	61	64
42	93	58
42	66	39
42	87	37
42	70	39
42	83	96
42	99	31
42	71	83
43	89	94
43	85	39
43	96	87
43	99	36
43	81	76
43	107	89
43	63	74
43	97	96
43	106	39
43	82	92
43	88	18
43	115	79
43	78	8
43	69	36
43	109	16
43	73	8
43	53	27
43	117	59
43	48	46
43	64	20
43	47	95
43	95	10
44	87	98
44	92	25
44	95	41
44	102	7
44	91	31
44	68	80
44	61	48
44	94	11
44	114	43
44	110	32
44	101	80
44	97	60
44	49	10
44	100	52
44	75	61
44	105	75
44	86	80
44	62	94
44	65	57
44	108	93
45	83	92
45	66	68
45	60	45
45	95	24
45	62	72
45	112	6
45	50	36
45	51	71
45	111	85
45	94	68
45	110	49
45	109	36
45	90	93
45	79	84
45	65	21
46	79	83
46	105	6
46	89	62
46	102	67
46	68	42
46	66	21
46	83	6
46	119	9
46	49	84
46	94	24
46	90	59
46	67	33
46	113	65
46	72	36
46	74	14
46	87	6
46	91	45
46	112	36
46	56	13
47	81	95
47	117	76
47	74	74
47	65	73
47	86	25
47	106	57
47	102	83
47	111	47
47	99	37
47	95	59
47	90	47
47	54	79
47	109	22
47	119	87
47	82	76
47	110	84
47	64	75
47	72	6
48	110	48
48	76	85
48	101	30
48	83	79
48	88	20
48	72	87
48	70	55
48	85	67
48	94	90
48	118	97
48	71	20
48	104	97
48	114	89
48	93	41
48	113	25
48	107	71
48	82	8
48	98	45
49	70	93
49	98	43
49	97	38
49	111	40
49	119	50
49	69	78
49	116	93
49	79	12
49	88	59
49	80	66
49	96	98
49	77	27
49	90	35
49	65	11
49	89	14
49	56	60
49	91	76
49	110	36
49	113	9
49	73	86
49	100	29
50	74	55
50	66	32
50	67	6
50	116	86
50	88	71
50	97	25
50	56	20
50	83	11
50	92	94
50	86	65
50	54	73
50	96	48
50	70	26
50	69	84
50	107	92
50	108	89
50	76	93
51	74	55
51	88	46
51	94	68
51	82	72
51	80	55
51	113	91
51	86	50
51	91	31
51	96	31
51	116	14
51	95	89
51	73	88
51	72	43
51	58	99
51	109	76
51	54	50
51	53	82
51	55	44
51	100	43
51	104	15
52	80	94
52	69	92
52	103	64
52	70	99
52	98	46
52	106	10
52	71	19
52	91	47
52	100	7
52	118	73
52	90	21
52	97	17
52	74	69
52	75	88
52	88	81
53	108	55
53	102	36
53	84	61
53	107	48
53	110	97
53	96	25
53	114	65
53	104	81
53	71	50
53	56	35
53	55	49
53	111	53
53	59	14
53	64	11
53	94	31
54	86	16
54	69	15
54	118	96
54	119	87
54	55	77
54	57	82
54	73	58
54	56	93
54	103	37
54	80	97
54	82	84
54	96	72
54	102	57
54	87	47
54	93	41
54	98	37
54	58	77
54	76	43
54	94	22
54	114	54
54	92	62
55	92	12
55	112	28
55	113	90
55	88	53
55	76	36
55	102	42
55	100	12
55	107	48
55	73	63
55	89	72
55	106	67
55	111	44
55	82	22
55	119	40
55	115	78
55	118	70
55	94	69
55	101	34
55	104	70
55	80	95
55	58	81
55	67	72
55	68	11
56	103	34
56	87	89
56	79	42
56	80	38
56	104	53
56	114	52
56	112	6
56	113	94
56	117	63
56	60	58
56	76	47
56	107	81
56	73	68
56	101	83
56	67	52
56	100	10
56	106	54
57	99	91
57	75	91
57	112	15
57	78	99
57	105	81
57	101	52
57	107	28
57	92	45
57	86	35
57	88	27
57	113	49
57	87	81
57	74	63
57	94	82
57	73	56
57	118	7
58	118	65
58	89	75
58	79	78
58	108	53
58	95	57
58	88	94
58	87	71
58	92	45
58	64	66
58	96	8
58	102	28
58	67	54
58	78	46
58	63	94
58	74	85
58	90	91
59	117	71
59	84	80
59	115	47
59	76	76
59	110	81
59	118	84
59	79	69
59	95	33
59	111	56
59	82	58
59	61	49
60	90	39
60	86	24
60	114	24
60	87	35
60	119	95
60	76	47
60	104	44
60	64	7
60	118	20
60	117	32
60	85	21
60	75	85
60	113	83
60	106	27
60	103	80
60	83	25
60	94	65
61	104	72
61	106	99
61	77	51
61	81	70
61	85	57
61	64	52
61	94	58
61	103	23
61	63	50
61	91	53
62	118	41
62	117	33
62	97	27
62	105	41
62	77	35
62	64	56
62	81	50
62	86	40
62	70	79
62	82	37
62	119	97
63	100	19
63	93	45
63	102	16
63	84	67
63	108	87
63	88	99
63	97	62
63	117	6
63	66	46
63	98	76
63	107	21
63	65	9
63	67	37
64	88	95
64	111	70
64	89	49
64	105	46
64	103	12
64	71	72
64	81	10
64	99	57
64	83	97
64	97	44
64	110	47
65	80	61
65	81	64
65	83	63
65	97	14
65	112	7
65	93	17
65	69	32
65	89	10
65	103	45
65	104	37
65	116	63
65	90	15
65	105	85
65	82	34
66	101	43
66	119	10
66	83	32
66	94	99
66	100	77
66	98	53
66	93	67
66	109	11
66	99	64
66	107	73
66	108	39
66	71	89
66	112	25
67	68	80
67	82	43
67	100	30
67	101	19
67	86	57
67	108	28
67	94	78
67	112	89
67	91	100
68	110	12
68	119	86
68	101	97
68	106	88
68	87	18
68	118	70
68	102	19
68	69	10
68	91	10
69	84	95
69	111	84
69	70	7
69	105	60
69	118	46
69	108	13
69	76	32
70	96	45
70	118	22
70	88	92
70	93	51
70	115	60
70	76	84
70	106	37
70	92	5
70	108	95
70	82	23
70	87	43
71	108	32
71	76	29
71	98	56
71	118	78
71	75	95
72	91	25
72	119	77
72	94	25
72	78	46
72	112	55
72	80	69
72	96	15
72	85	40
72	79	48
73	93	23
73	107	61
73	111	78
73	98	97
73	91	79
73	94	39
73	81	6
73	102	31
74	90	67
74	116	13
74	78	65
74	110	89
74	77	61
74	104	49
74	97	5
74	94	24
74	117	62
74	113	89
74	119	27
74	81	99
74	96	20
75	105	66
75	77	75
75	83	45
75	95	41
75	78	10
75	81	93
75	90	48
76	77	58
76	94	88
76	117	49
76	80	75
76	103	71
76	93	92
76	111	76
76	104	10
77	94	33
77	116	100
77	103	8
77	109	55
77	82	93
77	83	23
77	114	30
77	97	40
77	107	42
77	99	89
77	100	64
77	90	97
78	105	33
78	109	51
78	110	51
78	79	87
78	116	87
78	104	19
78	98	32
78	97	50
78	80	20
79	117	83
79	110	48
79	103	57
79	85	6
79	96	68
79	116	35
79	108	53
79	86	91
79	90	80
79	81	100
80	115	84
80	99	32
80	102	52
80	105	76
81	82	65
81	84	65
81	114	93
81	115	7
81	108	96
81	90	45
81	118	50
82	115	57
82	118	49
82	110	78
82	113	79
82	102	97
82	117	24
82	84	98
82	85	51
82	93	61
82	92	50
82	90	7
82	116	19
83	98	97
83	117	34
83	103	44
83	112	14
83	106	49
83	104	84
84	118	96
84	119	36
84	89	18
84	115	11
84	104	57
84	88	52
84	86	38
85	101	41
85	119	51
85	94	19
85	98	90
86	107	85
86	89	100
86	91	54
86	119	98
86	93	83
86	103	63
86	96	89
86	101	24
87	111	87
87	116	40
87	104	32
87	96	74
87	117	56
88	106	54
88	113	45
88	91	63
88	114	7
88	112	93
88	108	86
89	110	57
89	118	98
89	108	72
89	94	64
89	106	42
89	90	7
89	96	71
89	107	100
89	116	24
89	101	45
90	92	14
90	118	6
90	107	73
91	92	42
91	95	39
91	117	17
91	114	24
91	104	55
92	115	37
92	116	29
92	114	61
92	112	82
93	116	48
93	94	92
93	99	80
93	115	7
93	98	8
93	111	52
93	97	28
93	103	29
93	119	16
93	105	16
94	101	57
94	102	82
94	113	87
94	119	37
95	114	59
95	98	11
95	116	35
95	97	69
95	118	44
96	118	82
96	119	17
96	100	67
96	115	11
96	112	93
97	118	53
97	103	37
98	104	29
98	103	47
98	114	90
98	111	35
98	115	72
99	118	9
99	101	68
99	114	35
99	116	63
99	115	24
99	103	32
100	101	6
100	103	68
100	116	69
100	102	82
101	105	13
101	117	98
101	103	86
102	108	99
102	106	7
103	109	82
103	113	74
104	119	41
105	110	23
105	109	68
106	113	61
106	112	63
107	109	87
107	116	13
108	110	99
108	114	97
108	117	30
109	110	56
109	114	78
109	115	31
109	111	53
110	112	15
110	117	11
110	114	64
110	116	71
111	113	61
111	114	22
111	116	16
113	119	41
