NAME: W_SPARSE_160_32
n: 160
m: 2560
0	140	15
0	111	29
0	48	55
0	71	70
0	104	46
0	19	15
0	138	45
0	27	9
0	38	92
0	41	64
0	98	57
0	84	77
0	158	98
0	154	61
0	87	87
0	62	95
0	116	41
0	40	10
0	150	43
0	141	61
0	74	32
0	124	46
0	53	44
0	69	15
0	72	67
0	118	37
0	157	36
0	135	52
0	130	58
1	78	44
1	141	68
1	107	87
1	133	45
1	138	12
1	120	96
1	99	41
1	110	62
1	82	31
1	87	97
1	126	21
1	26	25
1	137	63
1	123	65
1	121	60
1	70	47
1	35	89
1	12	40
1	11	42
1	25	7
1	100	32
1	56	47
1	2	53
1	46	38
1	159	65
1	130	90
1	42	14
2	49	29
2	62	32
2	41	13
2	73	78
2	97	96
2	96	28
2	100	43
2	67	96
2	131	49
2	127	16
2	145	9
2	19	52
2	122	26
2	123	97
2	6	66
2	78	48
2	26	53
2	90	21
2	134	53
2	125	11
2	24	27
2	9	63
2	109	40
2	155	19
2	144	49
2	112	37
2	110	94
2	46	6
2	79	38
2	141	99
2	30	90
2	55	40
2	76	50
2	5	86
2	48	42
2	57	34
2	137	53
3	84	71
3	23	8
3	112	20
3	141	8
3	30	49
3	57	30
3	109	26
3	46	12
3	60	99
3	110	18
3	24	54
3	118	68
3	66	53
3	31	78
3	137	85
3	58	56
3	69	100
3	132	28
3	54	32
3	67	52
3	64	38
3	104	68
3	102	30
3	79	35
3	81	48
3	73	98
3	39	68
3	156	64
3	92	58
3	144	65
3	82	30
3	155	23
3	108	11
3	83	68
3	7	26
3	65	14
4	61	41
4	79	96
4	75	8
4	81	81
4	88	66
4	104	26
4	113	82
4	98	52
4	22	82
4	106	91
4	118	46
4	126	75
4	135	8
4	76	39
4	147	30
4	49	59
4	40	78
4	157	46
4	116	31
4	34	52
4	95	14
4	86	68
4	97	93
4	132	23
4	8	65
4	68	23
4	91	20
4	67	50
4	114	56
4	84	98
4	60	67
4	74	55
4	107	41
4	140	89
4	44	65
5	87	85
5	75	42
5	144	56
5	98	97
5	124	26
5	29	26
5	128	45
5	27	5
5	58	12
5	134	48
5	53	20
5	83	69
5	125	95
5	43	63
5	115	70
5	56	58
5	105	47
5	117	70
5	31	37
5	85	33
5	118	40
5	136	66
5	81	76
5	82	12
5	86	81
5	137	57
5	80	24
5	30	44
5	44	91
5	112	86
5	46	18
6	70	55
6	25	37
6	28	67
6	47	86
6	77	28
6	23	59
6	7	76
6	116	53
6	143	57
6	120	9
6	85	99
6	132	57
6	91	94
6	76	66
6	13	64
6	62	52
6	93	24
6	36	68
6	82	87
6	73	84
6	121	78
6	27	33
6	52	30
6	50	89
6	65	95
6	123	8
6	103	70
6	87	20
7	80	9
7	142	43
7	62	9
7	93	64
7	90	34
7	58	26
7	68	46
7	113	73
7	109	14
7	30	71
7	31	22
7	120	49
7	8	84
7	33	95
7	101	11
7	140	80
7	150	23
7	63	72
7	131	17
7	73	25
7	105	14
7	39	65
7	61	45
8	46	47
8	27	8
8	144	99
8	129	6
8	25	74
8	26	81
8	73	11
8	139	78
8	87	10
8	88	38
8	68	73
8	51	23
8	134	38
8	36	86
8	56	87
8	102	96
8	122	27
8	49	33
8	150	48
8	97	16
8	114	91
8	121	83
8	86	97
8	123	38
8	60	79
8	151	65
8	31	18
8	30	46
9	119	88
9	52	78
9	115	74
9	90	84
9	114	12
9	93	89
9	77	99
9	58	96
9	111	37
9	73	19
9	63	41
9	133	89
9	72	44
9	57	30
9	120	6
9	29	81
9	38	77
9	126	24
9	134	34
9	14	73
9	55	34
9	152	87
9	74	25
9	53	77
9	122	9
9	116	43
9	99	63
9	155	12
10	139	45
10	54	10
10	124	16
10	69	82
10	145	57
10	95	80
10	34	32
10	39	97
10	67	20
10	112	30
10	27	50
10	119	16
10	108	7
10	118	89
10	53	77
10	33	83
10	63	60
10	92	16
10	13	40
10	45	84
10	66	66
10	81	67
10	138	48
10	136	29
10	96	20
10	128	5
10	18	74
10	109	95
10	62	56
10	68	26
10	42	63
10	85	9
10	19	13
10	55	52
11	80	95
11	92	77
11	121	56
11	86	21
11	119	75
11	135	69
11	145	90
11	57	56
11	72	27
11	47	72
11	51	57
11	70	44
11	142	76
11	118	64
11	50	57
11	99	42
11	94	53
11	16	37
11	67	60
11	77	24
11	110	90
11	35	91
11	98	66
11	83	17
11	136	52
11	115	91
11	126	36
11	148	42
11	89	58
12	52	79
12	32	34
12	59	98
12	76	51
12	121	45
12	127	69
12	90	58
12	140	53
12	93	48
12	79	38
12	61	56
12	67	26
12	135	23
12	75	26
12	62	75
12	56	56
12	64	35
12	130	88
12	57	15
12	141	97
12	40	10
12	72	73
12	51	65
12	29	95
12	107	49
12	49	79
12	132	63
12	133	33
12	128	50
12	45	14
12	112	66
12	83	50
13	73	47
13	128	28
13	80	23
13	91	97
13	147	9
13	79	45
13	51	29
13	99	73
13	114	91
13	35	9
13	30	16
13	108	89
13	89	8
13	71	22
13	113	72
13	82	17
13	120	93
13	49	35
13	74	91
13	139	42
13	117	47
13	122	73
13	110	86
13	58	51
13	25	39
13	102	74
13	94	39
13	20	82
13	109	96
13	98	43
14	146	60
14	112	28
14	78	49
14	72	23
14	109	29
14	63	88
14	117	9
14	83	12
14	50	96
14	155	81
14	130	70
14	40	99
14	15	55
14	101	90
14	56	69
14	99	7
14	149	17
14	96	90
14	21	14
14	52	64
14	64	69
14	61	99
14	36	74
14	132	21
14	106	8
14	81	22
14	75	14
14	156	92
14	25	79
14	59	68
15	72	62
15	51	82
15	37	74
15	115	79
15	143	25
15	156	67
15	59	34
15	120	17
15	144	92
15	125	51
15	19	82
15	96	15
15	129	6
15	94	18
15	36	8
15	47	32
15	122	74
15	98	79
15	57	22
15	87	67
15	45	53
15	82	85
15	130	15
15	141	17
15	106	32
15	64	99
15	108	63
15	107	18
15	99	41
15	93	71
15	63	15
16	66	61
16	34	98
16	91	21
16	62	85
16	139	7
16	133	67
16	144	52
16	125	72
16	53	9
16	70	83
16	159	40
16	50	75
16	37	91
16	137	89
16	65	17
16	126	72
16	86	59
16	83	64
16	138	60
16	136	34
16	33	31
16	158	86
16	107	30
16	100	66
16	146	39
16	56	15
16	109	58
16	31	18
16	39	70
17	97	20
17	36	98
17	94	52
17	58	66
17	141	13
17	158	12
17	112	41
17	56	63
17	114	24
17	22	28
17	43	23
17	132	31
17	100	55
17	126	45
17	39	84
17	151	80
17	111	27
17	152	28
17	134	40
17	24	48
17	42	99
17	88	46
17	102	46
17	64	68
17	35	82
17	95	84
17	59	57
17	55	37
17	71	54
17	131	33
17	19	73
17	54	90
17	91	41
17	115	39
17	148	85
18	36	78
18	41	24
18	138	49
18	72	56
18	40	53
18	66	7
18	104	17
18	120	41
18	117	45
18	60	27
18	128	46
18	151	22
18	61	88
18	100	39
18	20	63
18	24	21
18	116	86
18	47	25
18	95	78
18	158	71
18	79	73
18	26	66
18	93	10
18	21	45
18	118	32
18	127	76
18	154	25
18	94	61
18	86	80
18	102	40
18	80	55
18	97	90
18	129	65
18	122	73
18	133	61
19	102	77
19	62	91
19	134	60
19	82	81
19	130	44
19	53	51
19	109	82
19	117	57
19	143	21
19	144	81
19	89	12
19	45	9
19	50	60
19	84	17
19	152	68
19	154	76
19	118	11
19	101	41
19	95	27
19	155	40
19	139	23
19	40	75
19	65	50
19	55	47
19	44	97
19	61	31
19	87	20
19	32	73
19	112	82
20	57	20
20	135	79
20	42	50
20	51	55
20	66	6
20	75	63
20	157	59
20	71	93
20	99	47
20	84	91
20	131	93
20	47	87
20	110	65
20	124	34
20	128	6
20	112	32
20	52	48
20	28	83
20	60	43
20	125	89
20	132	81
20	77	27
20	62	66
20	87	75
20	63	10
20	55	46
21	90	82
21	125	31
21	117	83
21	77	50
21	53	65
21	94	58
21	122	19
21	106	85
21	123	78
21	111	68
21	143	64
21	115	91
21	59	72
21	128	90
21	120	42
21	88	44
21	114	58
21	118	10
21	51	30
22	150	85
22	91	58
22	149	9
22	124	91
22	67	41
22	93	28
22	47	10
22	54	89
22	142	88
22	46	43
22	129	72
22	42	34
22	106	6
22	45	56
22	27	66
22	84	27
22	51	39
22	97	39
22	85	57
22	144	33
22	70	42
22	48	13
22	159	44
22	110	35
22	78	51
22	148	13
22	137	79
22	53	28
22	33	36
22	98	48
22	41	11
22	50	85
22	156	41
23	80	74
23	154	24
23	98	26
23	105	24
23	91	31
23	56	91
23	54	31
23	109	31
23	86	65
23	79	26
23	88	72
23	158	18
23	53	31
23	63	19
23	133	96
23	150	94
23	48	23
23	28	67
23	114	8
23	65	68
23	40	54
23	111	58
23	57	16
23	118	18
23	51	41
23	34	17
23	151	7
23	26	68
23	70	99
23	32	52
24	64	50
24	107	20
24	59	77
24	126	56
24	152	37
24	129	33
24	148	88
24	151	5
24	87	80
24	93	47
24	66	46
24	70	76
24	76	69
24	147	13
24	100	95
24	63	33
24	48	48
24	135	36
24	49	83
24	137	65
24	83	84
24	71	23
24	65	21
24	119	54
24	134	25
24	130	6
24	57	78
24	78	44
24	99	87
24	33	57
24	62	58
24	103	51
25	156	71
25	68	81
25	138	34
25	116	90
25	54	75
25	76	80
25	53	18
25	42	65
25	59	41
25	115	5
25	132	34
25	61	7
25	102	13
25	106	93
25	129	48
25	71	25
25	66	17
25	153	48
25	80	86
25	26	38
25	65	93
25	34	99
25	32	64
25	131	68
25	140	77
25	49	46
25	133	55
25	142	25
25	69	29
25	107	9
26	121	68
26	64	100
26	88	83
26	122	7
26	132	48
26	52	38
26	97	17
26	112	42
26	152	20
26	29	88
26	138	93
26	143	82
26	107	63
26	133	19
26	104	8
26	92	44
26	28	10
26	65	77
26	126	51
26	79	66
26	105	51
26	127	82
26	74	16
26	72	96
26	66	56
26	76	50
27	119	44
27	57	25
27	157	77
27	50	50
27	58	21
27	83	84
27	101	73
27	131	96
27	94	60
27	86	74
27	99	19
27	154	67
27	124	15
27	72	67
27	104	19
27	123	52
27	63	26
27	56	69
27	93	12
27	103	55
27	62	45
28	73	10
28	53	56
28	83	67
28	145	63
28	122	61
28	125	48
28	139	35
28	71	38
28	57	35
28	69	9
28	105	73
28	148	77
28	98	53
28	61	85
28	68	77
28	134	57
28	63	52
28	35	85
28	118	85
28	38	5
28	37	27
28	155	43
28	45	54
28	46	91
28	136	39
28	142	54
28	33	68
28	39	55
28	92	96
28	86	93
29	70	54
29	30	61
29	65	84
29	101	69
29	123	44
29	87	17
29	50	8
29	72	41
29	95	52
29	126	71
29	159	9
29	136	51
29	91	73
29	115	44
29	108	19
29	135	87
29	148	53
29	33	64
29	75	63
29	53	28
29	119	22
29	120	81
29	85	38
29	86	9
29	89	72
29	64	78
29	131	52
29	133	94
29	157	86
29	109	44
29	63	44
29	56	88
29	110	60
29	37	74
29	81	24
29	156	16
30	63	27
30	100	60
30	158	94
30	72	20
30	74	26
30	137	10
30	77	52
30	120	26
30	157	6
30	140	96
30	123	27
30	159	32
30	39	77
30	84	57
30	88	61
30	92	27
30	57	14
30	126	29
30	90	98
30	125	75
30	34	15
30	145	69
30	103	21
30	67	74
30	87	55
31	141	51
31	120	23
31	149	7
31	51	12
31	79	74
31	96	8
31	74	11
31	48	7
31	153	34
31	156	45
31	94	85
31	59	32
31	83	99
31	136	47
31	110	62
31	78	86
31	101	15
31	73	97
31	50	39
31	112	38
31	122	49
31	126	85
31	67	22
31	71	30
31	144	35
32	111	17
32	78	90
32	57	62
32	72	29
32	101	84
32	117	81
32	56	84
32	156	8
32	158	87
32	116	88
32	106	61
32	58	16
32	84	83
32	54	55
32	77	38
32	90	97
32	107	50
32	136	53
32	149	26
32	124	15
32	131	57
32	121	61
32	80	84
32	142	70
32	147	60
32	53	28
32	94	15
33	156	67
33	90	41
33	101	70
33	73	78
33	62	62
33	63	34
33	121	50
33	69	44
33	103	86
33	56	29
33	100	43
33	151	10
33	54	88
33	149	99
33	57	28
33	105	38
33	80	21
33	40	75
33	59	33
33	67	94
33	58	96
33	113	30
33	88	78
33	138	10
33	145	6
33	124	46
33	71	94
34	62	37
34	130	47
34	79	8
34	61	66
34	94	43
34	158	80
34	138	15
34	145	37
34	159	67
34	132	24
34	99	53
34	148	47
34	56	71
34	57	67
34	143	7
34	142	90
34	120	33
34	155	48
34	55	55
34	112	91
34	72	20
34	125	87
34	157	61
35	134	43
35	78	9
35	130	84
35	109	45
35	123	20
35	74	16
35	71	86
35	76	18
35	114	39
35	156	41
35	93	15
35	40	59
35	69	29
35	129	22
35	143	11
35	145	20
35	59	89
35	128	30
35	135	90
35	148	16
35	138	97
35	52	75
35	141	7
35	125	95
35	117	16
35	158	54
35	137	77
35	98	41
35	77	15
35	91	54
35	92	94
36	85	46
36	86	12
36	67	85
36	121	14
36	81	75
36	154	81
36	97	15
36	102	95
36	70	94
36	131	16
36	140	93
36	100	13
36	62	60
36	103	16
36	142	74
36	56	11
36	108	55
36	57	26
36	65	20
36	53	78
36	159	63
36	134	68
36	77	78
37	92	56
37	148	90
37	122	18
37	97	23
37	99	98
37	66	29
37	108	35
37	39	88
37	96	77
37	111	20
37	125	47
37	94	86
37	103	37
37	112	31
37	82	84
37	132	76
37	42	64
37	144	31
37	130	52
38	129	21
38	136	19
38	85	73
38	56	40
38	157	16
38	139	38
38	64	80
38	77	80
38	149	47
38	128	56
38	72	75
38	74	33
38	112	7
38	86	94
38	108	93
38	148	64
38	43	35
38	87	59
38	120	7
38	150	19
38	114	23
38	104	87
38	143	15
38	96	66
38	88	55
38	142	100
38	144	98
38	140	73
38	80	9
38	97	61
39	158	99
39	109	76
39	153	17
39	130	86
39	83	78
39	142	18
39	41	24
39	92	10
39	150	7
39	86	67
39	94	49
39	97	66
39	77	40
39	116	43
39	99	84
39	108	51
39	119	17
39	120	49
39	135	19
39	65	56
39	103	28
39	112	71
39	118	24
39	66	7
39	137	93
39	93	36
39	61	18
39	75	58
39	117	20
39	111	24
39	113	82
39	76	91
39	123	27
39	62	8
39	69	47
39	81	88
39	125	56
39	72	80
39	147	34
40	152	82
40	77	20
40	147	41
40	111	98
40	83	61
40	46	24
40	45	15
40	47	6
40	43	46
40	58	83
40	100	23
40	50	95
40	150	67
40	72	6
40	61	66
40	63	59
40	69	53
40	76	77
40	112	22
40	139	7
40	130	49
40	137	78
40	159	89
40	146	41
40	52	83
40	107	31
40	49	93
40	104	65
40	119	15
41	58	33
41	80	62
41	134	53
41	119	89
41	141	31
41	145	24
41	70	87
41	101	14
41	49	39
41	144	6
41	148	97
41	105	95
41	123	75
41	52	52
41	81	98
41	47	12
41	120	50
41	152	20
41	95	15
42	110	83
42	134	92
42	155	83
42	157	48
42	132	45
42	44	8
42	149	95
42	77	9
42	95	41
42	144	74
42	62	40
42	104	82
42	123	47
42	79	62
42	71	80
42	142	35
42	143	53
42	46	9
42	73	71
42	93	20
43	115	66
43	151	98
43	88	78
43	153	96
43	101	9
43	46	52
43	125	46
43	127	43
43	121	11
43	73	36
43	69	35
43	123	33
43	117	57
43	116	48
43	138	68
43	44	54
43	119	29
43	83	27
43	84	87
43	135	64
43	72	30
43	132	64
43	50	93
44	62	6
44	74	96
44	102	60
44	151	89
44	70	64
44	46	78
44	108	74
44	93	80
44	106	58
44	154	78
44	99	54
44	134	33
44	114	69
44	121	46
44	109	29
44	115	52
44	157	83
44	117	25
44	138	84
44	64	75
44	92	95
44	82	44
44	49	35
44	158	76
44	123	59
45	129	6
45	116	58
45	64	10
45	70	75
45	135	13
45	102	76
45	94	46
45	76	25
45	105	79
45	54	56
45	110	34
45	120	19
45	111	52
45	123	35
45	145	67
45	63	28
45	93	45
45	72	58
45	84	64
45	146	41
45	47	35
46	111	17
46	47	10
46	134	65
46	94	66
46	149	74
46	98	80
46	76	96
46	147	34
46	136	37
46	158	34
46	89	85
46	96	24
46	69	14
46	142	79
46	68	6
46	130	43
46	127	56
46	49	54
46	157	27
46	63	67
46	85	18
47	123	53
47	147	17
47	157	22
47	112	93
47	125	92
47	118	57
47	100	100
47	119	86
47	145	31
47	108	19
47	93	44
47	92	83
47	85	94
47	54	91
47	60	41
47	98	54
47	130	36
48	121	80
48	72	82
48	152	6
48	74	83
48	118	69
48	147	51
48	105	61
48	91	28
48	110	53
48	143	96
48	69	72
48	67	45
48	106	38
48	133	24
48	115	77
48	122	69
48	53	22
48	87	46
48	92	35
48	127	66
48	146	18
48	140	67
48	77	65
48	88	21
48	109	59
49	124	55
49	139	77
49	143	91
49	67	88
49	66	21
49	104	47
49	132	75
49	148	48
49	150	9
49	125	81
49	122	5
49	72	92
49	93	90
49	127	41
49	149	13
49	157	26
49	50	6
49	87	57
49	62	61
49	140	40
49	85	76
50	93	14
50	68	27
50	99	43
50	115	27
50	130	55
50	150	14
50	51	49
50	92	58
50	113	47
50	145	36
50	159	86
50	158	46
50	87	76
50	124	87
50	58	69
50	121	94
50	122	49
50	67	93
50	75	22
50	138	63
51	139	15
51	73	79
51	103	18
51	151	14
51	145	17
51	74	22
51	97	54
51	56	79
51	88	8
51	99	62
51	84	89
51	137	39
51	94	33
51	96	74
51	152	88
51	72	8
51	83	76
51	112	89
51	62	91
51	86	86
52	97	73
52	112	82
52	86	34
52	124	50
52	146	10
52	123	74
52	121	29
52	117	16
52	130	95
52	152	10
52	87	25
52	157	38
52	151	38
52	154	82
52	119	99
52	159	59
52	113	9
52	144	53
53	87	48
53	139	36
53	141	50
53	113	56
53	152	95
53	137	48
53	115	52
53	159	78
53	132	23
53	144	12
53	156	38
53	151	62
53	102	22
53	124	28
53	131	87
53	91	32
53	118	80
53	56	75
53	65	37
54	84	93
54	80	48
54	95	61
54	89	8
54	119	82
54	155	23
54	149	37
54	120	58
54	72	70
54	123	36
54	122	90
54	65	50
54	97	86
54	115	72
54	113	6
54	59	46
54	93	49
54	56	91
55	103	18
55	95	94
55	106	98
55	89	80
55	116	73
55	158	10
55	108	13
55	151	64
55	75	81
55	110	49
55	123	76
55	147	73
55	56	56
55	134	34
55	100	60
55	86	79
55	127	26
55	84	35
55	138	22
55	85	54
55	156	54
55	91	64
55	135	31
55	150	31
55	133	14
56	130	82
56	84	23
56	152	82
56	110	48
56	111	31
56	74	53
56	113	41
56	121	65
56	102	37
56	157	13
56	126	87
56	76	90
56	131	79
56	78	57
56	114	92
56	83	52
56	109	99
57	134	37
57	85	56
57	111	80
57	84	99
57	154	18
57	122	44
57	135	24
57	59	98
57	113	67
57	75	63
57	119	67
57	87	84
57	106	76
57	89	14
57	129	99
57	142	63
57	157	81
57	118	32
58	100	15
58	60	9
58	64	15
58	126	61
58	89	80
58	143	59
58	120	22
58	130	24
58	123	80
58	148	60
58	67	61
58	145	11
58	62	72
58	127	91
58	121	20
58	152	34
58	107	59
58	117	90
59	105	60
59	154	49
59	136	12
59	148	67
59	153	17
59	111	46
59	96	98
59	144	7
59	92	68
59	103	64
59	89	73
59	117	93
59	86	79
59	97	74
59	76	93
59	127	91
59	133	95
59	159	75
59	140	25
59	145	90
59	134	85
59	138	47
59	73	37
59	121	100
59	69	15
59	102	91
59	106	19
60	102	69
60	136	53
60	132	64
60	108	30
60	129	81
60	90	61
60	133	42
60	96	26
60	61	90
60	123	51
60	122	69
60	112	87
60	116	49
60	105	86
60	92	88
60	81	82
60	121	78
60	89	91
60	77	32
60	104	60
60	86	37
60	117	20
60	135	41
61	81	94
61	153	6
61	78	92
61	87	16
61	140	90
61	159	19
61	130	68
61	118	6
61	111	22
61	86	93
61	136	32
61	142	90
61	126	54
61	80	86
61	62	100
61	143	88
61	106	88
61	128	15
61	154	92
62	153	56
62	102	78
62	137	84
62	121	39
62	141	50
62	104	58
62	122	82
62	138	76
62	100	7
62	133	73
62	68	90
62	117	18
62	80	6
62	154	47
62	81	45
62	73	64
62	128	81
62	130	63
62	140	94
62	82	11
63	102	91
63	108	8
63	103	87
63	138	17
63	67	15
63	118	21
63	141	16
63	143	11
63	122	38
63	147	76
63	70	86
63	151	63
63	97	21
63	80	84
64	129	34
64	89	40
64	121	23
64	108	25
64	123	39
64	144	58
64	122	31
64	96	80
64	75	57
64	70	69
64	117	95
64	142	29
64	99	11
64	102	23
64	107	98
64	134	72
64	97	84
64	153	30
64	130	57
64	152	77
64	87	78
65	152	90
65	130	74
65	114	44
65	121	92
65	107	25
65	86	61
65	145	18
65	91	68
65	103	21
65	66	51
65	134	8
65	148	50
65	71	62
65	151	26
65	69	22
65	83	70
65	78	48
65	155	47
65	95	59
65	140	97
65	119	26
65	154	88
65	74	97
65	146	51
66	86	11
66	147	43
66	148	100
66	125	18
66	101	80
66	108	38
66	107	74
66	140	86
66	127	11
66	137	47
66	83	41
66	85	94
66	106	81
66	89	15
66	149	97
66	91	62
66	152	70
66	157	66
66	139	33
66	141	73
67	136	88
67	118	62
67	146	20
67	149	97
67	129	91
67	158	88
67	127	79
67	101	50
67	107	50
67	96	79
67	125	26
67	73	74
67	87	27
67	112	86
67	134	25
68	135	99
68	140	7
68	104	37
68	133	71
68	117	33
68	139	33
68	146	38
68	98	84
68	90	50
68	130	60
68	142	99
68	73	20
68	116	84
68	125	18
68	91	6
68	138	72
68	92	10
68	69	23
69	132	67
69	109	79
69	130	99
69	128	32
69	89	67
69	121	96
69	141	60
69	136	76
69	74	48
69	108	35
69	131	6
69	147	64
69	119	99
69	129	69
69	143	90
69	78	62
69	93	87
70	145	49
70	96	23
70	108	83
70	152	64
70	126	65
70	92	67
70	147	25
70	143	20
70	112	42
70	111	31
70	117	91
70	103	61
70	78	64
70	123	12
70	127	80
70	71	6
70	129	70
70	141	41
71	91	40
71	138	20
71	73	82
71	110	73
71	141	64
71	152	28
71	133	71
71	128	81
71	107	52
71	132	57
71	108	90
71	105	86
71	89	71
71	106	85
71	156	48
71	84	99
71	97	60
72	94	76
72	133	8
72	136	63
72	158	7
72	147	22
72	95	11
72	131	95
72	144	69
72	117	99
72	76	16
72	97	63
72	140	8
72	126	6
72	116	15
72	115	66
72	101	96
72	88	56
73	156	8
73	147	94
73	124	72
73	140	7
73	137	11
73	135	87
73	145	98
73	75	65
73	128	50
73	77	68
73	110	23
73	78	34
73	131	62
73	96	51
73	82	89
73	107	83
73	111	26
73	115	39
73	146	34
74	120	6
74	92	11
74	96	55
74	139	23
74	130	41
74	151	90
74	101	5
74	141	53
74	95	38
74	121	17
74	132	6
74	116	33
74	109	77
74	122	28
74	125	22
74	106	82
74	126	57
74	123	97
74	149	16
74	137	54
74	114	29
74	127	43
75	100	67
75	115	7
75	78	64
75	153	42
75	80	15
75	97	47
75	144	37
75	125	56
75	143	11
75	96	20
75	107	39
75	98	25
75	76	69
75	157	96
76	103	35
76	140	46
76	93	66
76	138	74
76	98	70
76	149	60
76	110	27
76	115	68
76	136	41
76	147	66
76	112	95
76	141	11
76	150	79
76	96	43
76	145	22
76	100	30
77	105	44
77	103	86
77	150	45
77	143	11
77	96	79
77	100	8
77	148	23
77	113	23
77	133	11
77	146	18
77	125	77
77	106	55
77	156	80
77	87	75
77	85	27
77	141	41
77	155	93
78	102	17
78	123	92
78	134	79
78	104	30
78	81	99
78	107	82
78	112	88
78	142	55
78	127	66
78	159	70
78	130	38
78	143	73
78	82	51
78	136	29
78	139	99
78	124	80
78	100	13
79	129	76
79	126	86
79	131	39
79	105	9
79	99	51
79	138	53
79	82	96
79	86	13
79	134	74
79	130	48
79	139	10
79	80	49
79	149	60
79	108	86
79	103	5
79	156	99
79	96	54
79	132	53
79	147	76
79	145	17
79	128	100
79	137	30
80	98	85
80	126	46
80	100	84
80	155	30
80	104	44
80	118	38
80	142	82
80	137	85
80	129	62
80	134	81
80	96	68
81	144	63
81	108	28
81	155	86
81	124	38
81	151	29
81	112	99
81	119	24
81	158	51
81	139	85
81	106	42
81	100	35
81	105	72
81	152	94
81	121	15
81	159	24
81	120	5
81	157	10
81	149	70
81	138	74
81	118	82
81	132	12
81	89	12
82	136	99
82	101	97
82	150	34
82	106	57
82	126	25
82	123	24
82	99	100
82	89	92
82	157	21
82	87	42
82	146	22
82	149	45
82	100	9
82	84	51
82	108	83
82	133	37
82	96	64
82	154	66
82	116	19
83	159	44
83	114	28
83	102	19
83	116	91
83	117	85
83	101	96
83	135	99
83	125	18
83	139	16
83	89	49
83	90	88
83	87	82
83	126	13
83	92	40
83	158	47
83	141	39
83	140	94
84	152	32
84	134	89
84	122	72
84	137	20
84	150	77
84	106	61
84	129	96
84	140	10
84	118	39
84	130	61
84	91	33
84	142	76
84	141	71
84	85	70
84	155	84
84	149	87
84	146	43
84	92	40
84	105	26
84	87	98
84	147	36
85	146	52
85	119	90
85	115	21
85	136	91
85	104	98
85	89	66
85	123	18
85	93	15
85	91	22
85	130	62
85	120	68
85	126	67
85	109	21
85	94	49
85	95	98
85	150	93
85	151	26
86	146	29
86	113	8
86	144	88
86	90	97
86	154	21
86	132	14
86	103	52
86	111	75
86	159	21
86	129	25
86	115	31
86	98	53
86	89	99
86	118	84
86	125	15
87	128	60
87	156	22
87	111	61
87	120	35
87	114	34
87	134	71
87	143	61
87	158	23
87	127	51
87	157	54
87	126	19
88	134	16
88	116	9
88	127	74
88	154	42
88	146	10
88	132	25
88	123	27
88	89	84
88	106	51
88	115	85
88	113	39
88	156	52
88	110	85
89	111	62
89	113	73
89	148	93
89	107	38
89	156	28
89	131	41
89	94	52
89	124	29
89	140	76
89	122	94
89	118	32
89	155	16
89	149	80
90	140	33
90	133	37
90	143	14
90	129	75
90	123	75
90	115	93
90	121	38
90	145	19
90	132	42
90	153	12
90	97	20
90	152	47
90	94	92
90	148	6
90	118	37
90	93	49
90	110	57
91	139	13
91	125	76
91	114	42
91	148	61
91	121	7
91	150	56
91	144	64
91	145	74
91	126	21
91	158	13
91	120	19
91	116	76
91	132	6
91	140	27
91	154	24
92	136	42
92	113	57
92	114	41
92	121	66
92	112	67
92	154	94
92	116	94
92	125	42
92	124	89
92	97	76
92	139	91
92	146	7
92	143	72
92	102	45
92	106	61
92	151	75
92	127	55
93	148	27
93	131	30
93	132	25
93	118	44
93	159	18
93	141	47
93	142	55
93	147	63
93	158	27
93	129	46
93	94	53
93	143	9
94	157	80
94	121	72
94	159	82
94	146	92
94	136	16
94	140	97
94	145	14
94	148	53
94	115	75
94	119	69
94	132	60
94	99	69
94	120	73
95	131	93
95	153	27
95	149	83
95	97	93
95	127	94
95	115	52
95	98	47
95	119	17
95	147	36
95	142	27
95	139	11
95	152	59
96	142	63
96	115	97
96	125	93
96	144	85
96	155	29
96	146	95
96	120	64
96	139	67
96	108	17
96	113	95
96	143	79
96	100	12
96	122	34
97	137	28
97	140	15
97	146	42
97	157	12
97	104	41
97	151	71
97	111	76
97	159	20
98	155	68
98	139	56
98	122	70
98	142	68
98	130	44
98	136	90
98	144	80
98	146	71
98	135	46
98	153	71
98	156	18
99	119	54
99	151	30
99	116	38
99	134	63
99	124	45
99	148	20
99	155	18
99	142	21
99	107	10
99	101	62
99	144	40
99	136	97
99	138	89
100	117	37
100	140	51
100	102	32
100	153	81
100	129	94
100	152	53
100	142	58
100	106	9
100	134	30
100	158	91
100	126	14
100	128	57
101	140	86
101	132	92
101	138	28
101	149	23
101	110	10
101	130	35
101	111	11
101	158	43
101	148	83
102	131	40
102	142	83
102	122	26
102	127	56
102	103	60
102	154	42
102	156	79
103	127	62
103	126	77
103	145	63
103	115	88
103	131	33
103	116	61
103	148	44
103	159	50
104	145	46
104	142	17
104	146	63
104	108	68
104	110	26
104	130	55
104	122	90
104	114	89
104	123	38
104	109	62
104	136	26
105	159	100
105	133	61
105	110	8
105	124	52
105	127	62
105	152	48
105	131	40
105	135	74
105	148	65
105	123	38
105	147	81
105	138	18
105	134	75
105	117	83
105	108	8
106	131	88
106	144	73
106	130	92
106	111	58
106	156	81
106	140	38
106	137	49
106	135	79
106	159	26
106	153	16
106	149	16
107	124	85
107	127	64
107	152	8
107	141	97
107	114	45
107	133	7
107	145	12
107	148	90
108	130	32
108	157	59
108	125	30
108	140	37
108	109	81
108	135	77
108	151	71
108	137	81
108	154	82
108	149	45
108	147	5
108	123	79
109	150	85
109	138	95
109	128	60
109	142	97
109	133	55
109	154	42
109	153	95
110	128	52
110	136	39
110	159	24
110	115	83
110	114	16
110	129	92
110	132	88
111	129	90
111	158	63
111	135	66
111	151	55
111	147	11
111	134	78
111	112	51
111	138	69
111	114	98
112	136	29
112	116	10
112	139	46
112	114	47
113	142	28
113	132	86
113	150	6
113	115	83
113	146	77
113	130	52
113	151	35
113	137	12
113	140	61
113	139	10
113	119	7
114	137	93
114	134	97
114	157	27
114	146	10
114	135	42
114	141	86
114	117	63
114	115	43
114	144	50
115	144	94
115	148	44
115	158	93
115	132	99
115	119	34
115	117	90
115	152	17
115	156	24
116	154	30
116	158	75
116	120	6
116	150	19
116	148	95
116	126	48
116	133	62
116	142	42
116	129	72
116	137	64
117	136	39
117	156	81
117	148	41
117	140	65
117	135	32
117	155	83
117	158	7
117	150	21
118	141	64
118	150	7
118	155	79
118	121	99
118	153	24
118	122	100
118	159	82
118	124	95
118	125	45
119	136	20
119	137	43
119	145	83
119	155	73
119	151	89
119	146	63
119	120	42
119	125	100
119	121	39
120	157	94
120	138	8
120	137	82
120	126	11
120	152	56
120	145	30
120	130	58
120	141	20
120	127	97
120	121	28
120	154	50
121	155	99
121	122	45
121	158	20
121	128	13
121	151	90
121	129	64
121	132	83
121	150	66
121	149	30
122	157	61
122	142	65
122	154	18
122	143	49
122	127	30
122	147	15
123	148	59
123	152	30
123	141	87
123	156	96
123	149	58
123	133	73
123	144	46
124	145	61
124	151	95
124	159	94
124	147	27
124	157	29
124	152	70
124	149	34
125	144	18
125	146	79
125	153	8
125	150	70
125	151	17
126	159	26
126	149	36
126	158	52
126	127	32
127	159	59
127	144	7
127	148	77
127	129	59
128	157	33
128	129	35
128	156	18
128	133	49
128	147	62
128	153	35
128	149	11
128	148	8
128	158	71
129	159	17
129	153	42
129	136	88
129	130	37
130	156	16
130	157	91
131	151	36
131	149	80
131	133	55
131	152	75
131	142	77
131	154	25
132	155	14
132	158	35
132	144	79
133	134	68
133	138	23
133	136	8
133	137	52
133	155	95
133	145	21
134	139	39
134	135	28
134	159	67
134	153	54
135	157	74
135	155	43
135	153	17
135	141	27
135	138	53
135	136	22
136	143	87
137	159	65
137	154	50
137	142	83
138	155	55
138	158	90
139	159	91
139	156	44
140	144	41
140	158	58
140	146	93
142	150	56
142	153	78
142	152	81
143	144	35
143	156	42
145	151	62
145	153	48
146	151	59
147	152	11
147	151	90
147	149	64
148	150	88
149	153	32
150	153	58
150	156	85
151	152	37
152	157	36
153	154	38
153	155	10
153	156	99
154	158	36
156	157	47
157	158	17
