NAME: W_SPARSE_120_60
n: 120
m: 3600
0	76	18
0	119	6
0	56	25
0	63	43
0	86	12
0	51	41
0	4	70
0	62	81
0	71	33
0	73	44
0	77	63
0	64	39
0	35	51
0	44	5
0	61	66
0	70	57
0	39	40
0	47	91
0	6	41
0	83	44
0	36	83
0	46	44
0	60	26
0	112	60
0	50	99
0	58	54
0	85	89
0	114	25
0	9	29
0	40	48
0	8	26
0	81	36
0	117	79
0	106	71
0	38	11
0	15	10
0	32	96
0	10	84
0	78	90
0	7	90
0	34	51
0	109	67
0	75	18
0	49	35
0	42	35
0	37	23
0	69	70
0	1	11
0	68	81
0	95	48
0	14	43
0	67	11
0	87	48
0	116	62
0	100	100
0	27	10
0	89	89
1	34	91
1	59	20
1	83	56
1	3	75
1	89	70
1	51	81
1	119	97
1	42	64
1	54	92
1	72	74
1	47	30
1	55	31
1	84	75
1	9	59
1	61	20
1	90	71
1	4	52
1	36	89
1	62	71
1	73	69
1	33	93
1	118	75
1	43	13
1	81	54
1	68	44
1	66	53
1	71	10
1	74	94
1	38	28
1	13	35
1	111	32
1	105	6
1	35	37
1	115	67
1	19	79
1	109	32
1	58	68
1	37	56
1	45	42
1	76	36
1	75	91
1	50	82
1	79	48
1	116	45
1	40	12
1	56	91
1	65	75
1	106	15
1	44	59
1	7	27
1	10	31
1	112	38
1	12	46
1	104	10
1	11	64
1	80	30
1	103	80
1	67	14
1	26	25
1	24	91
1	78	58
2	80	81
2	83	70
2	65	33
2	34	49
2	4	54
2	44	13
2	49	16
2	87	14
2	67	77
2	48	67
2	76	20
2	71	16
2	51	88
2	42	74
2	116	80
2	33	61
2	54	80
2	72	66
2	39	76
2	113	91
2	11	99
2	78	50
2	114	92
2	61	95
2	14	68
2	79	44
2	3	26
2	89	77
2	118	70
2	50	37
2	82	79
2	108	47
2	6	57
2	10	11
2	52	98
2	77	71
2	119	16
2	16	13
2	12	81
2	20	49
2	9	98
2	38	89
2	115	93
2	17	76
2	47	19
2	90	71
2	111	46
2	55	53
2	26	83
2	112	76
2	45	17
2	5	29
2	101	49
2	98	31
2	21	78
2	69	25
2	70	77
2	104	20
2	102	99
2	103	54
2	28	76
2	66	7
2	56	27
2	94	43
3	72	19
3	92	18
3	56	29
3	59	99
3	63	57
3	68	41
3	69	58
3	64	78
3	36	91
3	50	67
3	34	8
3	51	75
3	67	98
3	88	27
3	11	88
3	55	73
3	6	36
3	116	76
3	87	48
3	4	25
3	76	82
3	16	45
3	115	59
3	13	74
3	52	82
3	14	39
3	70	7
3	71	59
3	12	55
3	43	15
3	49	63
3	45	16
3	38	6
3	109	27
3	8	11
3	107	59
3	112	90
3	48	65
3	7	9
3	77	45
3	40	38
3	20	17
3	110	9
3	66	38
3	113	90
3	54	15
3	37	14
3	78	79
3	18	61
3	103	90
3	106	78
3	83	65
3	73	83
3	80	70
3	99	55
3	5	51
3	30	16
3	39	43
3	19	48
3	47	78
3	102	89
3	28	94
4	88	87
4	39	14
4	67	25
4	71	77
4	86	11
4	82	90
4	42	83
4	36	70
4	61	36
4	43	19
4	8	9
4	35	70
4	47	28
4	63	44
4	119	44
4	65	17
4	80	77
4	84	34
4	48	34
4	58	42
4	64	87
4	90	63
4	78	57
4	72	55
4	114	37
4	76	11
4	7	80
4	52	82
4	79	55
4	38	7
4	17	29
4	13	54
4	45	83
4	11	81
4	21	94
4	108	69
4	51	11
4	74	50
4	106	13
4	93	47
4	110	62
4	104	63
4	92	62
4	117	11
4	75	54
4	85	8
4	26	6
4	87	30
4	15	17
4	101	26
4	54	67
4	40	17
4	97	21
4	10	80
4	34	80
5	44	27
5	47	17
5	42	15
5	92	13
5	50	39
5	65	89
5	54	84
5	37	20
5	46	30
5	71	85
5	74	57
5	94	21
5	57	90
5	83	78
5	93	42
5	80	97
5	51	69
5	10	30
5	87	25
5	55	47
5	61	41
5	67	34
5	70	96
5	38	8
5	78	88
5	114	41
5	56	32
5	76	40
5	7	64
5	41	33
5	91	33
5	88	81
5	53	68
5	22	81
5	113	56
5	117	55
5	68	56
5	69	13
5	85	26
5	63	63
5	8	12
5	72	59
5	60	84
5	18	14
5	13	23
5	75	62
5	9	29
5	12	33
5	81	53
5	109	56
5	40	25
5	24	59
5	73	10
5	90	51
5	84	9
5	89	12
5	21	18
5	26	89
5	49	49
5	101	73
5	108	27
6	57	87
6	64	96
6	77	34
6	7	83
6	90	19
6	84	75
6	82	40
6	66	98
6	86	75
6	9	14
6	42	51
6	92	49
6	87	58
6	49	56
6	74	87
6	38	14
6	15	24
6	94	82
6	89	68
6	52	95
6	55	66
6	68	94
6	45	74
6	63	84
6	76	7
6	13	43
6	47	74
6	12	69
6	44	6
6	65	27
6	75	60
6	83	55
6	50	59
6	14	99
6	37	9
6	20	53
6	21	77
6	110	65
6	40	91
6	115	59
6	25	65
6	67	89
6	72	21
6	73	10
6	108	56
6	111	15
6	114	17
6	59	25
6	116	46
6	54	68
6	8	12
6	60	89
6	24	92
6	46	25
6	91	30
6	58	80
6	102	17
6	98	21
6	30	41
6	97	80
7	39	9
7	92	73
7	44	63
7	88	89
7	41	86
7	10	82
7	96	30
7	93	68
7	12	17
7	46	50
7	81	99
7	94	7
7	40	44
7	48	7
7	76	36
7	95	70
7	38	93
7	55	69
7	45	97
7	85	12
7	70	34
7	42	28
7	86	49
7	83	35
7	91	26
7	50	24
7	90	49
7	79	65
7	118	60
7	16	48
7	62	18
7	111	44
7	58	36
7	77	61
7	21	68
7	52	35
7	119	73
7	60	27
7	69	32
7	117	9
7	56	39
7	116	38
7	105	68
7	104	93
7	109	26
7	47	67
7	102	45
7	114	92
8	67	91
8	95	62
8	39	46
8	42	91
8	52	10
8	45	23
8	54	10
8	81	84
8	43	56
8	48	15
8	83	62
8	94	53
8	70	66
8	14	49
8	59	91
8	69	79
8	64	13
8	53	20
8	63	49
8	97	56
8	49	83
8	50	87
8	15	97
8	79	75
8	92	52
8	117	34
8	96	67
8	44	87
8	65	64
8	73	71
8	82	87
8	9	15
8	10	21
8	62	6
8	47	94
8	80	61
8	119	48
8	77	94
8	11	71
8	25	83
8	26	29
8	60	83
8	21	63
8	76	78
8	17	27
8	13	22
8	68	29
8	75	17
8	28	11
8	30	62
8	116	23
8	55	41
8	61	84
8	103	59
8	111	97
8	46	66
8	88	41
8	108	21
8	36	9
8	29	54
8	78	15
8	107	68
9	55	17
9	40	93
9	67	13
9	73	40
9	61	30
9	69	43
9	71	63
9	98	95
9	65	20
9	74	96
9	13	24
9	11	91
9	14	20
9	85	70
9	94	27
9	15	67
9	88	20
9	44	66
9	77	19
9	81	88
9	68	81
9	92	59
9	53	86
9	93	53
9	57	14
9	22	69
9	66	83
9	63	67
9	75	30
9	25	37
9	90	14
9	64	45
9	19	13
9	28	90
9	87	75
9	107	97
9	95	78
9	78	10
9	111	31
9	83	50
9	112	48
9	118	66
9	12	21
9	86	31
9	29	75
9	58	70
9	108	89
9	30	25
9	26	80
9	100	10
10	59	15
10	86	66
10	48	87
10	99	51
10	77	70
10	58	35
10	89	84
10	49	65
10	47	44
10	79	50
10	68	93
10	88	44
10	41	92
10	97	51
10	15	45
10	53	29
10	73	69
10	57	81
10	90	22
10	63	40
10	20	36
10	93	46
10	72	94
10	98	26
10	62	36
10	82	86
10	43	87
10	84	69
10	55	57
10	24	33
10	96	64
10	56	70
10	81	48
10	70	28
10	51	65
10	91	42
10	60	62
10	16	25
10	45	63
10	66	78
10	74	53
10	52	22
10	28	77
10	67	93
10	94	97
10	117	87
10	33	48
10	78	90
10	87	56
10	46	15
10	26	8
10	54	72
10	80	76
10	103	76
10	112	21
10	64	58
10	39	31
11	79	39
11	49	11
11	69	19
11	94	69
11	84	81
11	66	19
11	95	48
11	62	33
11	43	49
11	15	45
11	72	38
11	88	76
11	42	38
11	67	18
11	68	97
11	18	18
11	98	37
11	45	100
11	75	55
11	13	32
11	19	46
11	83	48
11	97	22
11	22	31
11	48	5
11	65	32
11	21	49
11	73	46
11	25	74
11	76	55
11	87	79
11	96	23
11	117	59
11	57	62
11	78	55
11	52	51
11	53	40
11	115	19
11	71	47
11	112	80
11	77	16
11	99	30
11	100	83
11	20	71
11	92	35
11	51	39
11	89	76
11	109	82
11	47	67
11	56	33
11	24	79
11	58	24
11	113	65
11	116	26
11	102	35
12	73	8
12	83	39
12	90	100
12	14	64
12	52	26
12	15	53
12	88	62
12	49	57
12	62	36
12	70	68
12	16	88
12	44	35
12	56	93
12	68	25
12	86	51
12	79	77
12	48	77
12	22	84
12	101	44
12	84	12
12	94	65
12	74	56
12	60	54
12	96	82
12	69	76
12	19	31
12	80	83
12	55	74
12	18	45
12	72	69
12	24	68
12	92	9
12	58	97
12	30	17
12	118	30
12	87	96
12	31	79
12	98	27
12	33	35
12	67	43
12	82	18
12	27	16
12	51	100
12	119	83
12	43	9
12	91	13
12	111	41
12	61	25
12	106	53
12	107	72
12	99	28
12	38	22
12	114	82
12	117	8
12	25	68
12	46	97
12	103	79
13	76	24
13	45	54
13	15	82
13	55	30
13	75	36
13	72	82
13	80	70
13	47	26
13	70	64
13	46	26
13	69	46
13	52	27
13	53	94
13	61	95
13	77	78
13	66	24
13	99	50
13	81	23
13	84	61
13	44	63
13	20	78
13	64	41
13	22	33
13	78	62
13	24	100
13	58	77
13	18	11
13	26	84
13	48	92
13	116	25
13	71	49
13	73	8
13	91	6
13	119	99
13	101	62
13	79	31
13	35	98
13	33	25
13	28	52
13	113	55
13	117	26
13	92	75
13	68	47
13	114	40
13	74	41
13	25	95
13	16	55
13	27	44
13	115	32
13	97	82
13	19	12
14	75	29
14	57	13
14	58	90
14	72	5
14	89	66
14	61	44
14	92	15
14	73	73
14	90	64
14	91	46
14	46	40
14	15	74
14	17	70
14	56	6
14	47	30
14	82	22
14	80	29
14	85	77
14	87	77
14	88	78
14	97	77
14	100	19
14	55	15
14	68	87
14	76	18
14	63	76
14	99	18
14	53	18
14	59	14
14	96	21
14	65	79
14	25	34
14	69	69
14	64	99
14	118	55
14	45	22
14	27	69
14	101	36
14	62	88
14	49	55
14	22	70
14	26	15
14	95	20
14	74	98
14	29	17
14	70	32
14	81	69
14	43	23
14	21	48
15	99	78
15	54	19
15	75	67
15	93	19
15	102	35
15	20	43
15	104	93
15	19	41
15	50	53
15	80	5
15	68	21
15	76	79
15	95	48
15	103	21
15	16	21
15	88	83
15	58	36
15	51	62
15	64	21
15	98	59
15	78	98
15	89	23
15	30	9
15	62	98
15	85	88
15	53	96
15	79	30
15	91	32
15	94	16
15	47	68
15	92	42
15	22	71
15	21	80
15	71	82
15	57	48
15	72	51
15	18	42
15	96	92
15	74	71
15	86	86
15	112	71
15	31	67
15	56	24
15	116	41
15	37	15
15	60	28
15	67	31
15	119	97
15	109	98
15	113	17
16	75	60
16	74	16
16	76	23
16	70	27
16	69	24
16	56	52
16	17	56
16	99	98
16	47	33
16	63	69
16	64	39
16	72	73
16	87	95
16	52	98
16	68	84
16	48	10
16	100	98
16	94	100
16	86	49
16	21	39
16	81	24
16	102	75
16	77	73
16	58	6
16	80	43
16	91	22
16	78	60
16	34	72
16	19	33
16	31	51
16	49	35
16	37	33
16	27	84
16	96	49
16	32	66
16	82	64
16	39	60
16	50	78
16	115	27
16	73	42
16	79	36
16	85	35
16	33	73
16	28	14
16	95	70
16	90	76
16	118	14
16	110	47
16	30	72
16	93	31
16	113	89
17	50	34
17	82	87
17	84	12
17	18	99
17	106	83
17	59	90
17	94	95
17	53	41
17	83	73
17	22	78
17	58	84
17	93	32
17	69	78
17	72	16
17	88	79
17	73	76
17	105	61
17	68	87
17	61	60
17	104	55
17	98	36
17	57	76
17	80	32
17	85	70
17	48	66
17	54	62
17	60	44
17	20	44
17	23	69
17	66	9
17	67	32
17	29	64
17	24	93
17	79	64
17	32	89
17	63	33
17	103	51
17	35	20
17	86	76
17	77	50
17	90	15
17	21	85
17	64	16
17	96	18
17	38	38
17	75	69
17	26	31
17	37	57
17	62	67
17	49	85
17	52	95
18	81	84
18	76	74
18	58	12
18	102	9
18	49	9
18	100	70
18	67	65
18	75	71
18	71	26
18	50	18
18	65	93
18	78	34
18	87	65
18	73	91
18	61	69
18	66	85
18	103	89
18	96	93
18	52	61
18	25	22
18	24	9
18	80	99
18	23	66
18	70	99
18	77	67
18	60	16
18	62	85
18	31	42
18	55	84
18	21	54
18	63	12
18	98	29
18	74	52
18	29	62
18	101	12
18	85	28
18	97	23
18	28	52
18	105	62
18	94	63
18	64	94
18	51	47
18	59	34
18	95	97
18	84	60
18	116	12
18	72	11
18	79	34
18	83	34
18	44	26
18	38	46
19	86	68
19	52	52
19	107	66
19	75	58
19	70	11
19	101	45
19	95	41
19	105	56
19	81	12
19	50	23
19	20	56
19	85	48
19	76	70
19	87	67
19	24	45
19	71	34
19	22	88
19	103	12
19	80	25
19	82	8
19	78	74
19	108	69
19	79	6
19	92	81
19	61	62
19	91	12
19	23	35
19	66	20
19	100	91
19	96	69
19	56	29
19	99	91
19	98	84
19	37	32
19	62	55
19	21	91
19	88	67
19	63	20
19	90	56
19	55	85
19	30	93
19	119	25
19	53	70
19	45	93
19	104	74
19	115	15
19	34	51
19	41	65
19	68	47
19	46	76
20	99	8
20	87	43
20	106	100
20	73	56
20	100	13
20	105	72
20	86	23
20	56	64
20	22	91
20	69	36
20	59	49
20	81	42
20	89	93
20	52	44
20	82	82
20	68	76
20	101	9
20	109	91
20	95	41
20	108	73
20	24	90
20	72	26
20	102	29
20	107	37
20	78	70
20	90	27
20	103	51
20	88	38
20	61	19
20	60	41
20	31	36
20	70	84
20	53	98
20	33	31
20	80	84
20	74	95
20	40	29
20	75	71
20	85	56
20	25	83
20	71	41
20	55	81
20	98	99
20	29	18
20	58	83
20	117	20
20	77	21
20	28	47
20	54	81
20	38	90
20	27	8
20	112	86
21	61	46
21	91	96
21	22	36
21	69	32
21	78	96
21	70	78
21	109	24
21	76	95
21	67	40
21	66	50
21	93	86
21	55	66
21	28	46
21	54	37
21	96	70
21	110	10
21	71	88
21	106	86
21	92	58
21	85	88
21	27	29
21	88	53
21	89	70
21	95	96
21	57	22
21	62	19
21	23	59
21	64	44
21	83	9
21	84	62
21	24	21
21	100	78
21	105	89
21	58	20
21	26	64
21	41	86
21	33	95
21	75	9
21	94	54
21	107	59
21	74	38
21	80	45
21	53	88
21	79	16
21	86	99
21	73	64
21	38	79
21	101	91
21	52	59
21	42	98
21	49	65
22	104	66
22	65	6
22	103	95
22	64	6
22	74	71
22	61	48
22	87	73
22	69	22
22	95	22
22	23	42
22	53	66
22	102	98
22	27	41
22	71	79
22	30	90
22	75	96
22	105	90
22	91	30
22	59	91
22	79	12
22	56	70
22	108	77
22	63	35
22	80	12
22	107	72
22	57	34
22	100	70
22	96	65
22	99	32
22	34	22
22	24	34
22	55	26
22	36	82
22	76	48
22	67	37
22	84	63
22	40	76
22	32	13
22	42	62
22	58	15
22	70	38
22	93	85
22	43	35
22	109	43
22	68	57
22	92	87
22	25	97
22	118	53
22	119	73
23	99	97
23	54	69
23	90	96
23	76	7
23	78	31
23	58	64
23	93	52
23	88	75
23	55	5
23	70	42
23	102	30
23	81	60
23	104	35
23	57	64
23	65	69
23	100	58
23	32	6
23	112	13
23	97	59
23	79	50
23	96	63
23	83	92
23	110	66
23	29	66
23	27	59
23	60	21
23	31	100
23	84	85
23	92	68
23	34	94
23	101	8
23	89	59
23	72	48
23	91	62
23	86	99
23	107	25
23	68	64
23	35	75
23	47	28
23	61	50
23	59	84
23	77	24
23	38	31
23	80	25
23	118	97
23	119	19
23	26	25
23	48	42
23	37	48
23	25	75
24	99	60
24	96	86
24	98	9
24	87	93
24	73	75
24	70	16
24	97	53
24	27	45
24	60	83
24	56	14
24	69	70
24	71	25
24	78	18
24	112	42
24	95	67
24	77	72
24	84	62
24	93	83
24	86	16
24	61	97
24	106	72
24	79	51
24	74	26
24	40	11
24	72	27
24	81	74
24	83	49
24	92	38
24	109	67
24	102	37
24	45	19
24	88	35
24	47	70
24	63	99
24	105	10
24	104	58
24	90	45
24	76	88
24	89	89
24	108	30
24	43	16
24	65	16
24	119	89
24	75	53
24	117	53
25	104	84
25	59	29
25	83	17
25	95	24
25	88	60
25	64	66
25	75	9
25	91	15
25	97	38
25	56	14
25	94	80
25	90	27
25	101	48
25	28	85
25	85	77
25	107	49
25	72	18
25	31	67
25	78	92
25	98	87
25	99	68
25	111	88
25	26	69
25	80	15
25	71	66
25	114	37
25	62	65
25	102	21
25	82	41
25	65	84
25	68	71
25	69	71
25	87	95
25	106	70
25	41	76
25	93	27
25	103	68
25	84	86
25	42	96
25	35	46
25	60	80
25	45	38
25	49	36
25	118	88
25	89	60
25	109	24
26	113	45
26	80	46
26	106	99
26	28	79
26	68	10
26	73	63
26	112	46
26	67	88
26	59	57
26	63	68
26	64	19
26	89	91
26	90	27
26	98	39
26	100	74
26	109	95
26	84	90
26	31	15
26	32	67
26	75	57
26	96	5
26	69	27
26	111	39
26	62	86
26	58	54
26	87	21
26	72	46
26	102	64
26	81	11
26	110	67
26	92	80
26	34	64
26	66	23
26	35	15
26	37	46
26	57	19
26	115	14
26	71	54
26	29	37
26	97	13
26	114	48
26	39	66
26	104	65
26	105	95
26	108	16
26	44	36
26	101	26
26	38	27
26	70	57
26	30	22
26	50	45
26	65	44
26	99	94
26	46	63
26	36	85
26	88	94
26	119	34
26	43	46
27	107	28
27	85	62
27	100	52
27	101	40
27	111	35
27	83	45
27	103	7
27	92	50
27	59	8
27	102	79
27	112	36
27	30	56
27	94	54
27	81	75
27	96	17
27	31	89
27	104	9
27	33	32
27	36	82
27	70	95
27	114	41
27	71	12
27	88	18
27	79	96
27	108	83
27	105	70
27	87	99
27	86	83
27	60	96
27	75	97
27	98	75
27	113	84
27	32	85
27	38	58
27	34	13
27	65	47
27	41	80
27	89	83
27	44	30
27	99	32
27	37	88
27	48	61
27	67	17
27	84	62
27	61	73
27	53	89
27	78	18
27	115	45
27	49	35
27	40	98
27	28	31
27	119	68
28	100	77
28	104	87
28	108	33
28	71	52
28	88	48
28	112	7
28	95	95
28	103	88
28	105	61
28	111	9
28	115	77
28	92	95
28	109	83
28	74	33
28	110	82
28	90	19
28	59	49
28	77	56
28	81	86
28	73	46
28	97	87
28	30	91
28	117	71
28	70	42
28	68	98
28	62	45
28	37	48
28	75	24
28	106	24
28	113	9
28	98	51
28	114	72
28	60	59
28	83	44
28	61	79
28	78	30
28	101	33
28	116	18
28	38	79
28	45	35
28	94	96
28	102	81
28	54	93
28	63	66
28	39	76
28	40	36
28	32	36
28	48	30
28	67	47
29	102	58
29	30	93
29	62	82
29	76	37
29	73	46
29	92	55
29	95	61
29	81	82
29	67	15
29	103	60
29	85	16
29	91	96
29	32	28
29	31	67
29	96	50
29	115	9
29	100	36
29	70	76
29	64	90
29	77	81
29	84	29
29	99	8
29	101	30
29	93	90
29	34	61
29	35	36
29	79	63
29	88	41
29	39	73
29	68	92
29	116	84
29	87	52
29	90	18
29	66	98
29	117	83
29	41	11
29	43	5
29	114	56
29	104	5
29	109	13
29	36	98
29	118	87
29	37	47
29	33	82
29	53	35
29	107	37
29	112	24
29	83	60
29	44	43
29	48	75
30	100	90
30	69	34
30	103	22
30	74	14
30	83	18
30	78	44
30	94	12
30	63	14
30	80	61
30	75	15
30	35	53
30	81	61
30	71	50
30	102	30
30	37	8
30	40	23
30	113	19
30	84	44
30	62	53
30	97	15
30	111	6
30	42	16
30	112	20
30	106	83
30	109	13
30	73	14
30	110	99
30	68	13
30	49	46
30	87	38
30	45	34
30	47	27
30	67	61
30	119	98
30	64	25
30	96	90
30	31	45
30	105	49
30	98	75
30	76	16
30	39	87
30	77	62
30	118	28
30	61	95
30	43	59
30	57	63
30	41	70
31	103	81
31	93	31
31	94	78
31	89	6
31	65	99
31	34	9
31	78	48
31	77	14
31	92	54
31	82	48
31	37	12
31	84	38
31	107	44
31	112	75
31	105	30
31	40	16
31	62	32
31	100	63
31	66	97
31	80	47
31	113	49
31	41	71
31	85	8
31	104	75
31	109	76
31	63	64
31	42	88
31	81	22
31	67	65
31	68	91
31	102	40
31	36	55
31	115	57
31	47	98
31	96	45
31	91	82
31	114	48
31	64	69
31	76	51
31	99	29
31	52	70
31	86	80
31	88	71
31	43	37
31	49	31
31	119	26
31	117	23
31	74	65
31	58	57
31	38	43
32	107	81
32	66	39
32	94	87
32	105	24
32	33	99
32	110	97
32	69	55
32	68	25
32	93	68
32	99	8
32	119	94
32	79	67
32	74	44
32	63	92
32	95	44
32	72	21
32	42	13
32	73	76
32	88	87
32	97	35
32	109	56
32	35	30
32	101	75
32	89	9
32	45	50
32	40	19
32	77	98
32	39	25
32	102	30
32	37	56
32	92	69
32	54	39
32	71	20
32	44	30
32	64	30
32	34	69
32	51	70
32	50	90
32	52	11
33	117	96
33	97	87
33	91	34
33	83	16
33	68	77
33	92	25
33	95	12
33	111	63
33	71	96
33	85	37
33	90	64
33	99	69
33	98	17
33	38	66
33	73	16
33	37	18
33	79	22
33	115	65
33	119	75
33	43	61
33	67	94
33	87	88
33	109	76
33	64	19
33	76	57
33	46	28
33	41	65
33	113	80
33	101	12
33	118	97
33	93	23
33	106	75
33	45	79
33	50	86
33	89	67
33	82	68
33	103	36
33	81	56
33	100	63
33	35	45
33	80	21
33	94	76
33	102	96
33	86	71
34	114	91
34	78	9
34	85	75
34	81	62
34	76	21
34	115	100
34	39	45
34	98	49
34	66	61
34	65	8
34	90	64
34	91	20
34	99	73
34	96	41
34	117	91
34	77	45
34	38	31
34	84	75
34	100	43
34	106	33
34	68	59
34	43	23
34	104	83
34	88	83
34	107	42
34	89	31
34	112	56
34	87	9
34	101	45
34	36	31
34	118	28
34	42	19
34	73	50
34	109	78
34	80	69
34	102	98
34	70	15
34	72	8
34	48	42
34	56	34
34	55	71
34	110	9
34	69	37
34	92	53
34	108	84
35	71	13
35	67	29
35	93	53
35	89	25
35	66	38
35	119	17
35	85	22
35	87	32
35	100	46
35	36	65
35	82	88
35	83	94
35	91	67
35	102	38
35	97	57
35	118	58
35	40	38
35	114	18
35	69	87
35	96	79
35	88	39
35	38	52
35	41	71
35	99	69
35	78	48
35	115	72
35	46	17
35	94	49
35	53	70
35	49	49
35	54	65
35	90	70
35	84	80
35	42	75
35	44	97
35	117	58
35	70	31
35	45	71
35	95	50
35	39	62
35	37	47
36	114	24
36	111	61
36	93	92
36	73	55
36	96	24
36	83	12
36	100	33
36	116	91
36	82	42
36	105	76
36	74	59
36	41	76
36	101	36
36	89	73
36	108	75
36	109	21
36	102	31
36	38	53
36	119	46
36	110	18
36	84	23
36	44	12
36	72	78
36	75	62
36	39	6
36	106	52
36	118	34
36	104	65
36	67	87
36	76	43
36	46	32
36	79	92
36	49	33
36	99	31
36	47	33
36	53	43
36	87	51
36	95	53
36	94	64
36	55	9
36	37	73
36	64	80
36	92	76
36	59	49
36	62	42
36	66	50
36	81	27
37	115	41
37	111	6
37	97	10
37	90	9
37	74	29
37	113	83
37	85	84
37	41	23
37	117	92
37	43	50
37	99	63
37	78	82
37	71	20
37	109	45
37	116	81
37	68	99
37	104	69
37	118	18
37	45	60
37	107	18
37	76	24
37	81	63
37	93	78
37	112	64
37	119	76
37	51	32
37	50	16
37	48	48
37	80	76
37	100	60
37	79	20
37	108	63
37	47	54
37	95	17
37	56	33
37	91	76
37	101	80
37	62	88
37	105	8
37	87	41
37	60	27
38	82	57
38	71	5
38	105	8
38	95	35
38	106	55
38	73	39
38	107	8
38	87	89
38	115	51
38	77	59
38	42	74
38	101	10
38	110	94
38	70	14
38	98	70
38	41	10
38	43	73
38	111	27
38	86	56
38	93	12
38	103	69
38	69	12
38	99	21
38	52	57
38	53	33
38	54	23
38	50	35
38	59	50
38	90	15
38	80	63
38	100	39
38	91	86
38	94	83
38	113	98
38	92	56
38	62	21
38	47	52
38	79	70
38	102	55
38	58	42
38	119	81
39	73	7
39	70	58
39	111	45
39	97	70
39	109	97
39	81	68
39	108	19
39	110	25
39	42	88
39	118	72
39	100	57
39	113	27
39	98	58
39	119	25
39	46	87
39	75	13
39	92	68
39	80	85
39	89	72
39	112	15
39	43	22
39	40	30
39	107	53
39	76	37
39	71	86
39	105	8
39	47	98
39	116	20
39	88	32
39	96	59
39	103	81
39	106	71
39	78	42
39	82	41
39	55	58
39	59	11
39	56	86
39	84	60
39	83	70
39	87	37
39	44	19
39	77	17
39	117	20
39	57	45
39	62	84
39	93	40
39	63	73
39	72	97
39	68	98
39	104	89
40	99	58
40	115	13
40	76	80
40	90	85
40	110	60
40	100	69
40	78	59
40	112	56
40	93	84
40	101	38
40	118	21
40	107	85
40	117	78
40	48	52
40	108	81
40	74	79
40	87	6
40	113	10
40	79	13
40	54	22
40	42	52
40	82	72
40	114	47
40	46	94
40	102	6
40	80	87
40	81	32
40	98	36
40	96	85
40	88	6
40	50	78
40	41	24
40	103	49
40	59	44
40	45	52
41	102	87
41	98	15
41	103	31
41	118	11
41	87	15
41	75	47
41	93	53
41	105	53
41	42	84
41	73	68
41	86	15
41	89	84
41	44	14
41	81	55
41	90	34
41	43	64
41	116	41
41	46	45
41	51	24
41	77	86
41	106	26
41	47	14
41	79	51
41	49	57
41	115	52
41	88	30
41	82	72
41	55	33
41	112	65
41	83	81
41	57	95
41	119	85
41	60	5
41	54	60
41	50	33
41	66	6
41	111	48
41	114	83
42	98	16
42	88	48
42	74	54
42	43	96
42	113	30
42	82	86
42	76	60
42	80	100
42	77	57
42	92	90
42	117	52
42	118	61
42	100	51
42	46	16
42	107	95
42	109	98
42	104	74
42	111	91
42	96	69
42	75	66
42	86	94
42	101	91
42	119	20
42	58	35
42	47	34
42	105	50
42	97	41
42	57	46
42	89	70
42	112	72
42	94	72
42	99	40
42	66	69
42	108	97
42	114	48
42	106	11
42	116	51
42	73	56
42	110	94
42	60	99
42	55	11
42	65	6
43	114	44
43	89	24
43	80	17
43	103	62
43	45	34
43	84	44
43	101	25
43	85	98
43	94	39
43	102	56
43	104	59
43	81	78
43	97	34
43	92	65
43	110	19
43	48	41
43	50	34
43	79	88
43	53	12
43	115	98
43	46	71
43	116	37
43	58	80
43	44	5
43	51	87
43	57	95
43	76	32
43	77	85
43	108	57
43	96	22
43	59	27
43	61	66
43	83	90
43	99	23
43	75	49
43	63	51
43	56	70
43	62	81
43	54	7
43	49	88
43	78	63
43	117	35
44	114	6
44	87	37
44	78	20
44	90	56
44	98	94
44	95	53
44	86	12
44	94	81
44	119	85
44	52	45
44	85	55
44	47	55
44	82	85
44	105	22
44	106	30
44	109	16
44	54	14
44	75	62
44	108	57
44	49	79
44	99	98
44	84	7
44	117	47
44	45	89
44	89	37
44	56	58
44	111	17
44	104	23
44	101	18
44	59	63
44	102	48
44	112	8
44	76	98
44	55	92
44	110	91
44	65	7
44	51	33
44	88	55
45	92	12
45	91	90
45	111	95
45	109	17
45	46	71
45	86	31
45	99	23
45	90	56
45	105	69
45	101	43
45	108	52
45	115	87
45	94	82
45	81	6
45	87	31
45	51	41
45	80	41
45	79	40
45	52	85
45	78	88
45	103	47
45	118	65
45	106	69
45	56	95
45	53	77
45	88	89
45	76	81
45	97	56
45	62	32
45	64	69
45	98	71
45	116	33
45	59	94
45	100	14
45	83	63
45	102	91
45	113	91
45	60	47
45	89	33
46	108	87
46	105	45
46	113	42
46	103	52
46	79	99
46	84	8
46	97	41
46	52	29
46	88	13
46	89	62
46	48	12
46	78	96
46	102	6
46	111	37
46	98	32
46	77	68
46	54	95
46	57	98
46	93	91
46	96	12
46	47	92
46	114	60
46	99	6
46	117	14
46	95	50
46	116	67
46	90	95
46	94	58
46	104	56
46	86	19
46	67	14
46	100	70
46	61	65
46	83	52
46	109	43
46	68	67
46	119	63
46	107	43
46	50	81
46	85	97
47	115	29
47	106	87
47	88	62
47	80	47
47	48	100
47	101	14
47	110	81
47	112	60
47	91	42
47	108	66
47	114	99
47	117	76
47	84	72
47	104	11
47	119	34
47	50	70
47	78	45
47	97	28
47	83	47
47	118	77
47	86	42
47	56	17
47	52	84
47	85	12
47	100	83
47	82	19
47	51	66
47	54	96
47	65	78
47	58	98
47	103	31
47	87	12
47	62	40
47	105	84
47	55	51
47	72	79
47	94	42
47	102	72
47	90	26
47	68	60
47	69	70
47	66	18
47	71	59
48	94	29
48	96	9
48	104	72
48	119	85
48	99	69
48	80	85
48	114	87
48	53	6
48	55	25
48	89	31
48	106	82
48	88	44
48	115	85
48	105	29
48	112	44
48	118	19
48	90	93
48	50	8
48	57	84
48	64	28
48	49	26
48	86	16
48	93	61
48	103	96
48	113	31
48	100	23
48	52	10
48	61	23
48	62	45
48	95	32
48	58	47
48	101	94
48	59	45
48	69	86
48	117	89
48	60	24
48	68	20
48	97	29
48	72	31
48	51	43
48	102	7
49	119	77
49	114	86
49	91	38
49	111	31
49	86	33
49	105	14
49	95	52
49	115	48
49	54	36
49	52	22
49	116	71
49	99	39
49	53	74
49	82	76
49	92	64
49	90	60
49	50	20
49	107	50
49	60	41
49	118	38
49	81	79
49	100	99
49	102	85
49	93	39
49	83	23
49	94	60
49	117	31
49	57	52
49	58	90
49	67	13
49	96	68
49	97	72
49	101	37
49	63	95
49	59	47
49	70	60
50	111	52
50	81	43
50	104	99
50	112	44
50	114	53
50	97	45
50	85	67
50	90	22
50	53	72
50	93	74
50	56	46
50	119	75
50	107	86
50	59	37
50	115	23
50	105	8
50	94	48
50	89	48
50	98	58
50	116	12
50	60	77
50	64	55
50	92	6
50	117	82
50	109	92
50	54	46
50	62	64
50	65	20
50	88	7
50	70	77
50	67	42
50	101	30
50	76	64
50	66	35
50	95	82
50	57	91
51	110	93
51	111	87
51	115	40
51	116	63
51	91	27
51	95	44
51	100	49
51	104	57
51	112	44
51	98	22
51	92	86
51	82	28
51	59	60
51	55	37
51	57	55
51	101	64
51	63	56
51	113	75
51	56	76
51	109	86
51	118	75
51	93	63
51	53	48
51	97	42
51	108	66
51	105	23
51	54	98
51	70	61
51	119	46
51	69	54
51	76	76
51	77	33
51	67	31
51	60	35
51	80	43
51	52	56
52	96	92
52	84	59
52	90	80
52	110	71
52	87	71
52	53	61
52	118	13
52	57	76
52	89	45
52	83	92
52	117	70
52	91	48
52	61	56
52	119	17
52	115	64
52	56	84
52	116	49
52	95	33
52	60	87
52	107	98
52	92	68
52	68	8
52	58	87
52	88	46
52	114	69
52	108	64
52	98	90
52	103	49
52	101	94
52	70	75
52	55	89
52	104	47
52	99	35
52	74	9
52	76	25
53	116	25
53	112	11
53	88	68
53	89	51
53	84	62
53	97	91
53	109	40
53	113	57
53	58	70
53	92	28
53	90	79
53	54	91
53	55	44
53	98	64
53	103	35
53	102	19
53	93	12
53	95	99
53	63	37
53	94	87
53	59	66
53	101	71
53	117	84
53	86	49
53	104	50
53	61	80
53	99	97
53	60	55
53	64	15
53	75	79
53	67	55
53	77	39
53	85	21
53	72	13
53	87	63
54	118	82
54	103	21
54	115	85
54	91	21
54	102	80
54	111	61
54	88	97
54	107	14
54	113	53
54	116	45
54	89	36
54	61	15
54	94	71
54	57	60
54	99	98
54	59	21
54	67	61
54	66	51
54	97	15
54	63	79
54	114	47
54	106	6
54	56	34
54	69	17
54	75	76
54	78	32
54	108	38
54	77	58
54	79	48
54	85	35
54	119	49
55	97	94
55	113	39
55	105	42
55	107	33
55	116	69
55	110	27
55	94	34
55	117	81
55	114	50
55	56	13
55	57	48
55	86	37
55	101	89
55	111	21
55	119	37
55	98	82
55	65	40
55	64	86
55	66	54
55	68	19
55	103	51
55	106	84
55	62	97
55	93	65
55	115	61
55	72	78
55	71	70
55	74	29
55	102	56
55	81	24
55	100	20
55	75	37
55	89	45
56	89	27
56	90	28
56	103	25
56	114	98
56	116	40
56	104	17
56	95	82
56	102	61
56	61	93
56	60	8
56	93	12
56	100	70
56	113	30
56	68	55
56	96	83
56	64	8
56	70	43
56	91	39
56	67	30
56	87	10
56	105	94
56	59	75
56	108	23
56	57	87
56	118	94
56	71	32
56	77	37
56	63	76
56	78	98
56	106	85
57	97	96
57	90	78
57	107	73
57	114	65
57	101	62
57	58	18
57	105	14
57	99	30
57	66	67
57	91	80
57	108	61
57	112	23
57	93	26
57	116	84
57	59	7
57	113	70
57	67	69
57	95	62
57	109	99
57	68	88
57	62	22
57	92	47
57	98	15
57	71	69
57	73	48
57	110	73
57	74	89
57	115	90
57	76	88
57	102	35
57	96	33
57	75	54
57	65	93
57	82	47
58	118	46
58	89	99
58	109	12
58	117	77
58	114	15
58	111	33
58	63	9
58	62	34
58	97	39
58	99	52
58	65	23
58	98	32
58	60	7
58	90	47
58	93	23
58	92	69
58	67	48
58	113	65
58	119	57
58	69	45
58	70	73
58	64	44
58	95	67
58	75	77
58	73	12
58	112	90
58	96	34
58	77	53
58	110	92
58	91	75
58	103	15
58	71	100
58	108	51
58	84	32
58	102	94
58	115	30
58	107	28
59	91	73
59	62	10
59	102	29
59	96	21
59	107	84
59	106	99
59	108	68
59	115	14
59	109	22
59	93	28
59	100	79
59	117	86
59	101	83
59	119	71
59	90	65
59	112	84
59	67	11
59	105	58
59	65	54
59	94	81
59	116	76
59	118	30
59	61	94
59	63	75
59	68	11
59	113	71
59	104	10
59	64	43
59	74	96
59	80	95
59	82	96
59	99	13
59	60	54
59	70	63
59	73	91
59	75	49
59	98	79
60	93	84
60	107	80
60	100	66
60	102	78
60	94	41
60	92	8
60	65	41
60	115	14
60	66	63
60	106	41
60	117	24
60	70	55
60	103	5
60	111	73
60	104	39
60	71	30
60	73	74
60	77	67
60	64	77
60	114	37
60	98	68
60	101	48
60	81	10
60	75	75
60	69	8
60	83	98
60	112	66
60	63	28
60	91	64
60	105	50
61	114	69
61	102	42
61	110	54
61	109	16
61	118	89
61	92	66
61	66	75
61	68	61
61	62	53
61	115	68
61	111	87
61	107	7
61	101	50
61	119	20
61	99	27
61	67	7
61	104	77
61	76	92
61	113	86
61	78	54
61	75	66
61	116	72
61	71	24
61	97	22
61	65	50
61	80	50
61	74	14
61	84	74
61	70	82
61	98	41
61	72	41
61	64	83
61	94	30
61	117	10
61	63	22
62	104	70
62	99	50
62	69	52
62	115	87
62	95	39
62	68	81
62	111	39
62	119	85
62	65	29
62	112	68
62	75	68
62	76	43
62	105	98
62	77	40
62	109	89
62	64	81
62	113	71
62	78	96
62	85	59
62	72	6
62	108	63
62	71	85
62	83	57
62	114	29
62	73	99
62	96	60
63	116	98
63	64	32
63	114	98
63	98	83
63	94	8
63	109	25
63	97	47
63	72	21
63	101	39
63	95	26
63	66	91
63	107	26
63	104	26
63	67	82
63	103	69
63	70	21
63	71	26
63	117	36
63	81	22
63	75	73
63	106	21
63	89	10
63	99	44
63	68	85
64	104	23
64	100	69
64	111	14
64	118	8
64	117	81
64	65	52
64	69	10
64	108	58
64	105	75
64	109	57
64	66	66
64	114	71
64	115	28
64	73	37
64	119	24
64	72	13
64	75	75
64	68	34
64	71	46
64	77	15
64	84	87
64	90	75
64	99	63
64	110	65
64	89	99
64	74	55
64	79	63
64	83	58
65	113	22
65	98	90
65	96	68
65	71	17
65	68	30
65	116	64
65	119	64
65	76	62
65	105	80
65	110	99
65	108	29
65	106	81
65	74	66
65	118	80
65	75	53
65	115	57
65	77	39
65	107	55
65	81	80
65	72	53
65	104	40
65	73	97
65	79	80
65	85	85
66	116	55
66	107	79
66	118	28
66	72	15
66	98	87
66	114	28
66	70	93
66	112	87
66	110	97
66	73	7
66	104	72
66	111	64
66	78	44
66	84	41
66	81	91
66	106	22
66	77	69
66	109	6
66	79	76
66	102	70
66	119	19
66	86	41
66	115	33
66	100	42
66	76	74
66	113	77
66	80	89
67	106	54
67	105	59
67	110	36
67	112	38
67	101	31
67	114	70
67	100	43
67	116	26
67	99	70
67	103	18
67	108	17
67	117	32
67	80	55
67	69	50
67	74	13
67	70	19
67	68	58
67	83	25
67	113	52
67	102	40
67	88	14
67	111	75
67	85	12
67	81	51
67	90	84
67	109	59
68	111	33
68	116	86
68	104	91
68	106	36
68	103	21
68	101	72
68	117	55
68	76	69
68	71	61
68	73	47
68	80	31
68	69	79
68	115	41
68	100	46
68	82	73
68	86	59
68	70	90
68	88	77
68	75	63
68	113	90
68	105	60
68	77	63
68	107	27
68	114	29
69	103	67
69	105	64
69	106	17
69	113	65
69	118	82
69	109	56
69	119	100
69	111	7
69	85	66
69	79	84
69	100	6
69	117	71
69	78	85
69	102	93
69	114	66
69	71	13
69	74	6
69	108	18
69	70	65
69	75	90
69	86	39
69	73	94
69	116	40
69	72	61
69	87	94
70	106	30
70	114	13
70	119	21
70	71	53
70	75	31
70	112	55
70	82	53
70	74	16
70	77	59
70	105	11
70	81	84
70	87	57
70	113	21
70	103	48
70	89	96
70	76	11
70	110	6
70	111	55
70	97	31
71	112	71
71	111	38
71	104	82
71	73	79
71	75	14
71	72	10
71	113	74
71	103	69
71	88	10
71	85	85
71	89	89
71	110	59
71	109	15
71	108	99
71	87	13
71	102	91
71	119	81
71	107	98
72	113	68
72	117	33
72	107	82
72	118	61
72	111	83
72	105	12
72	77	6
72	119	42
72	116	66
72	85	5
72	84	89
72	80	98
72	75	89
72	109	52
72	92	56
72	81	34
72	87	90
72	93	32
72	110	90
73	116	22
73	118	78
73	106	91
73	108	99
73	109	85
73	113	7
73	78	13
73	74	71
73	111	79
73	107	38
73	80	21
73	92	64
73	117	96
73	79	40
73	76	21
73	81	13
73	90	95
74	75	15
74	79	26
74	78	30
74	116	56
74	113	72
74	82	24
74	81	79
74	109	7
74	114	82
74	80	84
74	87	22
74	84	68
74	76	69
74	77	63
74	95	62
74	92	88
74	86	9
74	110	54
74	117	21
74	115	19
74	88	48
74	93	54
75	77	73
75	109	22
75	119	44
75	110	19
75	116	12
75	113	46
75	112	67
75	111	27
75	79	6
75	108	73
75	107	54
75	78	17
75	87	61
75	115	39
75	106	39
75	118	45
75	89	5
75	92	27
75	93	61
75	102	38
75	101	50
75	117	24
76	77	51
76	110	84
76	117	54
76	107	56
76	119	75
76	112	74
76	87	66
76	82	95
76	84	55
76	96	38
76	116	72
76	100	11
76	98	76
76	101	50
76	97	77
76	114	71
77	113	40
77	111	22
77	114	38
77	79	16
77	117	62
77	110	95
77	112	9
77	87	55
77	81	24
77	86	62
77	85	13
77	80	8
77	88	8
77	98	89
77	100	32
77	90	61
77	105	28
77	104	15
78	110	45
78	118	26
78	111	15
78	86	72
78	81	60
78	119	46
78	113	30
78	116	15
78	93	78
78	115	56
78	90	80
78	85	89
78	92	92
78	98	98
78	80	15
79	110	97
79	114	33
79	81	36
79	80	22
79	86	18
79	112	25
79	115	5
79	82	57
79	88	91
79	90	37
79	92	36
79	93	41
79	97	25
79	111	86
79	87	24
79	119	9
79	113	45
80	82	79
80	117	28
80	112	44
80	118	36
80	83	20
80	111	85
80	114	72
80	113	36
80	87	75
80	94	19
80	89	98
80	116	66
80	81	30
80	86	96
80	84	9
81	119	86
81	112	99
81	84	59
81	85	61
81	83	51
81	117	68
81	115	78
81	91	39
81	89	52
81	92	74
81	114	9
81	90	35
81	96	62
81	87	20
81	100	38
81	105	69
81	113	41
81	108	27
81	109	91
82	113	74
82	117	39
82	86	80
82	90	7
82	95	25
82	89	8
82	102	46
82	116	27
82	99	18
82	101	29
82	119	12
82	94	19
82	104	57
82	92	51
83	117	47
83	90	34
83	115	12
83	96	88
83	93	92
83	100	51
83	103	72
83	118	40
83	101	39
83	107	52
83	104	95
83	106	84
84	85	74
84	118	62
84	115	32
84	91	92
84	93	87
84	117	66
84	90	52
84	104	33
84	100	12
84	105	92
84	119	25
84	116	48
84	97	75
84	92	55
84	94	75
84	111	89
84	87	5
84	86	17
85	89	47
85	88	59
85	118	54
85	94	47
85	95	17
85	99	73
85	100	67
85	119	49
85	117	27
85	86	44
85	106	90
85	102	33
85	91	78
85	110	31
86	117	48
86	119	54
86	90	73
86	95	72
86	96	21
86	94	59
86	92	24
86	103	63
86	108	29
86	93	30
86	104	60
87	92	15
87	119	72
87	88	17
87	91	92
87	110	84
87	97	79
87	95	63
87	118	13
87	99	92
87	115	79
88	91	60
88	96	38
88	100	68
88	93	93
88	94	33
88	119	58
88	101	94
88	95	83
88	102	30
88	107	83
88	110	13
88	105	59
89	90	91
89	96	20
89	95	91
89	106	11
89	105	68
89	114	44
89	107	54
90	93	73
90	98	85
90	97	48
90	99	24
90	101	54
90	108	70
90	111	74
90	91	19
90	107	46
90	94	31
90	113	40
90	106	61
90	100	37
90	116	33
91	94	18
91	99	73
91	102	87
91	97	12
91	106	39
91	108	65
91	113	99
91	104	20
91	100	58
92	99	23
92	104	96
92	100	31
92	107	75
92	102	77
92	95	24
92	105	49
92	112	9
92	114	73
92	118	61
92	111	50
93	94	11
93	95	72
93	102	92
93	101	18
93	100	32
93	105	56
93	104	51
93	96	94
93	112	100
93	115	37
93	116	12
93	114	67
94	97	63
94	102	12
94	96	52
94	100	82
94	109	41
94	101	12
94	108	99
94	99	42
94	107	59
94	113	93
94	112	30
94	104	96
94	116	11
95	104	42
95	97	82
95	103	54
95	96	41
95	100	40
95	102	19
95	110	11
95	101	54
95	113	61
95	108	47
95	115	77
95	107	19
95	118	47
95	111	86
95	112	17
95	99	91
95	106	70
96	99	6
96	97	99
96	105	5
96	109	84
96	113	47
96	102	47
96	106	36
96	115	90
96	103	21
96	119	97
96	116	16
96	112	93
96	118	20
97	100	27
97	108	23
97	103	27
97	105	56
97	117	18
97	104	50
97	99	47
97	114	24
97	118	72
97	111	23
97	119	62
97	112	60
98	101	48
98	105	92
98	103	84
98	104	60
98	112	28
98	114	20
98	113	29
98	115	73
98	107	30
98	111	77
98	118	38
98	100	71
99	100	20
99	101	44
99	113	57
99	115	13
99	110	62
99	112	59
99	109	100
99	104	36
100	101	13
100	103	36
100	106	36
100	110	89
100	118	55
100	104	57
100	105	99
100	119	82
101	107	41
101	103	27
101	110	88
101	114	13
101	109	10
101	111	52
101	113	46
101	108	64
101	105	71
101	117	41
102	108	73
102	111	54
102	109	82
102	105	9
102	112	91
102	104	41
102	118	73
102	119	60
103	106	29
103	112	97
103	117	46
103	119	41
103	105	35
104	116	85
104	108	39
104	118	71
104	107	38
104	105	32
104	115	14
104	106	46
104	109	36
104	111	14
105	108	33
105	115	77
105	111	89
105	110	16
105	113	32
105	109	26
105	116	25
105	119	31
105	114	33
105	106	63
106	109	34
106	114	100
106	108	84
106	117	71
106	112	73
106	113	63
106	107	61
107	108	68
107	109	6
107	111	56
107	116	98
107	118	61
107	117	68
107	114	8
107	112	60
107	119	54
108	112	54
108	110	32
108	113	33
108	111	84
108	115	86
108	118	16
108	119	7
109	117	38
109	115	95
109	110	33
109	119	26
109	116	49
109	112	97
109	111	55
110	113	38
110	116	6
110	118	69
110	115	83
110	117	9
111	115	35
111	117	53
111	118	9
111	112	77
112	113	11
112	114	61
112	117	76
112	118	16
113	119	29
113	117	52
113	115	78
113	118	55
114	115	71
114	118	78
114	119	92
114	116	81
115	116	17
115	119	54
115	117	94
115	118	37
116	119	63
117	119	39
117	118	71
