NAME: W_SPARSE_140_42
n: 140
m: 2940
0	109	48
0	55	36
0	111	58
0	2	96
0	96	35
0	33	30
0	68	58
0	89	53
0	36	46
0	32	90
0	104	31
0	65	19
0	93	52
0	136	82
0	39	15
0	95	39
0	4	83
0	7	29
0	76	80
0	132	32
0	107	56
0	56	35
0	41	98
0	73	50
0	102	49
0	35	16
0	10	63
0	34	88
0	131	77
0	58	40
0	77	73
0	108	64
0	1	57
0	71	88
0	23	91
0	98	55
0	57	12
0	105	97
0	43	84
0	67	42
0	117	95
0	83	32
0	70	72
0	8	66
0	97	34
0	106	78
0	25	82
1	78	32
1	31	70
1	91	82
1	87	20
1	28	5
1	66	30
1	64	75
1	84	79
1	92	9
1	96	48
1	118	29
1	111	22
1	67	27
1	82	92
1	93	57
1	107	20
1	52	97
1	106	86
1	65	89
1	104	83
1	88	63
1	11	41
1	39	71
1	79	52
1	59	26
1	55	79
1	69	52
1	90	12
1	119	73
1	85	7
1	10	77
1	44	41
1	105	78
1	37	46
1	102	67
1	45	57
1	98	73
1	49	17
1	95	64
1	42	50
1	112	37
1	36	13
1	43	19
1	27	97
1	17	37
1	114	24
2	118	43
2	40	35
2	82	97
2	32	22
2	25	14
2	26	57
2	56	90
2	35	51
2	99	73
2	108	81
2	71	57
2	61	84
2	5	67
2	41	30
2	62	32
2	119	41
2	66	80
2	57	24
2	95	93
2	105	6
2	7	8
2	12	89
2	133	67
2	103	41
2	78	79
2	85	62
2	6	67
2	45	92
2	48	31
2	65	29
2	116	52
2	19	70
2	73	88
2	93	91
2	84	42
2	29	99
2	24	46
2	27	32
2	50	97
2	69	85
2	130	45
3	80	98
3	25	27
3	121	61
3	107	85
3	108	48
3	75	62
3	97	7
3	88	79
3	31	94
3	78	6
3	66	20
3	106	20
3	46	39
3	56	63
3	53	72
3	50	7
3	39	29
3	62	56
3	64	14
3	96	93
3	60	55
3	132	21
3	114	86
3	29	96
3	115	55
3	92	11
3	59	72
3	105	90
3	118	36
3	87	83
3	14	58
3	117	87
3	48	7
3	100	55
3	102	42
3	68	27
3	130	74
4	59	32
4	71	28
4	62	99
4	94	71
4	113	73
4	57	99
4	69	57
4	97	26
4	68	88
4	79	71
4	86	47
4	29	36
4	37	19
4	51	93
4	54	70
4	81	93
4	83	82
4	47	57
4	46	34
4	45	41
4	135	75
4	66	86
4	122	58
4	133	19
4	72	71
4	52	33
4	64	59
4	96	57
4	42	68
4	8	8
4	11	35
4	131	83
4	105	37
4	89	84
4	110	12
4	34	17
4	121	68
4	98	84
4	35	29
4	120	46
4	43	28
4	31	21
4	101	81
5	120	36
5	49	84
5	58	12
5	111	15
5	88	98
5	47	65
5	65	16
5	91	10
5	33	40
5	119	14
5	66	92
5	75	49
5	29	21
5	35	44
5	137	54
5	101	17
5	79	46
5	84	21
5	53	15
5	28	28
5	114	95
5	34	26
5	105	9
5	39	48
5	103	98
5	118	69
5	7	40
5	69	58
5	76	64
5	46	70
5	16	87
5	50	39
5	86	50
5	131	82
5	15	86
5	11	68
5	74	92
5	100	22
6	100	31
6	76	39
6	78	32
6	71	85
6	73	38
6	106	88
6	65	95
6	38	59
6	124	27
6	98	34
6	109	83
6	120	72
6	51	65
6	81	25
6	48	76
6	61	35
6	44	77
6	57	8
6	87	49
6	103	79
6	62	46
6	68	19
6	86	81
6	43	96
6	90	61
6	107	42
6	13	44
6	88	66
6	56	9
6	110	16
6	102	31
6	9	90
6	79	68
6	108	31
6	53	76
7	108	43
7	31	41
7	80	43
7	112	63
7	72	36
7	38	10
7	37	40
7	77	89
7	41	23
7	101	51
7	83	61
7	92	49
7	56	30
7	51	51
7	36	8
7	13	35
7	96	53
7	138	34
7	8	92
7	85	55
7	124	31
7	65	59
7	35	97
7	76	58
7	100	85
7	84	100
7	78	44
7	40	53
7	103	58
7	21	35
7	111	41
7	46	65
7	44	91
7	49	98
7	97	42
8	66	92
8	69	38
8	48	93
8	10	45
8	65	30
8	87	65
8	51	78
8	41	89
8	90	21
8	47	75
8	43	86
8	91	60
8	74	8
8	61	12
8	92	88
8	93	13
8	76	10
8	108	77
8	59	25
8	75	84
8	111	81
8	115	68
8	13	76
8	73	84
8	40	23
8	54	36
8	38	94
8	71	62
8	82	60
8	104	69
8	114	86
8	125	39
8	96	91
8	94	13
8	67	57
8	100	68
8	112	29
9	68	95
9	103	99
9	61	79
9	98	66
9	115	50
9	78	49
9	70	66
9	31	99
9	48	88
9	76	29
9	107	28
9	35	72
9	33	20
9	43	89
9	67	50
9	42	29
9	118	29
9	59	37
9	106	30
9	85	82
9	16	60
9	87	14
9	17	13
9	12	70
9	47	80
9	99	58
9	125	18
9	105	77
9	50	33
9	83	39
9	84	9
9	55	92
9	97	54
9	90	48
9	136	76
9	77	27
9	109	69
9	135	76
9	101	78
9	45	89
9	127	62
10	127	51
10	102	47
10	92	75
10	69	69
10	11	27
10	60	80
10	126	68
10	76	98
10	13	33
10	70	6
10	61	10
10	119	82
10	115	27
10	117	21
10	98	80
10	116	73
10	66	58
10	52	88
10	77	85
10	95	79
10	15	89
10	125	77
10	62	48
10	121	98
10	96	17
10	72	88
10	89	80
10	138	94
10	104	40
10	40	30
10	47	92
10	94	77
10	109	60
10	26	91
10	21	28
10	36	27
10	87	94
10	91	81
10	128	28
10	28	97
11	44	63
11	51	22
11	106	78
11	78	66
11	77	61
11	52	68
11	65	55
11	42	47
11	87	37
11	66	49
11	94	88
11	95	88
11	34	91
11	103	41
11	53	20
11	40	21
11	81	16
11	116	70
11	122	52
11	110	42
11	57	10
11	114	41
11	127	71
11	64	28
11	45	42
11	54	32
11	102	23
11	124	70
11	99	57
11	27	44
11	69	24
11	82	28
11	15	17
11	117	99
11	41	10
11	38	84
11	118	23
11	32	96
12	67	31
12	38	33
12	49	74
12	115	85
12	121	40
12	70	69
12	35	29
12	74	15
12	88	76
12	119	40
12	62	63
12	107	70
12	13	43
12	16	79
12	45	32
12	99	79
12	66	61
12	61	18
12	43	97
12	47	7
12	73	74
12	89	90
12	97	41
12	113	44
12	20	41
12	76	10
12	80	73
12	103	14
12	106	39
12	56	37
12	25	76
12	36	51
12	75	37
12	26	48
12	84	41
12	15	59
12	78	64
12	126	12
12	46	6
12	57	55
13	83	6
13	64	47
13	101	28
13	74	28
13	126	68
13	100	40
13	69	78
13	18	87
13	44	65
13	98	19
13	130	29
13	86	71
13	78	31
13	59	71
13	81	44
13	111	64
13	55	92
13	128	48
13	25	67
13	105	98
13	63	17
13	60	51
13	121	77
13	53	89
13	70	66
13	48	74
13	131	50
13	41	51
13	80	54
13	125	94
13	79	85
13	118	96
13	99	64
13	124	8
13	120	33
13	26	22
13	61	99
13	92	42
13	134	82
14	132	18
14	41	33
14	73	40
14	55	94
14	89	6
14	113	53
14	16	11
14	102	64
14	39	64
14	94	80
14	56	64
14	104	25
14	119	69
14	61	86
14	107	60
14	118	10
14	51	95
14	15	63
14	17	81
14	45	74
14	38	94
14	72	10
14	68	36
14	111	73
14	70	54
14	77	85
14	46	30
14	97	40
14	47	43
14	43	62
14	81	9
14	127	47
14	86	77
14	82	52
14	84	11
14	37	85
14	75	11
15	38	50
15	90	61
15	40	43
15	58	23
15	85	33
15	88	31
15	96	17
15	68	58
15	50	85
15	55	19
15	132	32
15	77	89
15	86	7
15	105	51
15	111	43
15	84	46
15	102	8
15	107	40
15	63	7
15	91	78
15	44	37
15	78	27
15	129	58
15	21	7
15	23	98
15	119	70
15	66	18
15	80	10
15	131	95
15	97	43
15	116	93
15	103	65
15	81	66
15	128	48
15	25	42
15	29	55
15	61	18
15	133	73
15	16	11
15	130	62
15	98	67
16	117	44
16	57	85
16	76	22
16	107	30
16	73	57
16	116	76
16	125	20
16	62	77
16	129	79
16	122	17
16	111	73
16	70	87
16	120	25
16	45	56
16	118	8
16	50	91
16	23	16
16	56	38
16	79	90
16	82	40
16	22	41
16	74	63
16	43	73
16	48	18
16	60	7
16	64	8
16	21	18
16	101	14
16	53	41
16	119	78
16	123	65
16	61	98
16	92	20
16	18	25
17	40	91
17	89	75
17	134	75
17	101	52
17	119	34
17	51	11
17	133	17
17	46	40
17	110	74
17	92	6
17	102	47
17	77	50
17	97	40
17	68	74
17	121	11
17	115	59
17	54	64
17	56	93
17	20	25
17	103	39
17	88	15
17	64	60
17	107	98
17	66	43
17	73	39
17	120	14
17	22	56
17	25	17
17	53	14
17	71	24
17	43	99
17	95	37
17	130	70
17	93	27
17	32	15
17	98	86
17	108	17
17	75	81
17	58	75
17	125	95
17	72	75
17	116	38
18	76	13
18	73	64
18	94	88
18	86	50
18	58	19
18	66	46
18	70	80
18	108	62
18	89	57
18	88	50
18	78	26
18	103	16
18	117	30
18	104	68
18	62	53
18	49	8
18	57	12
18	109	47
18	61	41
18	24	22
18	42	22
18	83	30
18	96	96
18	68	78
18	71	70
18	41	69
18	111	69
18	50	29
18	82	7
18	38	16
18	65	55
19	87	66
19	117	80
19	75	14
19	108	60
19	59	61
19	105	12
19	88	64
19	121	17
19	68	97
19	98	46
19	61	48
19	44	13
19	110	48
19	120	13
19	118	70
19	49	53
19	53	66
19	66	85
19	46	33
19	123	18
19	125	86
19	52	29
19	132	75
19	70	81
19	57	85
19	78	34
19	95	8
19	99	34
19	56	86
19	80	32
19	100	77
19	47	43
19	37	95
19	82	78
19	111	32
19	48	47
19	83	41
19	127	62
19	62	36
19	69	47
19	113	23
20	65	36
20	114	99
20	68	62
20	56	48
20	81	35
20	124	53
20	71	37
20	64	70
20	92	93
20	123	17
20	103	21
20	129	10
20	105	25
20	26	68
20	50	19
20	62	63
20	53	51
20	98	72
20	49	43
20	86	42
20	94	58
20	136	30
20	93	96
20	101	32
20	33	94
20	66	78
20	121	49
20	21	35
20	122	96
20	128	58
20	117	89
20	91	57
20	118	50
20	46	98
20	106	91
20	75	74
20	87	70
21	53	74
21	69	21
21	44	80
21	106	71
21	101	18
21	97	30
21	76	83
21	68	15
21	24	47
21	50	22
21	49	27
21	93	25
21	77	84
21	123	14
21	119	44
21	89	7
21	110	23
21	138	10
21	88	81
21	116	89
21	126	88
21	104	20
21	113	90
21	30	89
21	100	8
21	134	8
21	23	64
21	103	99
21	135	39
21	91	39
21	52	64
21	25	92
21	70	70
21	57	23
21	81	36
22	104	72
22	101	93
22	82	32
22	81	60
22	48	89
22	57	43
22	97	74
22	99	63
22	123	85
22	137	94
22	100	80
22	50	65
22	71	72
22	27	90
22	68	25
22	74	90
22	61	93
22	56	50
22	108	88
22	24	88
22	93	62
22	75	22
22	63	76
22	37	69
22	87	49
22	125	64
22	105	24
22	134	42
22	129	65
22	45	76
22	59	46
22	111	44
22	122	41
22	124	39
22	107	85
22	38	92
22	77	66
23	87	96
23	97	89
23	127	47
23	53	36
23	60	81
23	95	56
23	68	96
23	24	71
23	88	83
23	56	31
23	83	72
23	90	64
23	111	34
23	48	55
23	118	87
23	73	18
23	69	47
23	65	20
23	55	70
23	27	59
23	52	48
23	107	30
23	79	47
23	102	36
23	67	76
23	110	70
23	64	58
23	84	86
23	35	64
23	33	9
23	101	62
23	134	26
23	112	52
23	51	97
23	94	82
23	119	38
23	120	78
24	96	55
24	128	12
24	97	11
24	136	47
24	26	33
24	92	78
24	133	87
24	29	30
24	114	94
24	98	40
24	117	84
24	25	75
24	85	28
24	28	98
24	110	62
24	63	83
24	119	56
24	122	11
24	137	31
24	130	96
24	99	21
24	126	42
24	118	77
24	35	31
24	101	68
24	124	71
24	38	68
24	40	68
24	27	20
24	86	32
24	135	79
24	138	60
24	59	31
24	73	22
25	53	17
25	121	66
25	48	68
25	91	34
25	68	14
25	123	34
25	62	78
25	124	59
25	104	68
25	58	66
25	82	36
25	57	57
25	117	52
25	130	37
25	92	58
25	113	32
25	33	70
25	111	25
25	73	25
25	135	99
25	112	69
25	120	37
25	96	47
25	116	48
25	55	58
25	132	27
25	49	16
25	71	61
25	89	20
25	85	70
25	129	28
26	103	54
26	91	51
26	115	34
26	121	60
26	123	7
26	53	51
26	69	83
26	87	69
26	131	9
26	132	93
26	104	95
26	99	19
26	55	59
26	117	29
26	119	18
26	130	44
26	73	38
26	84	51
26	112	83
26	128	78
26	58	54
26	61	94
26	100	81
26	33	18
26	59	42
26	70	83
26	34	28
26	28	44
26	114	85
26	51	55
26	74	33
26	76	33
26	118	88
26	41	37
26	65	85
26	30	18
26	136	51
26	52	78
26	135	73
27	91	13
27	100	12
27	92	26
27	29	54
27	134	67
27	55	58
27	59	45
27	32	25
27	95	32
27	132	56
27	50	80
27	85	13
27	106	6
27	135	40
27	33	58
27	83	96
27	119	11
27	127	13
27	76	97
27	99	30
27	101	86
27	120	89
27	87	55
27	90	80
27	66	88
27	70	50
27	110	38
27	125	71
27	130	68
27	77	53
27	54	81
27	36	64
27	109	64
27	96	58
27	116	16
27	31	60
27	138	40
27	139	42
27	28	100
27	35	78
27	126	89
27	86	13
28	112	94
28	57	97
28	70	49
28	138	24
28	55	44
28	131	94
28	121	83
28	108	34
28	139	54
28	63	91
28	124	84
28	122	22
28	128	31
28	118	35
28	65	38
28	82	60
28	31	98
28	120	80
28	76	50
28	111	55
28	40	43
28	67	41
28	95	56
28	36	9
28	129	14
28	62	89
28	66	8
28	134	35
28	84	24
28	100	27
28	69	58
28	88	100
28	75	80
28	93	46
28	99	59
28	39	16
28	51	53
28	46	98
29	86	27
29	56	52
29	123	66
29	112	40
29	128	39
29	61	50
29	104	100
29	51	58
29	33	98
29	53	45
29	80	65
29	82	48
29	129	71
29	60	65
29	31	59
29	64	95
29	85	61
29	136	66
29	84	38
29	59	76
29	68	8
29	71	88
29	97	87
29	116	57
29	100	25
29	34	51
29	118	9
29	40	36
29	72	82
29	70	68
29	95	57
29	92	91
29	62	62
29	130	39
29	55	65
29	121	51
29	67	83
29	88	50
30	64	18
30	119	95
30	70	18
30	110	17
30	72	27
30	104	61
30	112	40
30	85	49
30	114	72
30	59	58
30	96	38
30	133	26
30	131	73
30	33	79
30	124	29
30	84	30
30	57	41
30	36	37
30	138	34
30	77	62
30	91	60
30	103	35
30	97	62
30	68	91
30	113	92
30	125	33
30	102	19
30	132	15
30	128	92
30	71	13
30	101	11
30	135	96
30	35	45
30	81	53
30	100	54
31	66	62
31	90	20
31	102	86
31	70	61
31	96	96
31	138	93
31	59	29
31	72	26
31	130	14
31	83	9
31	54	98
31	134	99
31	111	8
31	76	66
31	88	44
31	120	28
31	125	16
31	42	49
31	82	29
31	126	75
31	78	59
31	110	90
31	119	45
31	86	15
31	77	13
31	89	67
31	35	74
31	58	77
31	56	74
31	106	40
31	38	8
31	57	86
31	109	91
31	32	13
31	75	8
32	117	33
32	98	43
32	122	95
32	76	79
32	77	29
32	58	39
32	133	84
32	100	73
32	120	63
32	35	58
32	129	25
32	64	44
32	81	26
32	54	73
32	92	60
32	63	67
32	33	79
32	91	41
32	87	40
32	83	71
32	46	97
32	47	22
32	130	44
32	113	86
32	95	91
32	124	88
32	105	33
33	71	67
33	105	14
33	86	36
33	35	44
33	67	43
33	62	11
33	74	44
33	129	55
33	89	73
33	117	28
33	99	58
33	43	80
33	80	49
33	63	62
33	88	52
33	87	23
33	57	88
33	94	83
33	101	30
33	123	57
33	120	64
33	118	43
33	75	96
33	113	80
33	139	17
33	98	81
33	124	84
33	130	30
33	36	83
33	126	69
33	136	89
33	103	11
33	42	59
33	55	23
34	113	56
34	75	72
34	127	25
34	102	84
34	128	26
34	133	99
34	85	34
34	56	56
34	72	24
34	106	96
34	137	47
34	86	21
34	97	64
34	35	24
34	62	65
34	103	89
34	79	31
34	110	31
34	91	70
34	64	94
34	100	69
34	136	63
34	36	87
34	45	92
34	92	12
34	77	44
34	88	91
34	139	76
34	104	76
34	41	44
34	80	57
34	111	6
34	40	6
34	76	51
34	74	55
35	96	46
35	74	13
35	139	99
35	91	46
35	84	45
35	37	25
35	109	54
35	58	77
35	63	87
35	65	43
35	87	40
35	73	76
35	78	92
35	112	17
35	123	18
35	100	86
35	85	75
35	127	75
35	59	95
35	107	21
35	76	81
35	108	81
35	135	83
35	126	12
35	47	38
35	75	10
35	45	12
35	129	69
35	66	7
36	58	92
36	77	24
36	92	50
36	93	63
36	130	29
36	136	33
36	115	99
36	117	54
36	74	90
36	38	93
36	120	66
36	102	88
36	40	30
36	100	64
36	109	39
36	99	78
36	66	46
36	110	30
36	46	52
36	131	46
36	134	35
36	95	83
36	73	56
36	108	27
36	44	80
36	68	79
36	59	90
36	83	74
36	87	37
36	98	38
36	132	53
36	138	13
36	63	85
36	125	77
36	82	23
36	43	41
36	51	37
36	123	43
37	126	95
37	98	39
37	82	84
37	83	83
37	118	13
37	76	58
37	78	70
37	88	50
37	97	62
37	113	6
37	134	33
37	93	93
37	117	97
37	70	17
37	46	64
37	60	77
37	99	76
37	106	5
37	41	80
37	114	35
37	61	52
37	107	38
37	109	55
37	68	60
37	108	30
37	80	94
37	110	79
37	57	76
37	77	99
37	129	64
38	94	76
38	39	46
38	75	6
38	120	27
38	67	58
38	93	92
38	91	54
38	69	8
38	128	33
38	70	47
38	85	9
38	90	69
38	43	83
38	45	86
38	138	42
38	98	41
38	100	12
38	109	62
38	113	97
38	88	41
38	83	48
38	79	68
38	77	90
38	125	6
38	106	49
38	104	13
38	105	51
38	96	76
39	108	36
39	98	79
39	93	66
39	61	16
39	84	52
39	78	79
39	128	12
39	123	23
39	99	9
39	135	18
39	113	95
39	126	72
39	125	9
39	42	35
39	68	78
39	118	17
39	50	46
39	63	32
39	66	38
39	70	22
39	119	33
39	137	89
39	117	25
39	79	84
39	86	14
39	101	52
39	54	78
39	130	61
39	41	85
39	107	98
39	127	46
39	103	9
40	118	95
40	124	6
40	78	70
40	87	19
40	103	68
40	85	9
40	121	78
40	68	32
40	139	72
40	136	30
40	131	43
40	48	42
40	105	25
40	95	38
40	138	59
40	42	45
40	101	51
40	112	67
40	71	54
40	64	47
40	134	70
40	99	77
40	52	80
40	66	70
41	96	91
41	112	35
41	119	74
41	81	20
41	42	94
41	95	39
41	118	76
41	90	41
41	97	91
41	129	56
41	94	86
41	85	39
41	106	43
41	44	69
41	116	90
41	113	58
41	87	14
41	139	65
41	73	59
41	43	56
41	102	50
41	88	37
41	111	59
41	122	13
41	124	46
41	71	12
41	69	14
41	49	96
41	134	93
41	132	8
41	107	60
41	63	35
41	99	49
41	127	10
41	131	78
42	126	30
42	79	95
42	131	30
42	134	73
42	112	95
42	119	88
42	111	72
42	101	85
42	95	42
42	130	30
42	110	26
42	118	73
42	44	52
42	89	65
42	83	58
42	67	53
42	128	81
42	96	32
42	139	72
42	69	62
42	102	65
42	113	49
42	68	52
42	56	88
42	122	63
42	106	61
43	106	52
43	113	67
43	89	6
43	104	24
43	120	87
43	101	16
43	94	74
43	84	95
43	96	23
43	105	50
43	67	82
43	71	6
43	81	92
43	100	94
43	110	99
43	86	8
43	123	98
43	112	42
43	122	46
43	134	60
43	116	73
43	114	75
43	70	48
43	102	28
43	78	13
43	127	96
43	135	85
43	44	71
43	138	26
43	136	71
44	91	55
44	66	16
44	84	45
44	77	46
44	132	89
44	119	99
44	72	47
44	89	65
44	97	38
44	103	7
44	131	13
44	134	62
44	122	30
44	130	42
44	109	46
44	126	73
44	76	88
44	81	26
44	79	58
44	123	64
44	129	26
44	136	73
44	80	76
44	54	97
44	49	66
44	59	63
44	120	23
44	115	51
44	60	7
45	120	54
45	81	74
45	47	97
45	86	98
45	105	57
45	112	11
45	73	46
45	68	41
45	91	37
45	69	18
45	84	36
45	109	50
45	79	43
45	135	58
45	54	93
45	77	27
45	137	14
45	115	31
45	136	43
45	119	98
45	89	24
45	100	7
45	58	91
45	125	63
45	60	48
45	101	34
45	111	45
46	99	48
46	114	19
46	78	57
46	84	65
46	135	9
46	120	88
46	92	94
46	87	78
46	118	58
46	132	94
46	110	32
46	113	49
46	115	8
46	106	36
46	133	14
46	53	69
46	77	97
46	116	13
46	107	50
46	83	37
46	51	12
46	93	39
46	89	99
46	129	61
46	97	50
46	122	93
46	80	28
46	109	41
46	76	34
46	117	16
46	48	41
46	128	69
47	103	90
47	91	38
47	137	33
47	125	49
47	49	38
47	90	88
47	93	76
47	123	25
47	84	23
47	132	8
47	111	70
47	83	28
47	127	35
47	97	75
47	121	49
47	129	76
47	74	71
47	55	33
47	85	63
47	106	81
47	115	64
47	135	67
47	117	63
47	94	36
47	119	93
47	88	79
47	87	48
47	108	18
48	93	6
48	103	50
48	100	37
48	127	71
48	92	26
48	71	25
48	81	71
48	102	66
48	111	50
48	104	56
48	77	77
48	131	38
48	136	76
48	107	64
48	117	50
48	126	6
48	123	59
48	84	84
48	94	44
48	120	52
48	135	45
48	113	72
48	122	62
48	133	33
48	118	23
48	54	76
48	72	88
48	53	97
48	79	99
48	115	76
48	95	28
48	50	49
49	137	86
49	96	22
49	139	85
49	123	55
49	102	66
49	87	48
49	124	41
49	73	23
49	88	92
49	89	13
49	83	31
49	76	82
49	98	38
49	129	70
49	111	59
49	113	67
49	132	18
49	86	92
49	57	23
49	125	13
49	97	87
49	72	56
49	99	20
49	100	51
49	58	71
49	90	66
50	95	11
50	80	8
50	108	98
50	104	19
50	75	28
50	113	15
50	99	6
50	93	44
50	132	69
50	52	59
50	89	98
50	109	57
50	138	31
50	76	68
50	122	38
50	90	96
50	129	27
50	60	18
50	123	77
50	127	31
50	139	71
50	115	84
50	107	5
50	59	50
50	103	22
50	74	70
50	62	56
50	91	95
51	83	98
51	132	85
51	99	20
51	127	28
51	81	31
51	87	69
51	109	10
51	98	89
51	75	21
51	117	28
51	134	69
51	94	38
51	131	47
51	114	9
51	93	81
51	112	92
51	130	39
51	57	54
51	115	84
51	54	44
51	122	17
51	91	47
51	118	44
51	106	32
51	128	70
51	116	36
51	65	82
51	76	19
51	73	38
51	56	35
51	55	26
51	110	21
52	128	35
52	95	58
52	126	53
52	135	72
52	120	52
52	117	81
52	124	32
52	108	58
52	103	39
52	86	76
52	112	6
52	75	85
52	130	92
52	118	50
52	100	68
52	78	94
52	62	39
52	88	44
52	84	23
52	127	41
52	85	68
52	122	70
52	53	35
52	94	39
52	67	74
52	65	95
53	119	59
53	115	85
53	79	46
53	114	64
53	116	63
53	123	76
53	102	89
53	137	23
53	58	33
53	76	29
53	130	13
53	106	32
53	98	15
53	56	10
53	57	83
53	62	69
53	103	98
53	63	69
53	126	47
54	123	9
54	90	17
54	122	56
54	55	90
54	115	90
54	133	87
54	125	82
54	136	6
54	104	84
54	105	69
54	96	67
54	112	38
54	60	38
54	103	47
54	111	50
54	87	57
54	86	46
54	78	86
54	57	72
54	76	21
54	116	41
54	132	7
54	85	74
54	77	74
54	130	58
54	97	23
54	100	97
54	137	87
54	80	61
54	68	65
54	69	37
55	120	79
55	104	34
55	132	95
55	135	69
55	105	7
55	129	46
55	116	24
55	58	54
55	81	79
55	117	25
55	95	12
55	90	61
55	102	11
55	139	94
55	131	99
55	67	6
55	99	38
55	123	10
55	92	22
55	68	87
55	87	71
55	88	58
55	74	66
55	89	55
55	114	44
55	119	40
56	137	86
56	104	57
56	125	40
56	95	73
56	122	68
56	115	56
56	126	13
56	118	96
56	128	13
56	60	37
56	133	84
56	113	42
56	78	49
56	110	25
56	92	25
56	119	73
56	106	36
56	124	45
56	127	14
56	83	8
56	88	22
56	61	17
56	89	23
57	105	74
57	89	74
57	85	96
57	113	7
57	120	35
57	138	41
57	136	57
57	94	38
57	106	39
57	132	49
57	99	51
57	88	7
57	97	24
57	110	19
57	123	28
57	129	41
57	87	37
57	67	5
57	115	35
57	130	67
57	118	40
57	117	26
57	64	89
57	58	19
57	60	9
57	70	66
57	81	76
57	107	36
57	122	70
57	135	93
58	102	80
58	130	41
58	132	12
58	105	8
58	134	59
58	82	73
58	116	80
58	129	52
58	97	27
58	66	74
58	101	17
58	65	70
58	126	19
58	128	59
58	131	84
58	62	85
58	114	42
58	98	92
58	133	97
58	99	22
58	87	90
58	139	34
59	97	63
59	130	61
59	122	17
59	133	73
59	82	6
59	115	62
59	116	76
59	136	52
59	111	28
59	107	29
59	93	21
59	108	69
59	63	23
59	65	10
59	69	26
59	92	73
59	135	35
59	67	97
59	70	67
59	120	12
59	83	89
59	104	58
59	124	78
60	126	71
60	110	81
60	112	25
60	103	9
60	84	46
60	100	25
60	127	41
60	136	35
60	82	60
60	113	84
60	85	35
60	108	58
60	90	9
60	95	47
60	87	14
60	83	61
60	124	16
60	69	64
60	135	57
60	138	69
60	131	34
60	67	70
60	121	8
60	65	12
60	105	7
60	63	7
60	61	98
60	81	18
61	95	62
61	86	38
61	120	65
61	101	56
61	127	38
61	124	89
61	128	87
61	136	18
61	65	45
61	66	89
61	64	75
61	121	86
61	94	74
61	67	15
61	122	31
61	112	47
61	116	61
61	130	48
61	63	97
61	88	93
61	84	14
61	110	100
61	118	38
61	93	20
61	131	16
61	99	8
62	114	89
62	100	79
62	90	38
62	118	43
62	87	48
62	125	84
62	132	13
62	99	31
62	65	15
62	112	48
62	103	10
62	93	97
62	113	8
62	135	12
62	96	57
62	97	76
62	104	55
62	77	60
62	69	75
62	85	74
62	115	8
63	139	20
63	104	27
63	116	95
63	123	50
63	126	8
63	119	38
63	120	10
63	96	66
63	107	36
63	88	59
63	114	12
63	136	45
63	137	7
63	138	70
63	64	75
63	130	35
63	90	74
63	68	27
63	106	7
63	131	13
63	105	99
63	108	30
63	91	32
63	97	9
63	72	24
63	110	45
63	129	96
63	134	14
63	86	95
64	134	34
64	116	98
64	130	63
64	114	40
64	102	38
64	138	9
64	88	25
64	72	18
64	96	65
64	125	18
64	100	17
64	70	8
64	101	47
64	128	73
64	74	99
64	98	43
64	117	29
64	122	84
64	105	79
64	133	59
64	80	67
64	90	43
64	91	14
64	94	90
64	126	40
65	116	85
65	129	98
65	107	5
65	93	98
65	68	38
65	96	72
65	99	58
65	91	33
65	133	81
65	69	85
65	124	54
65	94	62
65	126	36
65	130	19
65	98	69
65	103	65
65	109	88
65	113	80
65	120	52
65	74	48
65	123	53
65	132	30
65	73	19
65	92	19
65	102	84
66	124	47
66	91	16
66	129	48
66	136	79
66	122	28
66	101	10
66	103	98
66	123	52
66	68	54
66	73	72
66	117	76
66	98	81
66	114	33
66	74	30
66	90	83
66	92	56
66	135	29
67	121	87
67	104	26
67	111	93
67	128	50
67	110	31
67	126	98
67	100	29
67	108	71
67	68	15
67	114	22
67	131	46
67	134	98
67	117	20
67	91	94
67	101	14
67	70	79
67	109	91
67	89	93
67	112	12
67	120	95
67	69	89
67	76	8
67	136	35
68	123	77
68	101	94
68	97	15
68	69	84
68	110	37
68	98	92
68	119	47
68	102	9
68	122	84
68	136	16
68	113	54
68	105	36
68	73	92
68	130	54
69	94	92
69	100	43
69	134	56
69	126	32
69	128	59
69	104	86
69	113	75
69	125	58
69	129	28
69	74	89
69	135	49
69	127	52
69	105	32
69	131	17
69	99	27
69	93	69
69	78	68
69	72	93
69	75	18
69	117	28
69	98	25
69	130	84
69	133	26
69	83	60
69	82	24
69	132	76
69	139	68
70	93	45
70	103	100
70	125	32
70	94	11
70	73	98
70	119	63
70	135	62
70	120	20
70	107	94
70	123	11
70	92	89
70	115	10
70	134	67
70	101	27
70	79	40
70	77	97
70	81	60
70	111	73
70	137	23
70	128	94
70	87	84
70	78	17
70	76	81
70	129	39
70	110	65
70	117	86
70	132	59
71	98	56
71	114	38
71	103	70
71	95	11
71	75	23
71	115	73
71	102	87
71	109	30
71	108	92
71	107	27
71	129	7
71	128	6
71	99	56
71	84	69
71	118	80
71	101	17
71	135	53
71	138	99
71	104	15
71	126	24
71	113	52
71	89	93
71	86	89
71	112	96
71	123	26
71	139	57
71	90	74
72	111	18
72	118	14
72	96	90
72	134	40
72	108	55
72	94	90
72	116	75
72	103	73
72	75	52
72	99	58
72	100	75
72	110	51
72	133	38
72	130	97
72	73	15
72	114	56
72	78	92
72	102	73
72	84	31
72	131	65
72	126	85
72	129	61
72	101	37
73	104	19
73	105	92
73	123	86
73	119	19
73	128	44
73	122	60
73	138	24
73	133	24
73	125	43
73	127	96
73	79	22
73	132	23
73	74	70
73	108	78
73	83	50
73	81	31
73	75	97
73	121	29
73	115	50
74	131	74
74	132	66
74	122	46
74	101	96
74	111	69
74	127	15
74	78	23
74	110	89
74	96	25
74	75	20
74	129	45
74	108	32
74	109	71
74	86	11
74	79	46
74	116	41
75	125	15
75	122	23
75	134	25
75	126	14
75	78	73
75	76	18
75	132	39
75	101	49
75	99	36
75	109	90
75	115	57
75	87	64
75	98	71
75	114	70
75	135	8
75	139	71
75	133	57
75	127	87
75	89	99
75	79	33
75	88	79
75	90	82
76	116	30
76	105	78
76	125	26
76	79	89
76	80	95
76	100	92
76	139	12
76	102	80
76	117	50
76	98	26
76	132	89
76	127	9
76	119	43
76	131	93
76	86	41
76	106	41
76	126	33
76	118	52
76	89	59
76	101	13
76	81	28
76	120	64
77	79	37
77	117	91
77	103	13
77	124	28
77	104	91
77	85	6
77	87	11
77	136	70
77	82	79
77	135	26
77	118	22
78	137	99
78	126	36
78	111	35
78	133	24
78	104	54
78	115	7
78	106	16
78	112	81
78	131	54
78	135	38
78	84	35
78	81	89
78	127	89
79	139	53
79	81	45
79	131	66
79	130	73
79	113	72
79	101	97
79	118	16
79	82	47
79	136	64
79	85	58
79	117	37
79	107	26
79	137	15
79	119	81
79	123	77
79	125	18
79	114	97
79	111	5
79	133	57
79	134	37
80	114	95
80	104	35
80	109	39
80	105	57
80	115	22
80	117	48
80	124	16
80	139	80
80	131	37
80	88	19
80	136	36
80	116	98
80	83	34
80	93	94
80	138	96
80	84	93
80	126	18
80	90	19
80	94	34
80	130	97
81	126	88
81	133	11
81	129	81
81	136	91
81	104	80
81	87	75
81	131	62
81	84	74
81	89	32
81	135	27
81	112	50
81	117	80
81	139	33
81	125	39
81	105	96
81	106	56
81	111	53
82	115	34
82	128	49
82	114	78
82	110	58
82	135	69
82	108	72
82	132	34
82	105	79
82	107	15
82	84	57
82	106	75
82	104	35
82	87	61
82	121	55
82	126	56
82	131	78
82	129	99
82	88	46
82	94	43
83	132	29
83	125	72
83	85	39
83	112	73
83	130	33
83	136	63
83	138	66
83	89	95
83	119	52
83	94	33
83	124	42
83	129	71
83	90	92
83	115	18
83	116	85
84	106	31
84	119	12
84	122	80
84	121	85
84	115	84
84	117	46
84	118	70
84	133	32
84	108	18
84	137	28
84	129	90
84	139	19
84	98	26
84	120	88
84	130	9
84	127	71
85	109	60
85	123	21
85	127	33
85	129	10
85	125	63
85	111	8
85	135	88
85	94	34
85	90	93
85	132	57
85	118	39
85	103	60
85	96	55
85	117	59
85	100	68
86	134	12
86	108	63
86	89	56
86	129	12
86	92	36
86	128	76
86	94	95
86	95	46
86	119	21
86	136	29
86	109	92
86	122	6
86	121	80
86	98	47
87	112	21
87	136	39
87	129	37
87	121	13
87	122	66
87	91	97
87	89	55
87	135	73
87	88	57
87	98	27
87	113	67
87	104	92
87	111	50
87	103	96
87	130	43
88	128	14
88	110	62
88	135	55
88	134	25
88	136	75
88	119	32
88	111	87
88	138	21
88	101	52
88	91	56
88	100	94
88	92	41
88	112	34
88	123	65
88	118	28
88	115	82
88	94	75
89	111	90
89	137	95
89	131	75
89	127	9
89	124	59
89	121	20
89	96	6
89	123	36
89	93	71
89	134	47
89	117	67
90	126	17
90	117	86
90	136	41
90	131	75
90	95	99
90	124	23
90	128	61
90	113	93
90	119	92
90	112	57
90	139	63
90	92	24
90	93	24
90	134	67
90	123	50
91	131	34
91	117	27
91	123	36
91	128	46
91	94	57
91	113	75
91	135	87
91	99	55
91	116	41
91	139	99
91	133	45
91	120	57
91	127	33
91	136	81
91	114	25
91	115	37
91	124	70
91	97	8
91	96	78
91	121	6
91	138	94
92	134	63
92	114	66
92	128	73
92	132	68
92	130	21
92	133	33
92	139	90
92	136	52
92	124	55
92	131	66
92	123	68
92	103	70
92	97	43
92	93	23
92	107	16
92	109	63
93	127	81
93	133	65
93	125	22
93	137	11
93	134	91
93	139	82
93	117	38
93	104	5
93	135	36
93	118	8
93	110	41
93	95	73
93	128	48
93	136	63
93	103	62
93	109	97
93	121	7
94	95	97
94	137	75
94	122	40
94	123	92
94	101	37
94	130	22
94	103	16
94	133	54
94	134	75
94	121	76
95	139	29
95	117	29
95	125	56
95	132	12
95	100	86
95	133	79
95	131	29
95	102	76
95	105	19
95	101	96
95	126	75
95	108	33
95	97	80
95	112	92
95	120	27
95	98	58
95	118	11
96	130	97
96	138	31
96	120	79
96	128	42
96	137	18
96	133	17
96	100	39
96	132	88
96	101	10
96	127	48
97	135	17
97	130	89
97	98	76
97	137	43
97	105	30
97	136	9
97	119	76
97	123	77
97	139	91
97	103	44
97	99	34
98	99	87
98	129	20
98	135	11
98	121	51
98	134	18
98	139	41
98	127	38
98	123	48
98	104	63
98	124	47
98	113	12
98	130	99
99	101	40
99	138	86
99	121	18
99	123	72
99	126	26
99	134	72
99	112	85
99	133	40
99	127	58
99	103	23
99	110	84
99	131	52
100	131	15
100	123	17
100	134	25
100	125	51
100	122	78
100	137	66
100	104	12
100	133	54
100	103	84
100	136	34
100	110	19
100	118	99
101	109	40
101	117	89
101	127	83
102	127	42
102	137	93
102	105	66
102	107	90
102	103	8
102	131	23
102	138	83
102	132	86
102	110	68
102	122	69
103	135	62
103	139	47
103	128	57
103	138	85
103	106	8
103	111	96
103	116	44
103	136	71
103	117	81
103	109	17
104	128	38
104	136	71
104	105	33
104	130	61
104	107	67
104	126	54
104	116	48
104	119	42
105	128	72
105	109	52
105	110	5
105	106	30
105	132	16
105	120	82
105	111	70
105	136	42
106	135	42
106	109	35
106	138	69
106	115	88
106	117	34
106	134	20
106	112	97
106	128	83
106	113	62
106	136	53
106	122	29
107	133	28
107	109	94
107	110	66
107	114	38
107	118	65
107	108	28
107	117	7
107	120	41
107	126	71
107	137	52
108	139	97
108	132	62
108	136	51
108	122	22
108	138	17
108	116	87
108	109	98
108	117	85
109	139	68
109	114	38
109	119	97
109	125	47
110	132	83
110	113	78
110	111	77
110	134	38
110	135	69
110	139	10
110	115	83
110	133	84
110	138	40
111	138	78
111	135	24
111	137	24
111	117	40
111	121	50
111	120	40
111	128	89
112	134	18
112	139	34
112	138	22
112	126	98
112	127	33
112	137	39
112	135	22
113	138	65
113	139	74
113	115	58
113	116	93
113	118	19
113	121	16
113	133	18
114	120	14
114	127	35
114	138	40
114	136	54
114	137	33
114	122	49
115	132	97
115	125	30
116	139	92
116	120	35
116	118	77
116	119	77
117	119	13
117	120	85
117	123	47
117	129	52
117	122	81
118	120	32
118	128	98
118	121	44
118	119	92
118	136	13
119	124	69
119	132	29
119	121	79
119	136	66
119	138	79
120	126	82
120	125	56
120	127	47
121	125	26
121	129	68
121	133	6
121	136	98
122	126	7
122	128	47
123	124	94
123	125	56
123	129	85
124	129	11
124	131	7
124	130	34
125	129	88
125	137	41
125	138	78
126	127	85
126	130	54
127	135	38
127	134	47
127	137	60
128	135	43
128	139	33
128	129	91
129	134	69
129	135	36
130	136	18
130	137	31
130	134	43
131	132	67
131	136	66
131	134	87
132	137	62
133	135	11
133	139	58
134	137	41
135	138	96
135	137	7
137	139	8
