NAME: W_SPARSE_180_72
n: 180
m: 6480
0	45	46
0	111	57
0	57	29
0	179	50
0	2	99
0	103	46
0	99	68
0	49	28
0	43	91
0	93	10
0	107	93
0	69	57
0	132	98
0	137	69
0	134	24
0	84	51
0	101	74
0	39	20
0	173	90
0	74	20
0	81	45
0	121	28
0	41	29
0	125	84
0	38	7
0	100	84
0	50	44
0	90	30
0	127	85
0	139	39
0	67	93
0	88	36
0	109	77
0	61	8
0	13	11
0	44	16
0	85	26
0	14	96
0	86	17
0	5	77
0	11	79
0	167	22
0	95	92
0	94	36
0	110	29
0	168	90
0	89	19
0	46	53
0	158	52
0	55	90
0	71	64
0	47	42
0	123	80
0	78	91
0	54	40
0	96	74
0	140	39
0	27	77
0	166	96
0	164	58
0	155	72
0	161	50
0	40	18
0	106	74
0	119	34
0	22	78
0	122	32
0	77	92
0	70	88
0	73	62
0	87	29
0	1	16
1	136	68
1	113	6
1	48	92
1	75	37
1	85	20
1	59	23
1	86	79
1	135	29
1	64	44
1	79	9
1	62	46
1	80	83
1	3	86
1	77	79
1	138	63
1	41	49
1	55	54
1	121	99
1	43	44
1	78	74
1	108	81
1	119	55
1	10	91
1	132	65
1	81	42
1	66	61
1	58	37
1	13	90
1	68	69
1	106	27
1	126	74
1	139	20
1	127	84
1	40	57
1	167	73
1	142	29
1	116	93
1	96	14
1	103	85
1	107	36
1	101	79
1	82	23
1	176	40
1	45	28
1	98	40
1	179	56
1	4	90
1	24	50
1	18	78
1	144	45
1	47	49
1	49	62
1	171	55
1	61	64
1	7	41
1	99	46
1	25	15
1	110	65
1	32	34
1	164	80
1	111	56
1	133	77
1	168	75
1	92	37
1	129	15
1	31	56
1	30	91
2	89	58
2	47	74
2	86	70
2	59	59
2	50	34
2	41	59
2	122	96
2	66	54
2	67	41
2	57	15
2	79	77
2	98	75
2	65	33
2	113	68
2	46	29
2	99	62
2	143	65
2	96	47
2	178	95
2	134	6
2	72	25
2	62	39
2	115	53
2	117	58
2	126	79
2	133	44
2	141	84
2	170	22
2	136	13
2	112	60
2	173	52
2	111	60
2	85	74
2	82	94
2	124	100
2	77	6
2	168	78
2	39	5
2	78	71
2	171	85
2	179	7
2	76	28
2	166	26
2	13	68
2	48	53
2	91	66
2	9	49
2	95	47
2	105	74
2	18	39
2	131	96
2	45	36
2	11	94
2	174	49
2	127	34
2	159	42
2	132	63
2	44	100
2	118	59
2	63	92
2	28	12
2	142	78
2	153	84
2	73	95
2	151	68
2	27	32
2	107	91
2	53	96
2	119	83
2	60	63
2	109	30
2	149	36
2	158	36
3	112	91
3	127	31
3	121	19
3	43	81
3	135	89
3	40	89
3	67	81
3	85	93
3	105	37
3	6	88
3	47	56
3	72	56
3	179	73
3	101	77
3	128	50
3	56	58
3	178	65
3	119	84
3	116	77
3	46	79
3	50	38
3	145	64
3	8	44
3	126	16
3	104	91
3	129	41
3	113	68
3	54	69
3	62	94
3	48	14
3	124	61
3	99	15
3	16	16
3	96	74
3	138	11
3	88	30
3	10	53
3	21	83
3	100	12
3	165	92
3	53	19
3	42	54
3	14	30
3	132	87
3	146	19
3	66	18
3	161	87
3	65	99
3	45	11
3	84	51
3	114	6
3	12	71
3	160	58
3	139	52
3	69	27
3	94	20
3	13	95
3	136	17
3	103	52
3	55	73
3	102	71
3	17	99
3	98	38
3	110	48
3	141	67
3	162	91
3	164	86
3	167	37
3	60	85
3	154	73
3	166	52
3	61	22
3	36	90
3	59	72
3	163	48
4	56	47
4	105	53
4	123	68
4	89	13
4	118	15
4	112	49
4	79	16
4	64	6
4	63	55
4	76	53
4	98	17
4	139	78
4	143	80
4	100	11
4	62	92
4	108	96
4	87	22
4	85	70
4	102	27
4	133	20
4	97	76
4	82	58
4	138	74
4	88	14
4	115	25
4	145	24
4	45	88
4	47	12
4	71	13
4	42	17
4	70	98
4	131	47
4	68	46
4	125	56
4	116	71
4	44	11
4	73	14
4	136	74
4	83	66
4	94	77
4	129	90
4	170	52
4	134	11
4	60	88
4	41	79
4	78	50
4	20	77
4	132	79
4	101	90
4	6	72
4	43	24
4	111	22
4	130	57
4	54	81
4	157	29
4	50	10
4	107	48
4	29	7
4	67	76
4	77	27
4	167	8
4	80	67
4	16	96
4	13	32
4	59	27
4	147	76
4	58	39
4	128	81
4	160	9
5	115	52
5	84	91
5	85	38
5	95	44
5	67	74
5	113	95
5	108	48
5	82	78
5	89	50
5	92	96
5	47	35
5	10	20
5	97	11
5	75	96
5	98	19
5	99	5
5	8	18
5	77	41
5	143	74
5	140	50
5	55	66
5	45	42
5	173	42
5	86	38
5	9	23
5	14	61
5	44	98
5	124	54
5	176	78
5	7	29
5	76	16
5	19	87
5	141	58
5	46	46
5	72	12
5	83	27
5	134	90
5	65	57
5	88	7
5	142	33
5	177	68
5	71	42
5	29	79
5	109	84
5	125	76
5	111	30
5	179	76
5	93	76
5	24	51
5	87	42
5	164	26
5	107	8
5	31	96
5	90	86
5	119	87
5	50	26
5	145	57
5	161	45
5	53	14
5	104	82
5	157	83
5	110	66
5	34	78
5	12	38
5	54	45
5	127	41
5	146	57
5	151	30
5	174	60
5	58	19
6	124	93
6	66	27
6	68	96
6	7	75
6	57	19
6	93	19
6	53	78
6	58	14
6	62	14
6	149	39
6	119	97
6	105	62
6	9	31
6	76	7
6	141	49
6	145	85
6	100	28
6	120	7
6	48	87
6	142	12
6	49	96
6	113	43
6	132	21
6	112	21
6	135	22
6	19	10
6	111	46
6	148	75
6	115	64
6	177	44
6	61	78
6	56	26
6	143	60
6	171	53
6	87	70
6	8	82
6	137	26
6	10	52
6	129	45
6	139	52
6	125	86
6	108	46
6	27	67
6	14	55
6	67	41
6	95	44
6	101	61
6	118	60
6	23	96
6	122	53
6	126	49
6	15	18
6	77	56
6	179	43
6	102	83
6	28	90
6	75	29
6	79	33
6	134	30
6	30	37
6	52	81
6	144	60
6	12	86
6	20	83
6	92	18
6	114	14
6	162	83
6	47	22
6	70	17
6	99	32
6	98	45
6	38	32
6	89	92
6	37	22
6	42	9
6	156	59
7	56	32
7	115	48
7	121	46
7	149	11
7	72	8
7	103	73
7	100	60
7	64	44
7	81	96
7	45	86
7	129	95
7	125	51
7	134	20
7	78	38
7	89	80
7	106	25
7	82	45
7	58	61
7	128	44
7	16	6
7	57	43
7	73	78
7	177	67
7	101	90
7	71	40
7	111	13
7	124	78
7	20	81
7	174	6
7	172	28
7	60	56
7	127	25
7	84	27
7	93	58
7	141	31
7	168	17
7	99	41
7	18	92
7	75	8
7	65	95
7	24	74
7	79	96
7	15	66
7	52	16
7	148	7
7	12	8
7	62	54
7	119	35
7	85	12
7	107	91
7	144	19
7	37	89
7	162	47
7	140	62
7	34	98
7	25	67
7	155	87
7	142	78
7	46	73
7	88	65
8	118	27
8	54	24
8	59	55
8	139	84
8	86	92
8	106	22
8	147	50
8	46	83
8	51	30
8	78	70
8	94	11
8	95	58
8	89	96
8	13	21
8	96	85
8	121	12
8	74	40
8	49	28
8	11	88
8	72	32
8	109	89
8	70	84
8	143	63
8	133	43
8	134	32
8	130	58
8	71	80
8	66	99
8	115	41
8	151	86
8	73	72
8	24	48
8	77	57
8	103	51
8	128	87
8	15	37
8	136	56
8	170	6
8	149	93
8	52	84
8	68	71
8	169	82
8	16	10
8	141	54
8	107	76
8	116	24
8	171	47
8	148	97
8	55	69
8	19	21
8	76	99
8	79	49
8	99	52
8	140	97
8	22	53
8	57	94
8	9	33
8	165	25
8	20	72
8	83	86
8	176	48
8	178	6
8	166	41
8	91	67
8	18	54
8	159	26
8	31	32
8	112	77
8	127	76
8	161	40
8	33	28
8	81	18
9	83	25
9	46	33
9	52	17
9	70	43
9	93	32
9	14	12
9	108	23
9	142	17
9	115	12
9	82	40
9	58	97
9	75	30
9	116	17
9	139	53
9	122	67
9	120	57
9	106	73
9	127	66
9	13	28
9	15	37
9	91	13
9	81	50
9	80	45
9	137	42
9	67	66
9	64	91
9	65	77
9	77	93
9	175	19
9	21	46
9	23	99
9	25	85
9	147	15
9	16	74
9	73	77
9	97	81
9	133	16
9	128	12
9	72	62
9	107	8
9	99	22
9	112	63
9	130	38
9	11	74
9	48	53
9	35	89
9	36	9
9	136	89
9	92	22
9	165	6
9	118	44
9	27	37
9	148	69
9	169	53
9	159	86
9	173	29
9	149	48
9	22	65
9	103	17
9	63	8
9	152	85
9	171	11
10	102	29
10	80	99
10	119	88
10	104	75
10	103	77
10	95	87
10	146	40
10	11	56
10	96	74
10	98	15
10	61	99
10	115	79
10	81	61
10	59	71
10	74	77
10	150	15
10	132	59
10	148	22
10	77	15
10	110	21
10	58	15
10	179	72
10	153	43
10	12	75
10	114	61
10	67	56
10	133	45
10	101	57
10	134	61
10	47	35
10	131	25
10	17	41
10	65	85
10	147	26
10	136	83
10	18	15
10	112	17
10	142	10
10	125	28
10	137	36
10	86	18
10	149	74
10	23	32
10	62	42
10	89	23
10	176	42
10	138	87
10	87	52
10	24	95
10	75	52
10	19	18
10	168	71
10	175	24
10	92	8
10	169	47
10	28	16
10	25	39
10	91	37
10	174	31
10	166	39
10	170	10
10	38	5
10	107	65
10	121	48
10	143	84
10	124	48
10	111	48
10	126	60
10	39	9
11	151	84
11	130	42
11	149	51
11	90	80
11	118	99
11	75	11
11	113	35
11	152	6
11	14	26
11	64	67
11	121	87
11	147	95
11	51	6
11	129	80
11	140	97
11	150	73
11	153	61
11	68	21
11	148	96
11	17	57
11	96	80
11	132	53
11	59	42
11	70	59
11	87	48
11	21	73
11	95	11
11	134	10
11	72	86
11	88	75
11	53	77
11	154	74
11	101	98
11	104	84
11	123	85
11	127	43
11	173	20
11	61	44
11	178	6
11	13	82
11	122	49
11	15	32
11	16	100
11	102	43
11	110	26
11	83	80
11	135	68
11	86	83
11	57	99
11	19	78
11	32	37
11	38	26
11	89	98
11	107	47
11	117	93
11	27	34
11	93	67
11	55	16
11	31	95
11	80	80
11	74	95
11	50	82
11	115	79
11	144	51
11	177	54
11	34	23
11	92	60
11	170	55
11	69	23
11	73	23
11	78	87
11	125	8
12	73	32
12	137	63
12	122	30
12	88	81
12	126	89
12	129	94
12	78	21
12	13	11
12	108	74
12	53	27
12	95	90
12	113	30
12	74	47
12	114	22
12	93	51
12	121	97
12	136	94
12	60	57
12	142	42
12	65	67
12	92	70
12	75	35
12	66	46
12	120	12
12	62	10
12	155	86
12	82	55
12	131	99
12	25	59
12	51	47
12	150	63
12	105	97
12	146	88
12	69	8
12	54	14
12	152	53
12	71	20
12	19	99
12	85	67
12	56	95
12	138	57
12	153	27
12	106	47
12	30	23
12	84	80
12	111	44
12	133	36
12	134	13
12	76	85
12	97	81
12	61	38
12	107	70
12	31	6
12	117	16
12	79	23
12	90	92
12	35	20
12	173	32
12	101	96
12	177	69
12	68	49
12	34	77
12	103	99
12	83	37
12	21	33
12	39	32
12	151	29
12	52	52
12	87	6
12	81	93
12	50	31
12	38	25
12	178	13
12	55	61
12	166	97
13	115	34
13	148	38
13	76	89
13	147	65
13	156	14
13	107	10
13	61	50
13	140	36
13	129	41
13	81	74
13	97	65
13	151	84
13	60	65
13	69	69
13	139	79
13	83	65
13	120	21
13	136	50
13	21	50
13	57	40
13	80	57
13	88	54
13	127	83
13	70	66
13	66	53
13	149	87
13	51	65
13	143	61
13	146	51
13	93	56
13	18	71
13	50	83
13	73	31
13	110	79
13	103	60
13	62	98
13	145	88
13	131	44
13	133	23
13	63	54
13	123	64
13	172	31
13	37	92
13	16	84
13	105	98
13	20	71
13	125	58
13	25	45
13	175	88
13	22	67
13	86	33
13	152	96
13	32	56
13	29	50
13	72	47
13	74	59
13	102	6
13	142	73
13	104	77
13	170	38
13	108	70
13	141	12
13	40	7
13	162	46
13	154	53
13	27	88
13	116	15
13	71	17
13	47	19
13	118	36
14	112	21
14	96	43
14	52	51
14	71	96
14	121	55
14	95	33
14	114	77
14	58	13
14	137	26
14	141	20
14	19	98
14	131	72
14	129	43
14	147	98
14	118	98
14	25	68
14	116	57
14	55	15
14	92	94
14	110	87
14	84	54
14	100	51
14	69	52
14	150	91
14	123	89
14	134	99
14	119	61
14	73	88
14	90	50
14	20	78
14	79	79
14	64	44
14	173	45
14	22	84
14	82	37
14	107	82
14	99	73
14	67	70
14	148	16
14	75	33
14	169	85
14	16	30
14	91	76
14	135	17
14	175	70
14	23	71
14	155	75
14	78	62
14	31	30
14	59	25
14	30	63
14	33	77
14	43	70
14	103	44
14	168	35
14	21	24
14	159	97
14	87	21
14	157	60
15	66	90
15	88	38
15	147	8
15	111	92
15	81	32
15	152	28
15	74	16
15	69	72
15	126	23
15	150	7
15	151	66
15	96	9
15	138	69
15	123	99
15	127	37
15	61	18
15	156	74
15	72	85
15	158	93
15	55	17
15	104	23
15	145	87
15	93	50
15	120	31
15	135	65
15	21	39
15	59	44
15	141	59
15	20	95
15	58	50
15	64	29
15	130	37
15	76	29
15	153	61
15	89	11
15	115	56
15	103	24
15	179	88
15	157	88
15	65	59
15	97	39
15	102	74
15	16	29
15	68	81
15	149	39
15	94	42
15	148	61
15	57	27
15	124	50
15	23	31
15	114	73
15	53	30
15	169	15
15	40	27
15	173	97
15	86	78
15	118	93
15	132	9
15	165	66
15	71	96
15	142	63
15	73	81
15	131	63
15	160	87
15	43	47
16	125	40
16	109	27
16	60	46
16	139	35
16	91	75
16	129	9
16	55	35
16	132	84
16	117	62
16	62	54
16	80	60
16	111	7
16	142	60
16	84	22
16	157	41
16	83	45
16	90	80
16	104	97
16	18	71
16	21	42
16	67	55
16	133	96
16	134	42
16	145	10
16	86	48
16	148	97
16	22	36
16	30	47
16	107	19
16	26	64
16	85	36
16	116	5
16	75	82
16	156	99
16	100	83
16	146	23
16	23	46
16	106	34
16	138	26
16	82	89
16	92	11
16	110	7
16	136	61
16	74	68
16	38	53
16	39	89
16	89	59
16	78	25
16	122	83
16	105	93
16	118	66
16	33	19
16	40	76
16	28	95
16	94	27
16	150	16
16	168	63
16	24	14
16	65	84
16	178	79
16	50	93
16	71	100
17	76	61
17	87	91
17	154	68
17	107	32
17	131	83
17	140	29
17	136	50
17	146	77
17	23	12
17	103	77
17	24	70
17	158	99
17	145	83
17	157	21
17	93	29
17	95	46
17	19	9
17	113	68
17	67	62
17	27	77
17	86	92
17	97	98
17	114	89
17	88	14
17	28	74
17	150	69
17	25	33
17	92	45
17	138	83
17	32	6
17	94	56
17	121	51
17	137	13
17	120	72
17	29	96
17	31	37
17	119	72
17	68	13
17	84	56
17	34	76
17	139	50
17	56	24
17	111	69
17	82	70
17	115	14
17	109	27
17	174	75
17	108	18
17	101	80
17	74	95
17	98	95
17	44	59
17	35	47
17	168	40
17	105	40
17	46	71
17	47	49
17	127	92
17	80	51
17	37	64
17	176	70
17	36	45
17	72	72
17	81	95
17	133	12
17	70	42
18	95	88
18	19	59
18	93	72
18	83	32
18	90	85
18	107	70
18	140	72
18	97	26
18	114	6
18	131	89
18	155	77
18	94	97
18	158	19
18	99	25
18	124	59
18	147	60
18	64	28
18	111	12
18	126	42
18	92	32
18	96	84
18	78	83
18	76	95
18	110	24
18	156	62
18	59	78
18	118	65
18	75	85
18	160	58
18	79	66
18	148	57
18	130	64
18	60	63
18	67	20
18	74	91
18	157	17
18	26	14
18	57	56
18	84	95
18	122	9
18	149	61
18	120	31
18	127	31
18	28	63
18	159	98
18	129	51
18	142	7
18	139	78
18	24	52
18	66	84
18	23	52
18	151	31
18	32	33
18	103	49
18	141	73
18	117	55
18	70	83
18	152	18
18	116	7
18	41	80
18	44	81
18	72	70
18	37	54
18	47	24
18	128	77
18	136	82
19	153	74
19	140	60
19	75	68
19	21	55
19	23	24
19	139	51
19	160	51
19	152	47
19	101	31
19	125	70
19	24	75
19	83	72
19	129	31
19	56	59
19	142	68
19	78	94
19	91	74
19	96	69
19	105	42
19	108	82
19	109	33
19	95	82
19	106	39
19	116	17
19	123	38
19	151	46
19	59	43
19	127	60
19	155	88
19	76	57
19	93	31
19	117	46
19	134	28
19	126	37
19	157	60
19	159	72
19	29	72
19	149	14
19	77	75
19	66	51
19	22	50
19	28	82
19	146	31
19	99	63
19	61	98
19	124	64
19	137	65
19	64	79
19	30	48
19	74	43
19	162	70
19	176	83
19	145	40
19	31	72
19	128	10
19	37	93
19	100	31
19	131	28
19	133	49
19	112	76
19	130	93
19	173	53
19	132	84
19	70	36
19	111	73
19	35	89
19	171	59
19	43	10
19	175	45
19	135	26
19	92	53
19	26	14
20	157	50
20	74	38
20	153	14
20	149	61
20	158	62
20	138	92
20	85	77
20	99	41
20	154	48
20	110	13
20	148	22
20	60	70
20	131	10
20	139	15
20	143	81
20	92	35
20	111	15
20	146	76
20	63	98
20	29	17
20	145	96
20	76	88
20	78	82
20	31	39
20	132	45
20	152	44
20	86	47
20	89	60
20	155	82
20	104	17
20	69	82
20	133	23
20	159	95
20	95	21
20	70	32
20	32	56
20	160	79
20	90	75
20	163	6
20	40	64
20	130	48
20	129	15
20	41	23
20	116	84
20	137	54
20	103	6
20	113	57
20	115	89
20	120	5
20	107	39
20	102	5
20	28	73
20	123	86
20	84	6
20	42	18
20	178	18
20	27	61
20	48	77
20	98	15
20	101	57
20	68	91
20	124	9
20	121	90
20	112	13
20	100	63
20	53	7
21	138	39
21	131	48
21	151	23
21	154	79
21	127	78
21	152	71
21	157	59
21	161	46
21	112	53
21	88	31
21	74	66
21	100	6
21	160	93
21	82	76
21	86	72
21	106	11
21	153	11
21	141	54
21	139	88
21	164	26
21	110	19
21	140	59
21	61	70
21	107	48
21	122	39
21	85	56
21	119	79
21	145	9
21	73	15
21	80	40
21	27	50
21	23	70
21	89	56
21	123	55
21	29	10
21	67	56
21	97	36
21	78	93
21	117	25
21	143	75
21	36	22
21	124	8
21	135	91
21	71	49
21	70	85
21	177	64
21	39	26
21	34	36
21	118	70
21	81	93
21	32	93
21	46	24
21	84	31
21	125	8
21	126	44
21	136	28
21	133	73
21	41	10
21	92	72
21	98	60
21	96	15
21	134	43
21	149	79
21	33	97
21	155	41
21	44	42
22	119	44
22	123	84
22	60	41
22	66	24
22	118	87
22	113	100
22	103	56
22	116	37
22	129	71
22	97	65
22	141	52
22	155	26
22	152	97
22	110	37
22	162	95
22	106	47
22	151	59
22	27	48
22	65	25
22	77	37
22	32	18
22	163	88
22	111	63
22	125	25
22	150	57
22	75	60
22	115	8
22	130	27
22	128	47
22	145	44
22	29	50
22	63	73
22	120	16
22	132	8
22	144	99
22	142	20
22	107	70
22	87	74
22	122	78
22	135	62
22	126	43
22	35	59
22	80	65
22	40	12
22	89	82
22	108	97
22	45	46
22	48	29
22	171	30
22	33	62
22	82	77
22	178	39
22	99	27
22	92	70
22	156	81
22	149	92
22	69	76
23	125	64
23	24	38
23	101	81
23	81	84
23	91	60
23	92	25
23	138	69
23	156	37
23	117	82
23	146	20
23	76	33
23	84	32
23	99	22
23	66	20
23	105	68
23	82	27
23	123	96
23	130	84
23	162	22
23	132	54
23	61	33
23	153	17
23	128	27
23	79	60
23	89	41
23	155	71
23	147	83
23	131	30
23	143	90
23	157	12
23	166	88
23	108	77
23	77	83
23	67	15
23	113	15
23	152	25
23	72	59
23	78	62
23	164	42
23	34	31
23	33	31
23	142	55
23	68	28
23	62	14
23	154	80
23	86	47
23	124	53
23	28	58
23	145	26
23	110	60
23	177	27
23	126	42
23	134	39
23	41	81
23	65	88
23	73	51
23	74	49
23	159	41
23	42	44
23	151	23
23	165	88
23	122	27
23	38	8
23	56	65
24	143	13
24	71	42
24	125	21
24	153	26
24	156	16
24	105	54
24	161	25
24	128	88
24	124	62
24	109	25
24	136	59
24	144	93
24	69	98
24	79	15
24	30	21
24	76	82
24	162	16
24	103	65
24	146	84
24	114	32
24	107	47
24	94	54
24	135	68
24	138	51
24	72	94
24	158	96
24	131	69
24	147	68
24	87	71
24	68	25
24	38	89
24	91	88
24	123	12
24	159	76
24	66	85
24	43	98
24	97	13
24	35	13
24	106	16
24	45	86
24	121	81
24	78	82
24	41	95
24	29	57
24	74	33
24	127	90
24	163	74
24	104	25
24	70	21
24	154	56
24	28	41
24	145	18
24	53	45
24	63	45
24	151	64
24	57	80
24	58	39
24	49	81
24	36	57
24	95	83
24	172	36
24	160	98
25	80	78
25	89	23
25	165	29
25	77	29
25	163	38
25	95	28
25	92	42
25	63	95
25	71	28
25	27	23
25	86	18
25	26	74
25	149	43
25	130	28
25	69	82
25	136	75
25	162	88
25	154	50
25	30	95
25	98	70
25	121	86
25	156	71
25	91	44
25	145	66
25	160	25
25	97	89
25	81	58
25	113	7
25	164	24
25	157	5
25	111	34
25	28	50
25	38	84
25	116	15
25	151	28
25	90	55
25	142	53
25	131	78
25	102	32
25	78	27
25	134	47
25	66	94
25	43	67
25	114	23
25	129	86
25	147	95
25	126	25
25	146	44
25	153	77
25	158	61
25	29	27
25	108	6
25	100	46
25	155	82
25	52	64
25	106	34
25	112	87
25	137	55
25	39	87
25	48	55
25	44	19
25	35	16
25	109	67
25	93	9
25	84	43
25	120	92
25	33	97
25	138	51
26	135	46
26	82	32
26	153	74
26	101	25
26	88	28
26	163	18
26	167	76
26	157	17
26	130	92
26	126	22
26	30	20
26	134	24
26	68	94
26	143	21
26	80	35
26	29	69
26	67	94
26	74	22
26	148	71
26	73	97
26	35	97
26	124	33
26	100	12
26	65	16
26	75	24
26	144	48
26	151	37
26	131	77
26	77	63
26	102	14
26	103	41
26	149	64
26	145	35
26	107	42
26	136	26
26	31	78
26	106	99
26	121	16
26	150	20
26	45	24
26	112	17
26	69	35
26	159	6
26	133	96
26	105	37
26	108	89
26	49	85
26	169	100
26	92	86
26	142	28
26	47	97
26	83	89
26	117	58
26	127	46
26	56	12
26	146	40
26	178	71
26	110	28
26	55	25
26	164	50
26	28	27
26	140	81
26	79	12
27	152	29
27	102	74
27	141	34
27	147	57
27	164	15
27	132	26
27	163	24
27	85	25
27	91	21
27	140	24
27	151	74
27	86	62
27	90	41
27	29	30
27	120	84
27	127	27
27	96	28
27	108	8
27	39	26
27	93	56
27	98	55
27	87	32
27	128	11
27	77	25
27	94	41
27	71	87
27	139	60
27	38	17
27	135	87
27	148	87
27	116	89
27	37	28
27	169	86
27	121	61
27	154	19
27	145	68
27	100	53
27	156	70
27	117	82
27	95	83
27	88	48
27	46	14
27	73	14
27	76	14
27	67	72
27	119	7
27	122	12
27	170	39
27	49	60
27	69	75
27	104	96
27	131	78
27	133	24
27	34	19
27	97	6
27	44	89
27	109	46
27	158	46
27	114	40
27	58	23
27	150	36
27	111	42
28	139	58
28	158	19
28	166	52
28	150	86
28	100	84
28	121	40
28	70	85
28	110	83
28	128	66
28	140	98
28	82	32
28	162	89
28	170	71
28	157	51
28	133	38
28	147	95
28	117	57
28	132	49
28	118	26
28	91	44
28	96	96
28	107	7
28	154	81
28	141	8
28	142	45
28	94	66
28	171	44
28	83	94
28	167	19
28	42	61
28	45	52
28	77	34
28	34	67
28	68	34
28	131	58
28	151	90
28	43	54
28	163	7
28	102	19
28	87	79
28	73	28
28	153	19
28	156	88
28	31	70
28	47	39
28	143	10
28	51	53
28	164	53
28	124	71
28	97	26
28	135	25
28	137	14
28	88	32
28	116	42
28	177	68
28	85	96
28	120	68
28	57	17
29	74	27
29	68	10
29	154	32
29	159	16
29	95	100
29	113	61
29	105	83
29	80	94
29	129	67
29	109	6
29	72	23
29	101	44
29	75	8
29	127	43
29	77	27
29	88	45
29	99	18
29	130	29
29	148	95
29	165	53
29	167	19
29	114	38
29	146	50
29	69	27
29	163	21
29	161	55
29	79	62
29	110	72
29	90	18
29	162	88
29	103	76
29	76	7
29	121	49
29	82	46
29	96	32
29	151	81
29	160	88
29	86	20
29	118	13
29	145	99
29	38	9
29	150	19
29	87	24
29	40	80
29	67	5
29	92	28
29	120	18
29	171	66
29	166	94
29	138	50
29	85	33
29	149	22
29	133	98
29	34	55
29	89	94
29	102	92
29	139	58
29	168	65
29	169	29
29	42	76
29	123	44
29	164	23
29	94	35
29	56	76
29	170	6
29	47	63
29	54	30
29	93	43
29	157	80
29	50	27
29	49	89
29	71	42
29	78	45
29	36	95
29	175	62
29	176	15
29	32	20
30	126	12
30	77	62
30	104	56
30	144	52
30	89	97
30	123	29
30	110	34
30	109	51
30	134	58
30	173	44
30	76	49
30	90	86
30	36	51
30	152	81
30	168	33
30	114	47
30	78	12
30	111	29
30	141	31
30	154	89
30	159	73
30	106	69
30	81	32
30	84	72
30	124	14
30	163	98
30	39	11
30	139	43
30	33	31
30	69	97
30	121	55
30	86	19
30	146	20
30	37	76
30	107	11
30	80	78
30	42	69
30	70	65
30	75	96
30	44	63
30	151	42
30	49	63
30	170	6
30	161	17
30	137	36
30	31	41
30	164	48
30	74	75
30	58	66
30	91	25
30	160	30
30	158	74
30	38	89
30	156	60
30	82	69
30	55	57
30	63	75
30	167	41
30	34	99
30	45	25
30	142	50
30	61	56
30	155	78
31	129	52
31	32	94
31	128	14
31	97	77
31	110	100
31	136	60
31	143	46
31	145	45
31	107	28
31	73	41
31	159	71
31	146	66
31	80	71
31	142	51
31	134	10
31	85	99
31	157	50
31	91	8
31	101	45
31	113	49
31	121	27
31	130	59
31	75	47
31	37	47
31	133	67
31	144	13
31	165	84
31	104	94
31	124	65
31	138	7
31	147	5
31	82	63
31	41	93
31	43	94
31	74	16
31	151	48
31	160	44
31	162	28
31	135	87
31	122	16
31	36	48
31	105	58
31	34	52
31	51	41
31	126	49
31	69	83
31	108	93
31	33	14
31	100	16
31	76	12
31	79	18
31	78	7
31	109	20
31	172	61
31	83	97
31	153	72
31	155	34
31	95	29
31	174	62
31	171	16
31	62	61
31	89	7
31	119	19
31	140	46
31	117	51
31	161	35
31	57	22
32	87	99
32	144	9
32	119	16
32	155	20
32	165	18
32	92	80
32	109	74
32	37	96
32	101	22
32	124	26
32	142	33
32	98	83
32	123	30
32	90	64
32	128	14
32	86	44
32	85	43
32	114	37
32	42	54
32	34	59
32	104	51
32	130	43
32	88	13
32	83	59
32	158	91
32	40	30
32	141	10
32	39	100
32	143	21
32	131	71
32	46	18
32	172	85
32	100	59
32	152	94
32	106	71
32	69	16
32	94	33
32	108	29
32	166	75
32	157	30
32	47	52
32	164	50
32	51	12
32	96	23
32	36	65
32	134	29
32	127	74
32	84	20
32	75	94
32	78	97
32	136	18
32	56	60
32	45	45
32	111	94
32	41	30
32	95	36
32	99	81
32	116	37
32	133	45
32	113	67
32	173	88
32	97	79
32	64	94
32	170	27
32	147	23
32	163	40
32	33	36
33	142	85
33	105	74
33	86	65
33	167	58
33	82	82
33	117	43
33	87	21
33	85	9
33	116	40
33	78	99
33	151	32
33	155	55
33	37	87
33	174	64
33	149	84
33	168	36
33	175	17
33	159	22
33	114	56
33	153	80
33	154	46
33	157	87
33	164	43
33	45	42
33	38	66
33	126	15
33	109	92
33	122	6
33	163	50
33	147	96
33	50	60
33	112	42
33	51	44
33	128	42
33	40	97
33	83	70
33	41	31
33	91	73
33	49	82
33	141	36
33	127	61
33	173	73
33	48	48
33	129	51
33	107	22
33	56	13
33	123	36
33	72	63
33	106	21
33	75	52
33	95	11
33	43	86
33	98	63
33	47	69
33	93	77
33	158	56
33	90	73
34	113	37
34	168	86
34	102	30
34	126	99
34	144	17
34	152	71
34	75	58
34	79	91
34	84	19
34	108	16
34	77	99
34	118	43
34	131	45
34	170	78
34	176	58
34	90	40
34	141	7
34	36	73
34	122	95
34	43	47
34	42	43
34	100	13
34	148	35
34	163	33
34	91	26
34	173	12
34	149	68
34	162	82
34	142	69
34	135	82
34	74	14
34	107	88
34	95	76
34	37	55
34	46	65
34	76	24
34	101	98
34	132	69
34	161	16
34	51	55
34	72	44
34	109	20
34	164	22
34	157	10
34	143	68
34	93	91
34	80	14
34	39	70
34	103	62
34	146	76
34	120	8
34	85	73
34	124	78
34	121	30
34	147	78
34	145	98
34	125	15
34	94	80
34	110	73
34	172	65
34	129	18
34	151	54
35	139	90
35	79	63
35	127	63
35	177	90
35	114	69
35	164	33
35	92	43
35	91	16
35	76	69
35	37	14
35	99	99
35	126	46
35	115	18
35	116	98
35	40	41
35	94	45
35	150	7
35	120	14
35	157	85
35	72	65
35	97	8
35	109	82
35	73	63
35	80	90
35	172	16
35	113	27
35	119	49
35	49	84
35	117	20
35	155	38
35	36	22
35	46	12
35	44	98
35	112	25
35	81	31
35	74	28
35	153	63
35	168	79
35	137	57
35	159	41
35	61	44
35	123	74
35	146	66
35	100	42
35	111	83
35	133	43
35	161	53
35	101	89
35	63	81
35	55	74
35	178	97
36	83	60
36	121	25
36	137	7
36	142	26
36	74	67
36	119	88
36	144	60
36	80	63
36	124	74
36	106	57
36	40	95
36	147	16
36	78	71
36	73	87
36	76	8
36	79	72
36	154	13
36	173	26
36	89	27
36	75	37
36	92	19
36	45	50
36	85	62
36	91	93
36	178	9
36	131	23
36	105	14
36	118	61
36	120	97
36	150	83
36	103	100
36	116	8
36	158	99
36	110	92
36	134	42
36	141	57
36	37	70
36	38	32
36	153	36
36	146	65
36	59	41
36	50	61
36	58	81
36	77	25
36	99	91
36	139	55
36	113	85
36	41	93
36	126	51
36	145	82
36	155	34
36	82	60
36	117	62
36	179	12
36	130	17
36	66	95
36	61	76
36	102	27
36	93	35
36	161	82
36	165	94
36	65	51
37	92	61
37	167	55
37	154	48
37	101	77
37	141	38
37	91	26
37	79	46
37	104	54
37	133	82
37	76	98
37	165	20
37	140	18
37	155	98
37	149	16
37	126	13
37	43	65
37	172	75
37	42	72
37	82	36
37	153	12
37	89	57
37	130	64
37	99	8
37	50	11
37	159	27
37	115	32
37	179	47
37	41	6
37	110	64
37	147	91
37	83	56
37	170	32
37	177	23
37	46	86
37	44	7
37	137	79
37	112	83
37	113	69
37	59	64
37	138	76
37	127	54
37	142	21
37	40	16
37	129	22
37	164	72
37	132	33
37	103	29
37	148	5
37	109	43
37	162	24
37	156	82
37	51	93
37	62	53
38	76	19
38	79	52
38	107	55
38	114	82
38	120	50
38	152	16
38	144	13
38	153	28
38	123	67
38	104	32
38	133	39
38	96	44
38	172	47
38	78	18
38	158	37
38	171	67
38	176	89
38	93	90
38	154	74
38	85	98
38	157	92
38	101	70
38	110	65
38	118	99
38	142	84
38	137	63
38	86	36
38	92	38
38	113	75
38	119	52
38	88	71
38	95	66
38	138	10
38	108	78
38	175	69
38	94	68
38	162	69
38	132	5
38	50	77
38	166	12
38	47	82
38	117	78
38	149	8
38	64	93
38	165	41
38	102	33
38	170	54
38	150	42
38	56	26
38	62	22
38	43	98
38	105	69
38	174	91
38	44	75
38	167	94
38	139	94
38	136	10
38	148	46
39	152	96
39	142	97
39	164	43
39	165	45
39	119	96
39	179	40
39	92	60
39	85	66
39	112	8
39	133	83
39	129	48
39	137	59
39	144	56
39	99	91
39	115	98
39	175	24
39	48	44
39	80	81
39	113	6
39	136	64
39	156	32
39	155	67
39	146	69
39	174	44
39	77	96
39	169	93
39	120	43
39	82	59
39	84	28
39	177	20
39	49	13
39	109	82
39	86	15
39	90	89
39	111	70
39	53	85
39	121	88
39	161	70
39	108	67
39	157	28
39	51	58
39	154	95
39	138	97
39	162	66
39	50	73
39	114	65
39	110	22
39	78	78
39	116	78
39	168	65
39	147	7
39	103	81
39	81	25
39	178	46
39	139	34
39	59	6
39	72	41
39	67	12
39	41	89
39	60	26
40	84	34
40	177	55
40	132	43
40	148	37
40	82	7
40	161	17
40	162	29
40	108	92
40	163	27
40	127	59
40	154	34
40	118	61
40	94	19
40	147	45
40	105	73
40	104	7
40	125	28
40	149	64
40	155	24
40	79	68
40	102	88
40	124	31
40	171	67
40	135	37
40	142	52
40	145	90
40	119	68
40	133	30
40	101	10
40	150	71
40	144	46
40	99	76
40	128	40
40	88	89
40	179	81
40	48	79
40	89	86
40	114	37
40	137	88
40	44	17
40	92	36
40	41	31
40	56	80
40	160	91
40	50	32
40	53	84
40	64	23
40	107	6
40	66	37
40	68	58
40	100	12
40	166	47
40	174	12
40	80	35
40	134	79
40	83	38
40	157	32
41	129	52
41	109	96
41	159	27
41	150	74
41	94	19
41	87	19
41	176	68
41	110	45
41	45	21
41	101	33
41	151	12
41	143	53
41	103	62
41	136	52
41	92	97
41	166	13
41	95	69
41	168	41
41	130	17
41	175	16
41	134	72
41	124	60
41	141	5
41	144	12
41	179	27
41	140	52
41	142	71
41	83	97
41	133	54
41	118	35
41	58	96
41	153	91
41	100	31
41	44	56
41	172	19
41	105	9
41	160	54
41	127	79
41	82	8
41	178	60
41	114	22
41	46	94
41	125	85
41	123	94
41	154	14
41	152	54
41	162	49
41	146	59
41	98	25
41	121	77
41	62	50
41	70	33
41	149	65
41	43	31
42	87	56
42	88	67
42	142	54
42	146	47
42	170	93
42	109	6
42	93	73
42	114	86
42	139	79
42	112	49
42	128	14
42	155	72
42	166	24
42	159	99
42	124	79
42	95	56
42	117	56
42	120	9
42	44	17
42	169	25
42	81	93
42	82	70
42	92	73
42	176	70
42	52	21
42	90	24
42	104	79
42	156	87
42	174	80
42	105	79
42	163	89
42	85	35
42	99	90
42	145	12
42	50	39
42	136	93
42	113	62
42	122	12
42	149	31
42	103	7
42	100	34
42	61	26
42	133	36
42	131	85
42	125	68
42	47	11
42	151	6
42	43	25
42	130	58
42	66	70
42	51	99
42	172	53
42	167	72
42	135	31
42	58	55
42	134	15
42	165	60
42	48	98
42	45	91
42	102	61
43	122	60
43	108	6
43	168	7
43	160	26
43	144	66
43	153	96
43	149	16
43	101	49
43	45	91
43	171	82
43	163	96
43	46	62
43	86	49
43	93	67
43	136	65
43	83	63
43	118	23
43	146	38
43	106	15
43	176	61
43	115	94
43	135	36
43	125	58
43	53	44
43	51	27
43	120	45
43	117	92
43	84	71
43	98	35
43	155	56
43	94	73
43	162	78
43	95	57
43	57	7
43	156	72
43	90	33
43	124	49
43	54	57
43	152	36
43	97	15
43	121	14
43	48	81
43	140	95
43	147	30
43	70	93
43	158	32
43	127	59
43	82	24
43	138	91
43	141	78
43	44	24
43	139	39
43	126	27
43	67	100
44	134	44
44	163	34
44	171	40
44	127	85
44	111	55
44	93	73
44	157	7
44	125	14
44	128	27
44	176	27
44	50	11
44	89	84
44	105	38
44	118	90
44	116	14
44	143	85
44	115	96
44	101	97
44	167	44
44	51	43
44	97	83
44	55	37
44	149	21
44	95	7
44	174	97
44	161	5
44	110	30
44	137	44
44	83	10
44	155	6
44	100	83
44	162	29
44	152	43
44	138	41
44	142	73
44	103	51
44	60	15
44	132	52
44	165	33
44	129	81
44	82	37
44	113	17
44	102	87
44	169	93
44	52	55
44	53	23
44	160	88
44	158	64
44	146	74
44	57	34
44	66	96
44	106	72
44	156	8
44	168	85
44	67	24
45	88	39
45	131	64
45	160	67
45	154	63
45	179	89
45	47	40
45	46	51
45	106	41
45	126	84
45	140	92
45	167	47
45	84	33
45	117	56
45	133	64
45	91	82
45	134	32
45	172	56
45	85	50
45	97	59
45	103	79
45	164	81
45	123	49
45	129	86
45	171	63
45	50	80
45	119	8
45	155	80
45	143	90
45	163	49
45	144	48
45	63	12
45	61	91
45	92	85
45	158	14
45	87	56
45	51	58
45	145	89
45	48	42
45	170	64
45	60	91
45	82	66
45	114	50
45	148	12
45	86	97
45	90	10
45	178	70
45	65	25
45	95	48
45	70	66
45	55	70
45	110	63
45	120	65
45	111	36
45	109	73
45	59	60
45	149	32
45	169	66
45	177	81
45	122	61
46	116	36
46	134	20
46	115	38
46	142	27
46	169	55
46	150	79
46	110	71
46	175	59
46	178	52
46	138	39
46	118	60
46	117	56
46	122	75
46	129	38
46	135	29
46	176	34
46	104	50
46	56	91
46	147	27
46	156	77
46	133	94
46	171	75
46	131	48
46	123	67
46	158	96
46	114	89
46	132	70
46	143	90
46	166	62
46	174	46
46	111	13
46	92	11
46	157	76
46	91	59
46	128	91
46	177	68
46	152	74
46	57	51
46	140	80
46	141	87
46	170	65
46	137	10
46	90	92
46	149	39
46	88	83
46	106	51
46	168	78
46	95	26
46	76	34
46	47	97
46	145	73
46	172	81
46	71	12
46	93	6
46	86	81
47	95	28
47	175	22
47	116	82
47	91	92
47	166	83
47	167	73
47	86	65
47	153	65
47	100	14
47	87	8
47	98	93
47	123	72
47	162	72
47	160	62
47	112	58
47	108	76
47	150	49
47	121	19
47	97	16
47	117	43
47	84	29
47	127	91
47	179	71
47	158	32
47	88	30
47	170	49
47	50	47
47	138	100
47	152	77
47	57	84
47	93	63
47	96	81
47	142	93
47	104	92
47	131	80
47	144	6
47	54	77
47	176	48
47	135	87
47	128	52
47	111	93
47	53	100
47	136	32
47	125	81
47	174	98
47	164	87
47	122	93
47	163	24
48	104	38
48	171	15
48	144	43
48	125	99
48	110	23
48	173	40
48	178	64
48	91	11
48	151	24
48	147	14
48	169	66
48	154	54
48	156	32
48	88	69
48	53	6
48	150	31
48	165	68
48	126	69
48	98	45
48	100	65
48	136	57
48	121	62
48	58	58
48	139	27
48	112	14
48	50	72
48	90	46
48	135	31
48	99	94
48	51	51
48	175	19
48	143	25
48	97	37
48	54	53
48	130	11
48	108	24
48	66	82
48	172	51
48	103	21
48	85	86
48	93	60
48	155	15
48	67	52
48	105	100
48	87	77
48	146	23
48	94	46
48	149	46
48	141	12
48	73	74
48	117	74
48	157	28
48	166	35
48	163	48
48	131	51
48	68	67
48	74	70
48	137	68
48	57	79
48	65	32
48	138	68
48	161	10
49	108	69
49	106	99
49	117	17
49	133	96
49	179	8
49	174	75
49	162	8
49	140	55
49	145	12
49	146	69
49	52	59
49	118	33
49	109	77
49	135	19
49	86	35
49	95	8
49	90	81
49	123	12
49	58	75
49	150	69
49	172	92
49	141	13
49	60	10
49	125	78
49	98	90
49	165	11
49	178	21
49	97	45
49	156	66
49	107	87
49	62	43
49	93	6
49	147	70
49	54	7
49	153	54
49	59	15
49	103	55
49	136	83
49	105	30
49	119	16
49	127	82
49	71	69
49	94	20
49	143	30
49	171	93
49	175	15
49	66	48
49	61	81
49	138	59
49	144	93
49	152	31
49	68	69
49	74	47
49	137	37
49	111	94
49	167	8
49	116	32
49	113	82
49	154	16
49	112	86
49	75	14
49	155	57
50	169	28
50	128	13
50	88	94
50	177	25
50	163	89
50	135	55
50	98	72
50	152	24
50	172	8
50	173	14
50	51	78
50	145	88
50	57	85
50	136	91
50	178	78
50	179	18
50	60	33
50	168	96
50	118	61
50	171	52
50	175	37
50	106	14
50	120	53
50	108	86
50	158	8
50	97	37
50	153	56
50	89	83
50	137	28
50	162	85
50	90	62
50	156	12
50	130	52
50	92	45
50	119	89
50	121	95
50	124	72
50	144	98
50	101	71
50	141	25
50	123	94
50	52	89
50	125	83
50	94	9
50	132	18
50	73	63
50	75	47
50	164	44
50	81	30
50	166	48
50	134	14
50	54	13
50	109	32
50	58	73
50	70	92
51	169	12
51	98	62
51	160	80
51	127	39
51	124	58
51	131	92
51	143	22
51	97	76
51	99	58
51	111	59
51	164	29
51	159	83
51	117	43
51	167	73
51	103	72
51	88	67
51	132	34
51	137	46
51	54	31
51	93	51
51	161	27
51	106	87
51	96	91
51	155	12
51	154	46
51	114	8
51	120	99
51	140	5
51	126	31
51	118	71
51	104	18
51	122	49
51	138	28
51	146	92
51	89	71
51	71	41
51	61	58
51	92	25
51	125	33
51	148	64
51	57	76
51	109	11
51	63	14
51	128	59
51	78	97
51	171	8
51	149	96
51	70	36
51	94	96
51	82	61
51	135	28
51	153	90
51	163	94
51	178	72
52	102	61
52	93	65
52	162	45
52	123	70
52	89	79
52	116	31
52	121	94
52	131	88
52	169	60
52	170	86
52	95	71
52	120	44
52	126	36
52	164	18
52	139	23
52	148	98
52	154	27
52	108	98
52	57	77
52	106	96
52	176	68
52	117	16
52	172	19
52	127	95
52	133	97
52	168	46
52	119	59
52	160	9
52	59	37
52	135	65
52	158	81
52	173	37
52	174	87
52	70	13
52	61	81
52	74	30
52	92	57
52	156	12
52	73	70
52	159	69
52	143	66
52	166	76
52	113	69
52	157	55
52	129	85
52	147	89
52	150	11
52	76	100
52	99	25
52	141	82
52	161	52
52	66	32
52	149	76
52	145	78
52	87	73
53	167	50
53	117	67
53	149	48
53	125	96
53	172	22
53	131	61
53	90	74
53	97	78
53	115	20
53	123	79
53	161	44
53	159	15
53	135	47
53	130	18
53	173	30
53	99	6
53	120	99
53	111	15
53	124	42
53	100	41
53	153	14
53	62	89
53	55	85
53	91	15
53	58	47
53	57	67
53	143	41
53	145	54
53	119	33
53	150	99
53	160	54
53	175	31
53	140	14
53	118	18
53	73	76
53	71	94
53	139	80
53	121	5
53	75	47
53	168	99
53	59	38
53	157	96
53	56	23
53	155	89
53	105	87
53	83	66
53	80	97
53	144	29
53	174	59
53	179	18
53	154	98
53	96	30
53	114	42
54	114	99
54	170	66
54	131	56
54	101	60
54	116	41
54	122	29
54	134	39
54	125	62
54	127	97
54	110	68
54	107	44
54	100	31
54	91	13
54	135	79
54	157	54
54	57	6
54	112	41
54	166	36
54	174	34
54	163	33
54	150	61
54	176	36
54	155	37
54	172	22
54	169	94
54	56	74
54	95	48
54	66	58
54	136	56
54	106	81
54	129	84
54	99	32
54	71	83
54	61	48
54	111	92
54	113	77
54	159	96
54	154	25
54	97	23
54	179	8
54	70	75
54	104	40
54	165	78
54	63	85
54	79	9
54	126	88
54	83	81
54	151	59
54	75	94
54	160	46
54	144	61
54	117	22
54	76	96
55	172	41
55	124	83
55	97	58
55	169	37
55	130	35
55	176	21
55	165	31
55	59	72
55	147	88
55	133	62
55	62	33
55	154	88
55	149	10
55	92	75
55	148	33
55	137	29
55	155	74
55	105	15
55	139	34
55	151	35
55	98	92
55	111	61
55	116	77
55	142	76
55	164	19
55	175	54
55	152	68
55	69	31
55	102	75
55	136	92
55	70	56
55	166	74
55	107	95
55	117	14
55	72	40
55	115	32
55	63	77
55	132	6
55	179	81
55	167	64
55	150	53
55	168	89
55	140	13
55	76	57
55	146	64
55	66	16
55	96	100
55	68	85
55	177	67
55	86	32
55	106	63
55	163	63
55	110	13
55	83	76
56	151	71
56	141	21
56	173	13
56	144	43
56	99	48
56	167	46
56	134	71
56	159	81
56	102	86
56	116	47
56	59	81
56	139	58
56	160	85
56	171	16
56	64	73
56	94	42
56	148	23
56	61	54
56	126	21
56	140	53
56	114	92
56	125	26
56	95	34
56	172	31
56	130	17
56	169	36
56	124	39
56	96	20
56	128	38
56	60	88
56	109	13
56	178	57
56	97	84
56	98	60
56	75	56
56	118	12
56	156	19
56	166	58
56	174	21
56	74	48
56	73	54
56	138	30
56	65	98
56	105	84
56	84	24
56	137	71
56	117	79
56	136	22
56	100	61
56	66	38
56	168	69
56	71	91
56	142	28
57	125	27
57	121	9
57	118	51
57	112	29
57	168	87
57	153	94
57	161	86
57	159	95
57	148	49
57	63	50
57	117	85
57	103	46
57	68	27
57	69	19
57	154	43
57	126	45
57	138	77
57	106	60
57	169	47
57	162	68
57	111	89
57	94	49
57	108	75
57	62	70
57	66	72
57	158	16
57	102	78
57	128	15
57	113	84
57	167	67
57	152	36
57	146	21
57	133	50
57	172	45
57	175	70
57	70	57
57	151	91
57	114	77
57	141	77
57	83	55
57	67	76
57	177	36
57	120	94
57	81	35
57	149	74
57	100	57
57	176	15
57	166	51
58	142	6
58	178	63
58	135	14
58	136	40
58	167	97
58	116	93
58	134	63
58	102	60
58	122	33
58	153	57
58	124	6
58	149	91
58	172	32
58	138	60
58	156	31
58	61	69
58	155	82
58	160	26
58	107	83
58	161	81
58	123	13
58	131	51
58	68	16
58	97	72
58	72	100
58	113	89
58	96	74
58	127	20
58	73	16
58	164	53
58	74	67
58	165	32
58	77	80
58	126	21
58	118	15
58	159	59
58	64	89
58	150	67
58	139	18
58	75	38
58	66	91
58	179	80
58	63	47
58	125	22
58	100	89
58	158	18
58	99	53
58	71	42
58	78	68
58	132	53
58	173	40
59	172	99
59	120	66
59	166	77
59	147	21
59	136	76
59	116	80
59	143	85
59	126	34
59	140	39
59	99	97
59	96	17
59	127	21
59	131	64
59	70	6
59	113	10
59	101	85
59	111	65
59	114	26
59	105	90
59	164	56
59	112	8
59	63	64
59	156	28
59	104	36
59	100	13
59	64	71
59	121	73
59	123	36
59	139	16
59	98	59
59	160	63
59	146	45
59	79	6
59	161	74
59	119	87
59	173	30
59	68	83
59	178	36
59	80	19
59	167	10
59	76	96
59	71	65
59	67	75
59	86	64
59	158	34
59	118	49
59	61	68
59	94	8
59	108	7
60	139	30
60	136	96
60	142	98
60	146	41
60	121	49
60	103	20
60	148	47
60	149	52
60	120	58
60	167	32
60	105	23
60	110	29
60	145	10
60	102	61
60	151	17
60	98	29
60	115	96
60	179	28
60	176	9
60	158	88
60	119	27
60	156	36
60	72	47
60	114	17
60	62	34
60	175	48
60	118	91
60	107	17
60	165	40
60	150	57
60	154	64
60	177	9
60	131	10
60	69	42
60	159	9
60	144	18
60	108	16
60	70	42
60	76	67
60	73	30
60	83	69
60	89	83
60	71	25
60	169	33
60	171	58
60	143	37
60	129	91
60	86	37
60	161	23
60	97	60
61	154	38
61	107	15
61	147	10
61	131	34
61	121	31
61	170	15
61	157	37
61	176	48
61	106	78
61	102	5
61	159	90
61	164	26
61	104	79
61	126	41
61	113	93
61	103	95
61	160	15
61	120	13
61	109	21
61	123	57
61	145	39
61	65	45
61	63	18
61	116	53
61	122	7
61	178	46
61	151	75
61	161	28
61	127	82
61	130	67
61	168	96
61	80	99
61	148	8
61	139	66
61	158	79
61	172	36
61	153	62
61	118	92
61	87	89
61	77	73
61	134	24
61	142	61
61	143	70
61	125	14
61	74	19
61	135	22
61	78	90
61	73	49
61	64	67
62	161	15
62	63	94
62	122	40
62	128	45
62	132	66
62	179	37
62	102	45
62	137	58
62	156	45
62	146	70
62	176	41
62	143	44
62	113	33
62	164	16
62	133	36
62	173	50
62	68	30
62	148	12
62	145	66
62	177	51
62	163	20
62	154	33
62	75	58
62	151	63
62	175	80
62	138	11
62	73	30
62	166	22
62	141	14
62	80	72
62	159	31
62	112	24
62	76	35
62	107	9
62	105	56
62	89	77
62	114	58
62	115	38
62	81	34
62	155	76
62	126	22
62	167	79
62	117	35
62	129	52
62	157	64
62	153	45
62	79	46
62	99	8
62	108	99
62	91	54
63	151	15
63	64	84
63	140	50
63	163	77
63	111	18
63	118	13
63	126	62
63	169	67
63	157	72
63	144	33
63	168	61
63	104	64
63	119	37
63	179	80
63	175	76
63	114	55
63	145	7
63	121	7
63	110	12
63	75	79
63	138	96
63	112	50
63	137	81
63	148	87
63	116	58
63	67	83
63	127	42
63	141	99
63	174	72
63	115	99
63	172	72
63	106	19
63	135	30
63	178	59
63	74	97
63	78	27
63	158	28
63	134	20
63	173	54
63	160	59
63	72	76
63	109	93
63	77	44
63	85	46
63	170	53
63	171	21
63	131	90
63	88	98
63	65	94
63	133	77
63	94	33
63	136	7
63	93	81
63	124	92
64	130	98
64	124	44
64	125	98
64	111	19
64	136	38
64	105	57
64	117	66
64	175	63
64	71	80
64	119	49
64	120	10
64	70	75
64	126	43
64	123	63
64	72	48
64	162	22
64	158	85
64	131	6
64	127	49
64	134	85
64	110	26
64	137	12
64	166	46
64	149	8
64	169	73
64	122	83
64	150	50
64	132	54
64	139	95
64	113	15
64	146	66
64	83	67
64	152	6
64	101	53
64	179	12
64	86	10
64	108	10
64	87	47
64	114	73
64	153	22
64	168	32
64	140	81
64	178	37
64	107	74
64	88	98
64	148	56
64	116	66
64	106	90
64	82	92
64	67	85
64	99	37
64	143	77
65	157	24
65	168	45
65	138	84
65	176	34
65	167	43
65	175	13
65	158	37
65	125	18
65	130	20
65	134	38
65	177	6
65	172	84
65	160	53
65	137	20
65	149	59
65	110	16
65	142	70
65	140	42
65	178	79
65	78	29
65	120	96
65	124	90
65	116	75
65	118	29
65	174	59
65	105	28
65	148	52
65	69	12
65	169	24
65	107	70
65	121	9
65	152	94
65	117	13
65	82	47
65	179	84
65	106	15
65	122	70
65	71	85
65	133	51
65	150	90
65	141	60
65	108	15
65	131	59
65	162	85
65	144	90
65	88	78
65	104	91
65	147	16
65	151	100
65	170	33
65	81	44
65	89	100
65	95	6
66	135	81
66	143	55
66	161	68
66	125	75
66	130	9
66	146	23
66	123	85
66	166	61
66	126	64
66	119	87
66	114	66
66	113	52
66	177	68
66	165	55
66	169	77
66	170	32
66	159	84
66	106	52
66	116	87
66	152	83
66	74	92
66	121	21
66	108	75
66	77	61
66	112	48
66	117	81
66	68	98
66	142	75
66	173	61
66	162	16
66	107	98
66	79	85
66	86	48
66	111	94
66	137	41
66	120	42
66	103	33
66	70	94
66	176	12
66	84	96
66	154	87
66	175	35
66	122	45
66	179	78
66	167	7
66	71	79
66	85	57
66	149	41
66	136	96
66	178	95
67	154	61
67	116	35
67	144	79
67	150	51
67	114	5
67	135	12
67	106	66
67	119	45
67	74	42
67	151	42
67	129	91
67	175	5
67	153	79
67	132	97
67	159	7
67	146	54
67	130	17
67	109	20
67	104	81
67	105	87
67	121	13
67	107	85
67	176	20
67	141	62
67	82	92
67	84	18
67	174	28
67	117	25
67	122	71
67	158	77
67	179	7
67	152	13
67	86	47
67	142	15
67	163	68
67	79	21
67	136	66
67	134	20
67	94	44
67	93	22
67	69	30
67	156	7
67	108	76
67	148	99
67	165	89
67	162	82
67	90	43
67	169	79
67	177	28
68	160	93
68	135	66
68	166	77
68	164	78
68	117	22
68	170	89
68	109	60
68	178	21
68	107	94
68	140	45
68	149	97
68	141	31
68	70	19
68	113	72
68	144	91
68	129	32
68	122	38
68	77	66
68	79	29
68	136	10
68	69	34
68	125	90
68	156	93
68	121	84
68	83	64
68	176	96
68	88	79
68	146	70
68	151	68
68	154	84
68	110	12
68	130	86
68	118	61
68	80	63
68	120	86
68	158	15
68	84	7
68	85	97
68	171	35
68	127	13
68	155	13
68	112	40
68	145	84
68	94	91
68	138	70
68	89	51
68	81	36
68	73	86
68	159	93
68	74	66
68	93	18
68	153	52
68	126	42
68	142	58
68	179	10
68	163	5
68	105	81
68	167	38
69	140	32
69	157	48
69	168	64
69	130	40
69	156	83
69	73	40
69	119	99
69	179	48
69	126	44
69	162	27
69	171	69
69	113	58
69	129	86
69	143	66
69	161	8
69	122	82
69	144	32
69	150	36
69	117	34
69	164	91
69	174	27
69	146	20
69	82	59
69	152	11
69	127	94
69	108	64
69	154	68
69	80	30
69	166	72
69	88	6
69	110	76
69	77	99
69	137	84
69	147	96
69	72	79
69	158	9
69	148	76
69	107	80
69	123	28
69	124	53
69	101	25
70	168	17
70	155	67
70	173	64
70	172	62
70	124	47
70	161	7
70	129	98
70	123	10
70	109	33
70	112	50
70	120	84
70	138	82
70	171	27
70	75	6
70	137	58
70	128	82
70	144	35
70	167	72
70	163	18
70	159	68
70	136	18
70	150	85
70	83	70
70	110	56
70	113	56
70	148	33
70	166	32
70	152	82
70	176	52
70	164	29
70	125	69
70	107	5
70	151	32
70	143	64
70	93	69
70	178	30
70	87	17
70	80	100
70	158	37
70	162	55
70	76	17
70	177	20
70	95	76
70	118	36
70	84	92
70	140	19
70	91	73
70	77	76
70	134	89
70	99	75
71	150	71
71	173	10
71	120	8
71	145	60
71	176	85
71	179	63
71	163	60
71	158	89
71	162	55
71	78	19
71	153	86
71	72	87
71	131	72
71	128	31
71	170	23
71	154	86
71	167	95
71	111	63
71	156	56
71	117	37
71	113	90
71	139	84
71	177	47
71	108	63
71	147	29
71	75	16
71	115	63
71	135	38
71	114	49
71	142	40
71	89	34
71	118	44
71	137	23
71	87	9
71	74	88
71	79	40
71	148	39
71	121	94
71	174	38
71	160	13
71	175	46
71	141	89
71	119	48
71	136	52
71	166	58
71	101	55
71	83	50
71	110	24
71	97	29
71	80	51
71	138	83
72	138	28
72	140	71
72	142	59
72	73	52
72	176	47
72	165	100
72	162	89
72	118	46
72	170	95
72	78	69
72	123	51
72	145	22
72	168	17
72	120	57
72	147	99
72	156	59
72	158	40
72	109	6
72	76	11
72	114	67
72	116	79
72	126	72
72	130	44
72	148	12
72	150	90
72	146	77
72	112	70
72	124	63
72	155	40
72	81	64
72	133	30
72	137	49
72	110	47
72	84	80
72	113	95
72	139	18
72	88	89
72	164	39
72	74	70
72	153	80
72	79	81
72	96	99
72	89	5
72	125	19
72	141	66
72	77	22
72	102	11
72	117	93
72	159	15
73	113	73
73	172	61
73	146	35
73	166	76
73	157	10
73	171	33
73	137	23
73	141	79
73	142	57
73	131	47
73	178	22
73	81	56
73	121	41
73	151	23
73	179	58
73	76	23
73	83	97
73	75	86
73	140	12
73	158	10
73	165	38
73	79	76
73	82	24
73	115	40
73	150	46
73	84	68
73	94	23
73	134	52
73	145	45
73	149	71
73	78	27
73	152	17
73	80	93
73	161	48
73	123	63
73	176	10
73	112	49
74	112	35
74	138	82
74	127	22
74	124	11
74	153	85
74	125	86
74	173	76
74	128	44
74	77	9
74	80	15
74	81	74
74	82	13
74	148	63
74	177	89
74	78	64
74	159	8
74	140	29
74	122	73
74	167	23
74	132	6
74	147	21
74	85	31
74	93	80
74	135	43
74	89	42
74	139	63
74	157	24
74	129	44
74	131	84
74	95	13
74	163	98
74	176	36
74	116	96
74	171	51
74	168	18
74	113	50
74	102	29
74	121	93
74	103	58
74	97	67
74	143	75
74	179	19
74	83	72
74	114	12
74	120	57
74	170	62
75	177	52
75	179	21
75	159	17
75	150	41
75	136	74
75	116	34
75	165	24
75	132	62
75	151	6
75	152	99
75	143	10
75	124	50
75	166	11
75	174	50
75	79	85
75	172	32
75	175	85
75	139	44
75	154	76
75	157	72
75	118	92
75	145	72
75	88	19
75	170	55
75	115	31
75	81	40
75	178	58
75	126	33
75	137	65
75	95	13
75	117	79
75	87	60
75	128	51
75	84	81
75	85	11
75	78	83
75	89	59
75	144	24
75	176	97
75	125	5
75	108	99
75	120	26
75	106	47
75	80	99
76	147	47
76	155	74
76	127	97
76	151	77
76	171	47
76	170	75
76	131	43
76	166	79
76	119	49
76	160	29
76	78	74
76	77	35
76	149	89
76	116	48
76	153	11
76	133	12
76	134	58
76	85	38
76	146	85
76	145	46
76	177	54
76	169	27
76	179	9
76	115	15
76	161	53
76	96	10
76	144	61
76	162	98
76	150	72
76	118	62
76	173	83
76	88	63
76	176	70
76	113	65
76	128	95
76	141	36
76	167	61
76	81	25
76	101	51
76	86	75
76	82	55
76	98	62
76	90	90
76	83	60
76	110	91
76	132	24
76	95	56
76	99	31
77	133	15
77	173	6
77	123	88
77	80	36
77	141	42
77	142	39
77	169	9
77	162	14
77	144	95
77	167	53
77	127	38
77	125	32
77	143	71
77	122	93
77	121	5
77	84	68
77	152	99
77	126	11
77	134	11
77	154	16
77	118	28
77	148	95
77	170	98
77	97	15
77	114	19
77	146	100
77	159	39
77	124	32
77	179	20
77	103	76
77	86	96
77	120	27
77	104	33
77	163	24
77	110	67
77	151	37
77	136	47
77	106	45
78	165	59
78	135	9
78	116	82
78	148	52
78	160	42
78	159	8
78	152	65
78	173	78
78	153	40
78	86	21
78	134	26
78	123	6
78	119	95
78	176	55
78	168	41
78	158	22
78	171	29
78	131	49
78	162	69
78	179	47
78	142	76
78	174	70
78	139	88
78	178	22
78	81	51
78	115	12
78	132	6
78	166	25
78	149	16
78	99	76
78	84	52
78	92	31
78	170	62
78	107	99
78	127	22
78	133	49
78	141	62
79	132	60
79	136	40
79	138	32
79	137	75
79	147	30
79	158	77
79	148	86
79	154	79
79	117	95
79	82	94
79	143	44
79	119	7
79	174	45
79	168	84
79	155	99
79	176	83
79	152	61
79	179	78
79	146	53
79	125	83
79	164	57
79	122	62
79	153	65
79	157	51
79	127	89
79	160	19
79	130	28
79	159	92
79	162	16
79	95	15
79	144	95
79	167	32
79	170	8
79	177	65
79	131	37
79	140	39
79	104	93
79	94	20
79	139	34
79	172	96
79	91	70
79	105	54
79	135	100
80	154	74
80	162	19
80	177	52
80	84	34
80	172	53
80	145	65
80	155	10
80	131	83
80	88	84
80	141	49
80	128	29
80	153	91
80	140	50
80	87	84
80	82	60
80	85	100
80	146	11
80	121	64
80	130	62
80	89	68
80	136	11
80	135	92
80	127	52
80	174	21
80	171	81
80	125	46
80	99	6
80	167	75
80	93	87
80	95	60
80	179	92
80	123	18
80	151	19
80	96	44
80	157	53
80	143	9
80	138	15
80	132	6
80	101	46
80	104	41
80	168	35
80	170	55
80	175	87
81	140	44
81	178	15
81	134	61
81	85	15
81	131	11
81	123	79
81	144	11
81	149	20
81	153	35
81	164	16
81	119	44
81	142	36
81	124	75
81	154	92
81	136	78
81	152	90
81	91	71
81	175	96
81	173	38
81	137	100
81	156	31
81	167	44
81	141	10
81	174	7
81	94	50
81	96	11
81	161	42
81	106	51
81	163	61
81	177	20
81	120	99
81	118	90
81	100	8
81	105	76
81	101	99
81	165	99
81	133	75
81	104	72
81	112	14
81	179	38
81	99	21
82	127	78
82	122	48
82	163	45
82	172	24
82	154	24
82	146	22
82	126	29
82	138	44
82	90	78
82	173	47
82	179	44
82	92	58
82	144	67
82	158	67
82	148	46
82	94	45
82	124	34
82	153	99
82	85	98
82	147	34
82	84	33
82	101	55
82	125	39
82	95	31
82	106	65
82	107	67
82	83	27
82	93	78
82	164	61
82	169	35
82	110	45
82	86	62
82	100	75
83	130	16
83	152	88
83	126	93
83	142	49
83	171	87
83	121	45
83	153	85
83	166	80
83	157	50
83	160	82
83	158	37
83	123	63
83	170	8
83	137	58
83	140	93
83	128	31
83	149	30
83	151	56
83	154	58
83	145	29
83	147	86
83	89	44
83	141	97
83	135	97
83	104	29
83	139	27
83	106	83
83	91	40
83	103	10
83	143	80
83	156	49
83	102	26
83	163	58
83	134	86
84	154	62
84	122	25
84	134	32
84	160	30
84	163	94
84	86	97
84	151	67
84	130	40
84	140	19
84	136	19
84	143	31
84	152	62
84	178	20
84	177	65
84	144	6
84	139	91
84	153	34
84	155	40
84	91	7
84	128	67
84	165	9
84	157	39
84	142	57
84	125	94
84	179	10
84	158	23
84	85	98
84	93	68
84	94	95
84	90	35
84	127	11
84	145	45
84	148	83
84	174	88
84	88	81
84	141	92
84	95	84
84	113	75
84	92	96
85	144	64
85	140	28
85	122	92
85	86	83
85	166	73
85	155	82
85	94	80
85	124	6
85	160	72
85	131	90
85	167	90
85	154	39
85	174	53
85	178	76
85	168	18
85	146	15
85	152	31
85	125	73
85	170	14
85	165	43
85	145	21
85	90	45
85	99	36
85	159	51
85	135	41
85	95	93
85	106	25
85	175	10
85	89	92
85	123	64
85	156	79
85	147	5
85	162	30
85	164	66
85	148	16
85	151	49
86	133	71
86	126	47
86	168	67
86	171	48
86	165	55
86	149	98
86	129	83
86	152	13
86	143	19
86	96	61
86	138	33
86	160	43
86	87	24
86	159	10
86	128	7
86	100	40
86	177	88
86	92	24
86	103	33
86	93	28
86	176	80
86	99	81
86	137	41
86	151	23
86	110	91
86	172	55
86	178	98
86	156	59
86	154	34
86	113	8
86	158	71
86	95	44
86	162	68
86	141	65
86	107	45
86	114	51
87	145	32
87	128	16
87	90	20
87	158	62
87	130	64
87	165	74
87	142	81
87	171	43
87	175	70
87	157	44
87	178	46
87	155	69
87	147	83
87	174	99
87	149	52
87	170	65
87	132	21
87	150	9
87	156	42
87	152	25
87	160	51
87	144	35
87	91	58
87	177	30
87	126	55
87	104	98
87	102	11
87	135	96
87	125	42
87	134	32
87	112	30
87	106	46
87	141	56
87	96	77
87	148	65
87	111	28
87	113	26
87	139	96
87	97	88
87	110	76
88	139	94
88	170	61
88	156	93
88	129	95
88	177	43
88	174	54
88	159	23
88	160	76
88	95	23
88	143	51
88	140	35
88	134	45
88	155	28
88	151	48
88	168	75
88	157	86
88	163	66
88	178	44
88	176	30
88	105	58
88	128	63
88	138	61
88	107	52
88	153	67
88	150	80
88	135	54
88	164	33
88	167	16
88	96	75
88	97	76
88	104	77
88	131	6
88	165	72
88	110	76
88	93	50
88	89	79
88	116	50
88	175	70
89	126	68
89	134	58
89	146	81
89	148	22
89	172	83
89	166	32
89	149	92
89	137	38
89	173	67
89	98	81
89	136	48
89	169	34
89	164	58
89	92	88
89	156	19
89	138	23
89	151	7
89	161	53
89	167	87
89	150	49
89	143	34
89	112	93
89	90	30
89	139	86
89	110	33
89	128	42
89	105	49
89	108	68
89	133	31
89	178	85
89	171	69
89	177	62
89	120	71
89	160	14
89	179	43
89	116	39
89	158	92
89	144	52
89	123	94
90	160	24
90	174	39
90	138	63
90	140	98
90	177	23
90	152	29
90	158	74
90	147	81
90	170	69
90	102	54
90	144	33
90	151	78
90	161	64
90	175	12
90	101	20
90	179	94
90	154	97
90	143	47
90	157	32
90	136	66
90	103	94
90	110	73
90	133	36
90	169	37
90	113	77
90	98	55
90	95	33
90	150	29
90	129	61
90	134	8
90	120	35
90	130	36
90	132	29
90	118	29
90	162	81
90	115	69
90	167	97
91	128	55
91	130	32
91	131	77
91	171	94
91	94	99
91	141	51
91	156	93
91	138	44
91	161	90
91	97	85
91	129	40
91	174	8
91	160	54
91	95	49
91	147	49
91	165	46
91	167	97
91	176	73
91	158	50
91	151	59
91	100	21
91	150	64
91	96	27
91	164	38
91	108	33
91	137	82
91	178	76
91	152	64
91	133	81
91	109	81
91	175	31
91	145	37
91	111	84
91	143	67
91	135	27
91	92	41
92	165	31
92	146	23
92	142	54
92	157	52
92	94	90
92	131	47
92	178	18
92	137	77
92	136	30
92	138	29
92	135	23
92	173	68
92	152	39
92	144	45
92	103	87
92	102	34
92	166	80
92	99	51
92	171	63
92	148	55
92	170	52
92	168	60
92	93	100
92	105	48
92	118	11
92	176	74
92	162	35
92	101	77
92	134	47
92	122	64
92	151	100
92	107	11
92	172	5
92	112	27
92	140	70
92	143	92
93	151	24
93	170	35
93	130	11
93	173	80
93	134	95
93	140	22
93	168	39
93	165	34
93	172	76
93	163	12
93	177	97
93	144	9
93	153	74
93	107	38
93	145	41
93	164	55
93	108	66
93	169	82
93	176	18
93	179	26
93	155	71
93	135	56
93	171	38
93	117	22
93	97	20
93	115	20
93	120	40
93	160	27
93	156	51
93	132	48
93	122	98
93	159	75
93	146	9
93	103	69
93	111	42
94	171	58
94	179	88
94	177	45
94	159	99
94	158	88
94	157	12
94	164	53
94	103	92
94	102	10
94	173	68
94	133	9
94	142	29
94	166	67
94	131	33
94	160	41
94	178	63
94	137	59
94	96	29
94	161	23
94	98	60
94	169	95
94	136	87
94	156	15
94	106	16
94	135	59
94	151	68
94	148	40
94	117	81
94	119	67
94	95	16
94	97	43
94	154	44
94	163	61
94	107	10
94	143	10
95	174	55
95	173	17
95	150	97
95	146	28
95	161	45
95	160	99
95	177	87
95	170	66
95	141	73
95	139	31
95	97	7
95	142	42
95	175	13
95	178	100
95	179	91
95	155	82
95	111	20
95	156	95
95	149	6
95	104	77
95	118	94
95	113	27
95	119	15
95	134	96
95	98	29
96	146	6
96	157	9
96	171	91
96	165	10
96	167	73
96	154	37
96	149	89
96	168	13
96	99	59
96	161	54
96	163	39
96	164	52
96	166	90
96	178	64
96	118	16
96	160	99
96	102	19
96	173	46
96	98	48
96	104	45
96	100	70
96	152	46
96	170	31
96	103	6
96	177	46
96	107	90
96	128	97
96	127	13
96	112	98
96	137	35
97	166	73
97	145	41
97	162	66
97	141	66
97	155	12
97	106	23
97	108	42
97	99	22
97	169	26
97	144	80
97	135	54
97	150	93
97	136	19
97	119	56
97	154	25
97	151	15
97	142	54
97	156	70
97	161	68
97	117	90
97	114	35
97	118	68
97	143	16
97	100	46
97	140	25
97	101	55
97	115	64
98	169	12
98	172	80
98	174	89
98	145	78
98	170	63
98	146	17
98	99	51
98	173	73
98	113	89
98	107	79
98	143	92
98	152	9
98	102	80
98	111	49
98	140	70
98	103	77
98	166	29
98	150	44
98	151	9
98	155	92
98	147	13
98	116	86
98	139	8
98	163	70
98	136	41
98	144	97
98	106	86
98	108	90
98	122	35
99	167	47
99	161	58
99	146	9
99	153	99
99	174	75
99	143	81
99	175	43
99	157	19
99	109	5
99	158	89
99	110	44
99	102	60
99	177	93
99	147	38
99	145	12
99	107	27
99	115	28
99	168	57
99	111	40
99	163	11
99	119	88
99	139	48
99	124	55
99	138	42
99	178	45
99	121	70
99	172	16
100	175	61
100	138	19
100	150	30
100	168	18
100	105	50
100	139	93
100	144	7
100	176	16
100	178	13
100	155	43
100	145	19
100	137	80
100	114	59
100	141	18
100	109	93
100	170	55
100	159	88
100	116	67
100	172	13
100	111	41
100	179	31
100	106	8
100	126	59
100	123	87
100	162	67
100	166	29
100	173	29
100	129	98
100	103	52
100	149	19
100	171	17
101	140	98
101	150	39
101	157	36
101	149	32
101	154	94
101	147	27
101	177	12
101	179	61
101	169	81
101	146	71
101	164	92
101	166	38
101	108	19
101	138	59
101	159	36
101	172	9
101	107	87
101	105	41
101	161	91
101	170	57
101	144	96
101	152	72
101	165	33
101	106	57
101	110	71
101	142	82
101	176	27
101	120	13
101	115	25
101	113	64
101	126	86
101	139	84
101	116	90
102	155	24
102	175	49
102	163	29
102	149	9
102	178	48
102	143	35
102	153	35
102	111	54
102	174	61
102	142	38
102	110	27
102	146	61
102	170	10
102	108	65
102	150	67
102	140	76
102	103	57
102	118	33
102	104	85
102	114	52
102	161	78
102	124	66
102	120	61
102	162	55
102	116	21
102	106	82
102	154	15
102	179	70
102	171	33
102	126	91
102	121	31
102	172	87
102	130	56
102	169	95
102	123	53
103	169	17
103	105	54
103	145	52
103	144	68
103	162	91
103	141	71
103	178	80
103	156	35
103	161	71
103	165	11
103	111	39
103	147	94
103	164	19
103	174	6
103	167	81
103	108	17
103	173	76
103	177	69
103	163	55
103	119	90
103	115	69
103	160	38
103	175	9
103	140	55
103	172	47
103	109	11
103	122	10
103	157	33
103	114	6
103	132	72
104	174	8
104	154	7
104	169	24
104	171	61
104	167	36
104	144	71
104	172	67
104	147	61
104	173	68
104	111	70
104	118	13
104	117	47
104	105	41
104	109	64
104	179	56
104	155	39
104	166	21
104	152	97
104	123	41
104	141	43
104	113	15
104	127	87
104	124	21
104	131	36
104	162	89
104	143	96
104	120	28
105	158	49
105	151	90
105	143	77
105	169	65
105	154	24
105	150	95
105	166	47
105	116	9
105	122	32
105	146	66
105	159	92
105	147	80
105	171	98
105	155	23
105	107	99
105	109	92
105	168	41
105	175	91
105	128	28
105	106	19
105	145	76
105	178	10
105	174	22
105	167	26
105	152	13
105	179	17
106	173	70
106	179	47
106	169	15
106	164	73
106	158	96
106	157	60
106	152	63
106	163	51
106	117	77
106	151	78
106	115	85
106	113	17
106	124	41
106	116	76
106	119	67
106	110	72
106	177	24
106	162	87
106	114	50
106	170	35
106	129	46
106	159	81
106	121	67
106	168	66
106	131	31
106	138	35
106	107	90
107	165	16
107	145	31
107	108	55
107	144	87
107	150	40
107	179	81
107	152	48
107	157	59
107	115	50
107	175	33
107	111	13
107	164	54
107	160	81
107	173	64
107	123	81
107	177	18
107	136	17
107	153	27
107	124	66
107	137	90
107	147	46
107	113	88
107	130	94
108	151	35
108	148	87
108	147	5
108	172	56
108	159	58
108	169	88
108	173	39
108	112	37
108	160	81
108	149	16
108	170	73
108	168	63
108	155	91
108	145	7
108	171	23
108	122	8
108	127	83
108	157	49
108	164	45
108	152	49
108	109	96
108	131	95
108	167	22
108	119	72
108	118	72
108	113	51
109	153	31
109	163	100
109	164	87
109	110	71
109	158	56
109	112	14
109	172	28
109	128	25
109	171	11
109	114	51
109	150	9
109	121	29
109	115	89
109	161	99
109	159	9
109	134	85
109	147	5
109	174	58
109	160	54
109	165	95
109	173	61
109	126	33
110	173	96
110	178	77
110	160	99
110	175	85
110	168	89
110	151	96
110	111	53
110	114	85
110	156	8
110	171	82
110	177	86
110	150	47
110	162	100
110	149	29
110	154	27
110	113	83
110	165	62
110	179	48
110	125	93
110	112	78
110	118	31
110	131	30
110	176	78
110	158	24
110	127	18
110	135	33
110	161	33
110	130	74
110	134	26
110	172	88
110	163	6
110	145	34
111	164	17
111	177	8
111	175	69
111	166	88
111	157	46
111	162	83
111	169	92
111	117	12
111	121	21
111	179	72
111	116	20
111	112	80
111	113	78
111	125	41
111	149	31
111	176	12
111	168	98
111	171	59
111	163	21
111	165	12
111	172	71
111	139	56
111	154	30
111	124	74
112	160	76
112	155	58
112	113	52
112	169	77
112	163	52
112	153	91
112	179	76
112	168	32
112	165	27
112	156	11
112	154	92
112	115	42
112	149	25
112	118	32
112	170	99
112	177	95
112	117	58
112	174	34
112	164	92
112	171	66
112	114	32
112	172	9
112	127	98
112	138	45
112	166	22
112	161	43
112	122	23
112	159	41
112	173	88
113	154	83
113	155	43
113	150	22
113	158	33
113	160	69
113	118	73
113	169	78
113	175	41
113	173	72
113	129	20
113	177	7
113	174	36
113	156	58
113	167	14
113	153	15
113	171	22
113	114	69
113	164	89
113	161	46
113	137	73
113	127	6
113	142	29
113	151	23
113	163	51
113	145	99
113	166	32
113	168	37
114	155	33
114	177	37
114	158	15
114	157	56
114	115	68
114	166	76
114	179	97
114	159	52
114	167	36
114	117	79
114	163	84
114	126	98
114	119	40
114	122	96
114	121	65
114	130	46
114	175	73
114	162	58
114	136	72
114	161	45
114	151	46
115	116	82
115	176	92
115	169	30
115	179	38
115	178	52
115	120	42
115	164	69
115	118	92
115	155	75
115	123	32
115	161	6
115	172	36
115	165	71
115	137	17
115	163	47
115	170	71
115	159	47
115	129	65
115	162	81
115	121	34
115	127	60
115	166	53
115	146	34
116	118	48
116	179	31
116	158	54
116	163	99
116	162	33
116	167	90
116	154	28
116	119	67
116	169	96
116	174	65
116	178	58
116	164	55
116	172	55
116	127	39
116	171	64
116	132	46
116	121	43
116	165	68
116	128	11
116	157	57
116	145	57
116	160	26
116	156	32
116	129	64
116	161	94
117	169	44
117	165	19
117	170	89
117	119	21
117	172	30
117	129	73
117	127	46
117	176	80
117	137	22
117	132	84
117	163	21
117	133	14
117	142	90
117	124	33
117	126	33
117	118	47
117	162	40
117	130	92
118	164	33
118	162	71
118	163	99
118	122	16
118	157	22
118	177	37
118	174	7
118	179	35
118	155	83
118	170	24
118	123	53
118	168	72
118	160	43
118	156	9
118	173	78
118	134	82
118	128	67
118	130	72
118	167	23
118	119	85
118	137	59
118	158	55
118	131	98
118	132	5
118	142	42
118	133	34
118	121	82
118	148	77
118	175	64
119	120	67
119	122	57
119	172	7
119	174	81
119	163	80
119	164	25
119	157	82
119	127	20
119	166	90
119	156	92
119	160	48
119	161	12
119	133	5
119	177	92
119	129	47
119	167	75
119	123	23
119	175	37
119	130	61
119	170	83
119	135	78
119	124	90
119	139	88
119	178	47
120	159	26
120	177	68
120	167	24
120	171	49
120	123	28
120	126	79
120	162	46
120	172	21
120	128	100
120	166	73
120	174	92
120	169	79
120	164	34
120	163	72
120	173	96
120	121	46
120	175	78
120	138	9
120	142	58
120	141	68
120	131	13
120	132	85
120	136	55
120	178	62
120	124	97
120	158	40
120	130	69
120	144	42
120	147	64
121	167	94
121	125	87
121	130	66
121	168	91
121	135	69
121	159	6
121	123	51
121	162	27
121	171	66
121	146	40
121	147	7
121	160	64
121	179	34
121	138	95
121	143	19
121	124	22
121	140	99
121	128	23
121	155	63
121	148	21
122	173	79
122	175	92
122	162	5
122	176	9
122	125	93
122	167	45
122	171	83
122	178	88
122	123	35
122	132	27
122	160	52
122	172	100
122	127	55
122	142	78
122	133	42
122	146	8
122	179	34
122	135	76
122	134	37
122	154	95
122	155	46
123	170	14
123	178	58
123	130	52
123	161	41
123	127	68
123	160	86
123	164	88
123	136	5
123	129	71
123	171	97
123	177	70
123	173	55
123	168	7
123	144	84
123	137	70
123	176	40
123	142	86
123	134	50
123	152	56
123	165	18
123	133	82
123	150	87
124	162	62
124	179	66
124	166	70
124	163	23
124	138	69
124	125	86
124	164	91
124	174	65
124	178	69
124	126	46
124	140	40
124	173	70
124	176	55
124	171	100
124	151	80
124	130	76
124	145	52
124	175	60
124	136	63
124	129	95
125	166	86
125	173	98
125	163	53
125	143	86
125	170	94
125	147	69
125	178	72
125	146	68
125	139	46
125	165	26
125	145	55
125	171	30
125	140	37
125	162	30
126	169	97
126	179	96
126	131	51
126	136	8
126	134	70
126	140	14
126	165	59
126	132	41
126	168	57
126	137	74
126	163	42
126	177	52
126	174	66
126	153	20
126	171	96
126	130	59
126	152	82
127	168	31
127	178	33
127	131	71
127	177	49
127	175	26
127	132	79
127	171	95
127	133	19
127	136	77
127	170	10
127	141	13
127	144	58
127	139	49
127	165	58
127	172	23
127	173	98
127	158	20
127	137	34
127	157	54
128	133	31
128	176	48
128	171	83
128	175	47
128	131	40
128	167	45
128	135	38
128	178	97
128	144	34
128	140	21
128	132	76
128	139	82
128	136	72
128	147	7
128	151	81
128	148	17
128	146	21
128	156	25
128	152	79
128	158	62
128	143	61
129	167	34
129	172	7
129	174	90
129	142	78
129	175	59
129	176	36
129	144	66
129	134	15
129	170	32
129	141	96
129	169	33
129	168	37
129	149	44
129	159	61
129	155	13
129	150	68
129	131	38
130	173	69
130	172	27
130	175	45
130	170	86
130	134	92
130	176	24
130	135	48
130	144	34
130	171	77
130	168	51
130	139	84
130	133	45
130	140	84
130	131	80
130	177	98
130	150	75
130	153	69
131	136	11
131	138	91
131	169	31
131	175	49
131	145	69
131	133	40
131	140	54
131	152	32
131	177	24
131	139	23
131	148	66
131	132	72
131	157	20
131	160	76
131	172	21
132	170	33
132	174	81
132	136	43
132	171	5
132	173	62
132	140	19
132	169	27
132	172	17
132	137	25
132	148	46
132	157	78
132	161	98
132	133	60
132	143	33
132	152	74
132	177	19
132	135	55
132	145	90
133	175	71
133	135	78
133	171	86
133	170	97
133	156	46
133	140	90
133	174	31
133	148	60
133	147	39
133	146	58
134	177	80
134	137	96
134	142	51
134	146	10
134	139	27
134	176	95
134	148	16
134	172	47
134	154	95
134	145	19
134	173	66
134	160	55
134	163	19
134	174	46
134	141	54
134	138	70
134	161	79
134	179	69
134	156	61
135	137	12
135	144	82
135	147	31
135	177	8
135	140	82
135	176	90
135	154	59
135	157	28
135	174	83
135	156	81
135	164	60
136	137	52
136	177	17
136	149	18
136	138	41
136	150	93
136	141	10
136	159	43
136	154	61
136	161	20
136	146	82
136	148	53
136	147	86
137	175	60
137	146	76
137	177	12
137	142	79
137	154	64
137	153	35
137	157	38
137	150	27
137	166	21
137	178	93
137	145	90
137	160	98
137	159	66
137	164	76
138	177	31
138	146	90
138	145	63
138	157	14
138	141	65
138	155	38
138	144	82
138	147	75
138	149	50
138	171	49
139	176	43
139	177	42
139	148	79
139	146	10
139	147	6
139	154	94
139	143	98
139	149	30
139	178	54
139	157	66
139	166	13
139	163	59
139	141	44
139	151	100
139	167	57
140	146	6
140	148	92
140	158	18
140	143	82
140	149	41
140	166	40
140	161	72
140	164	71
140	141	88
141	178	58
141	144	25
141	148	92
141	154	31
141	145	83
141	147	98
141	166	61
141	170	69
142	179	25
142	148	75
142	149	47
142	161	8
142	162	98
142	151	85
142	150	69
142	164	48
142	169	13
142	165	70
142	144	47
143	144	91
143	150	69
143	154	53
143	149	13
143	164	62
143	161	24
143	160	66
143	153	94
143	146	33
143	166	24
144	145	94
144	152	9
144	149	80
144	155	34
144	153	84
144	148	82
144	156	87
144	163	32
144	162	65
144	157	89
144	160	63
144	150	57
145	159	18
145	149	51
145	148	38
145	150	33
145	174	72
146	147	97
146	149	52
146	166	10
146	161	75
146	155	37
146	152	77
146	162	15
147	153	68
147	149	68
147	162	76
147	150	48
147	158	28
147	154	30
147	163	67
147	152	26
148	152	42
148	162	73
148	156	48
148	176	37
148	158	35
149	151	23
149	153	9
149	163	98
149	170	71
149	165	32
149	167	71
149	164	37
149	156	39
149	162	8
150	151	8
150	154	8
150	156	16
150	157	77
150	159	50
150	165	84
150	163	31
150	172	23
150	158	32
150	168	94
150	177	48
150	176	86
151	152	7
151	168	83
151	173	28
151	153	27
151	172	76
152	158	19
152	160	62
152	164	85
152	169	49
152	177	60
152	172	13
152	155	74
153	159	97
153	165	19
153	168	52
153	167	79
153	174	89
153	169	72
153	160	78
153	170	97
153	171	91
153	178	36
154	161	52
154	155	60
154	168	60
154	160	84
154	163	61
154	176	31
154	179	28
155	156	66
155	159	65
155	163	76
155	168	71
155	175	63
155	173	36
155	167	13
155	166	65
155	170	74
155	158	76
156	169	64
156	159	76
156	164	22
156	176	84
156	157	30
156	168	42
156	166	92
156	160	57
156	172	98
156	161	56
157	163	24
157	159	44
157	168	57
157	174	61
157	175	36
157	179	28
157	161	78
157	164	86
157	167	38
157	169	32
157	176	29
158	163	59
158	160	25
158	162	54
158	178	37
158	175	84
158	171	62
158	168	47
158	169	63
159	164	93
159	161	62
159	168	72
159	179	61
159	175	14
159	167	48
159	173	70
159	169	43
159	162	74
160	161	45
160	170	10
160	171	88
160	178	83
160	163	95
160	172	70
160	176	78
160	173	13
160	174	45
161	162	26
161	170	16
161	175	49
161	168	43
161	178	85
161	164	58
161	177	38
162	168	17
162	169	92
162	165	79
162	164	12
162	173	60
163	164	46
163	170	49
163	168	40
163	165	84
163	174	32
164	174	71
164	175	68
164	168	60
164	172	46
164	179	72
164	165	98
165	170	62
165	174	63
165	168	60
165	178	12
165	175	97
166	169	8
166	168	47
166	176	75
166	171	58
166	175	74
166	174	81
166	177	6
166	172	76
166	170	60
167	169	85
167	177	16
167	179	42
167	178	71
168	170	65
168	175	85
168	171	80
169	178	97
169	173	83
169	175	24
169	174	28
169	171	87
170	171	5
170	172	38
170	177	45
170	174	15
170	179	74
171	174	12
171	175	21
171	172	92
171	173	17
171	176	15
171	178	87
172	177	83
172	176	50
172	175	92
173	177	79
173	178	46
173	175	96
174	177	12
174	178	10
174	179	52
174	176	7
175	176	14
175	179	45
176	177	82
176	178	67
