NAME: W_SPARSE_200_60
n: 200
m: 6000
0	51	98
0	64	10
0	156	74
0	60	28
0	41	20
0	82	62
0	83	16
0	122	84
0	144	57
0	2	38
0	72	54
0	102	67
0	105	98
0	58	31
0	143	8
0	169	35
0	159	8
0	147	59
0	162	14
0	164	61
0	191	46
0	196	45
0	91	98
0	118	69
0	31	94
0	76	38
0	85	93
0	198	52
0	40	87
0	110	71
0	195	44
0	193	79
0	6	89
0	73	58
0	158	62
0	89	93
0	33	91
0	87	27
0	68	71
0	99	6
0	136	58
0	197	20
0	18	61
0	161	65
0	80	90
0	74	41
0	192	17
0	111	84
0	39	29
0	142	20
0	181	62
0	3	40
0	153	96
0	20	38
0	160	68
0	175	38
0	94	25
0	69	54
0	92	9
0	145	66
1	142	52
1	33	67
1	114	58
1	113	9
1	91	52
1	144	71
1	148	11
1	48	22
1	138	44
1	126	65
1	40	75
1	196	71
1	61	31
1	165	55
1	8	57
1	139	61
1	90	44
1	137	50
1	7	89
1	9	10
1	198	69
1	80	72
1	74	66
1	161	58
1	85	75
1	197	10
1	108	19
1	77	95
1	116	11
1	167	28
1	164	71
1	57	42
1	3	77
1	93	33
1	134	9
1	68	24
1	46	26
1	156	83
1	12	56
1	141	66
1	79	92
1	157	59
1	149	56
1	194	90
1	117	25
1	38	34
1	60	22
1	11	24
1	36	30
1	155	57
1	75	68
1	100	68
1	102	43
1	187	29
1	195	85
1	150	17
1	59	74
1	83	72
1	178	46
1	179	26
1	58	29
1	19	8
1	53	82
1	67	84
1	101	49
2	152	42
2	83	8
2	156	34
2	149	98
2	162	23
2	166	89
2	169	98
2	101	15
2	114	47
2	85	75
2	111	7
2	110	74
2	134	27
2	198	13
2	50	69
2	3	69
2	164	58
2	60	13
2	100	47
2	108	100
2	77	62
2	5	64
2	75	48
2	105	69
2	127	65
2	67	8
2	94	67
2	145	82
2	193	29
2	191	26
2	13	55
2	157	91
2	91	90
2	197	49
2	36	47
2	44	9
2	7	57
2	135	19
2	154	20
2	199	8
2	98	53
2	68	53
2	163	77
2	17	98
2	61	71
2	6	37
2	103	52
2	25	49
2	69	75
2	130	65
2	158	63
2	24	81
2	137	23
2	40	17
2	142	62
2	35	83
2	151	62
2	96	37
2	106	54
2	8	21
2	104	40
2	29	88
2	22	86
2	78	77
2	136	54
3	156	86
3	55	73
3	112	91
3	35	6
3	42	22
3	54	35
3	126	81
3	58	31
3	199	73
3	159	86
3	67	88
3	44	24
3	198	8
3	127	24
3	138	94
3	53	71
3	57	43
3	150	84
3	146	61
3	59	41
3	60	37
3	75	97
3	96	65
3	97	64
3	36	58
3	144	42
3	160	45
3	56	80
3	189	14
3	77	26
3	79	62
3	155	93
3	71	79
3	151	26
3	157	95
3	130	88
3	188	18
3	115	74
3	197	62
3	85	27
3	106	53
3	165	67
3	95	20
3	7	30
3	12	62
3	45	20
3	65	66
3	48	18
3	73	87
3	161	46
3	62	57
3	122	78
3	140	6
3	21	53
3	162	74
3	38	98
3	124	16
3	148	43
4	163	88
4	122	24
4	150	35
4	5	95
4	90	23
4	67	73
4	38	43
4	166	47
4	37	19
4	144	57
4	84	63
4	93	89
4	168	97
4	57	39
4	120	41
4	130	78
4	155	48
4	55	30
4	156	18
4	118	46
4	137	37
4	52	44
4	63	37
4	83	72
4	81	54
4	86	41
4	131	8
4	92	35
4	109	75
4	199	25
4	7	70
4	12	91
4	40	50
4	94	71
4	139	94
4	190	23
4	53	7
4	133	47
4	8	23
4	110	47
4	26	32
4	54	45
4	43	26
4	119	15
4	14	33
4	50	92
4	72	18
4	143	74
4	101	22
4	17	24
4	135	57
4	51	80
4	25	79
4	24	87
4	159	14
4	42	89
4	158	6
4	192	85
5	143	46
5	75	53
5	133	23
5	64	89
5	71	14
5	88	38
5	123	97
5	100	23
5	173	64
5	145	20
5	85	66
5	82	51
5	116	76
5	10	64
5	104	43
5	132	41
5	110	26
5	14	60
5	174	83
5	95	17
5	134	29
5	150	16
5	199	71
5	50	18
5	137	82
5	70	47
5	84	73
5	155	28
5	79	58
5	144	73
5	57	38
5	62	52
5	197	61
5	80	76
5	6	44
5	159	14
5	141	41
5	53	53
5	63	26
5	13	89
5	11	30
5	25	93
5	55	79
5	139	81
5	28	10
5	90	62
5	109	70
5	30	6
5	111	60
5	154	73
5	183	70
5	184	97
5	107	87
5	87	56
5	40	98
5	91	12
5	161	73
5	164	81
6	106	45
6	172	81
6	101	13
6	38	6
6	78	6
6	146	19
6	73	82
6	98	15
6	66	12
6	145	91
6	84	15
6	127	30
6	102	67
6	157	23
6	90	31
6	62	80
6	55	31
6	47	53
6	56	91
6	93	31
6	67	99
6	77	91
6	129	98
6	14	41
6	60	67
6	105	82
6	107	52
6	41	42
6	92	26
6	128	95
6	95	31
6	82	81
6	124	64
6	100	21
6	140	35
6	142	63
6	54	10
6	86	77
6	50	38
6	158	19
6	175	79
6	116	31
6	123	86
6	153	29
6	147	71
6	80	27
6	45	97
6	40	92
6	109	80
6	133	88
6	192	84
6	186	68
6	154	30
6	42	67
6	44	30
6	89	35
6	120	7
6	104	33
6	87	92
6	161	30
6	180	66
6	39	60
6	165	23
7	132	80
7	92	17
7	89	36
7	170	30
7	141	58
7	49	38
7	56	56
7	81	11
7	115	27
7	164	46
7	176	41
7	87	78
7	62	6
7	84	97
7	79	20
7	120	38
7	11	61
7	119	40
7	63	33
7	199	76
7	41	49
7	13	64
7	127	61
7	9	93
7	126	51
7	98	21
7	105	44
7	107	11
7	166	17
7	71	16
7	128	10
7	129	67
7	109	96
7	159	82
7	169	18
7	88	44
7	149	34
7	10	18
7	108	95
7	139	95
7	111	6
7	48	23
7	43	93
7	86	71
7	134	6
7	187	77
7	196	38
7	144	91
7	173	30
7	54	66
7	90	58
7	42	67
7	158	70
7	167	25
7	114	98
7	195	63
7	110	63
7	31	96
7	15	74
7	94	96
8	159	65
8	58	44
8	83	11
8	70	87
8	177	38
8	45	41
8	54	38
8	69	76
8	9	8
8	150	86
8	172	80
8	47	88
8	154	66
8	16	63
8	134	16
8	149	53
8	73	88
8	61	85
8	81	73
8	60	56
8	100	58
8	66	12
8	155	80
8	173	30
8	95	91
8	20	61
8	55	63
8	119	89
8	12	21
8	63	83
8	136	43
8	127	24
8	79	39
8	86	10
8	117	91
8	120	61
8	145	78
8	174	15
8	92	90
8	93	81
8	107	39
8	156	57
8	128	55
8	194	34
8	77	39
8	144	73
8	82	53
8	75	99
8	143	9
8	163	48
8	106	21
8	110	17
8	62	23
8	68	22
8	115	12
8	52	19
8	176	51
8	14	93
8	17	27
8	113	86
8	179	62
9	103	79
9	54	75
9	137	54
9	89	22
9	132	68
9	145	52
9	146	90
9	161	38
9	68	43
9	172	78
9	59	45
9	51	43
9	65	34
9	67	32
9	128	87
9	53	74
9	135	15
9	47	77
9	140	78
9	50	28
9	92	77
9	11	34
9	58	54
9	71	50
9	124	36
9	17	22
9	14	57
9	101	45
9	41	93
9	154	68
9	139	12
9	105	98
9	149	72
9	15	32
9	55	54
9	83	8
9	93	73
9	46	96
9	74	30
9	160	70
9	173	77
9	191	10
9	64	56
9	125	62
9	131	15
9	134	37
9	22	94
9	90	40
9	19	49
9	99	28
9	107	94
9	167	12
9	77	41
9	82	46
9	48	89
9	166	63
9	66	48
9	175	62
9	185	92
9	196	56
9	152	78
9	91	12
9	110	75
10	56	77
10	161	38
10	58	55
10	154	94
10	108	93
10	88	86
10	115	75
10	46	56
10	12	27
10	63	24
10	138	82
10	89	17
10	133	14
10	131	21
10	62	79
10	135	63
10	73	7
10	169	18
10	160	69
10	83	67
10	176	81
10	53	89
10	69	91
10	23	59
10	149	60
10	155	52
10	166	83
10	137	60
10	24	97
10	146	59
10	128	63
10	199	12
10	107	74
10	19	37
10	70	78
10	41	91
10	44	67
10	47	46
10	54	28
10	178	83
10	145	21
10	85	21
10	102	43
10	113	37
10	123	20
10	197	46
10	87	61
10	190	31
10	119	94
10	45	75
10	142	35
10	91	20
10	193	72
10	130	91
11	154	30
11	82	61
11	108	79
11	109	48
11	78	22
11	87	25
11	110	82
11	171	34
11	98	15
11	95	94
11	174	77
11	145	79
11	13	53
11	65	96
11	136	17
11	168	79
11	170	28
11	151	83
11	143	42
11	173	43
11	119	69
11	176	93
11	44	53
11	111	40
11	177	91
11	114	25
11	156	100
11	17	40
11	61	21
11	20	28
11	90	98
11	113	53
11	100	37
11	163	97
11	197	95
11	169	13
11	73	22
11	102	55
11	148	51
11	94	41
11	80	90
11	130	22
11	175	98
11	66	82
11	147	97
11	86	32
11	131	98
11	186	35
11	53	19
11	180	39
11	29	62
11	77	18
11	106	7
12	90	96
12	159	19
12	57	74
12	53	49
12	49	73
12	63	68
12	171	23
12	59	63
12	68	65
12	99	35
12	131	20
12	72	93
12	113	89
12	96	16
12	178	37
12	44	86
12	18	47
12	62	42
12	117	52
12	168	7
12	73	93
12	103	9
12	164	48
12	15	93
12	95	95
12	135	45
12	157	28
12	199	85
12	138	7
12	144	60
12	163	84
12	165	74
12	120	5
12	48	67
12	104	32
12	170	83
12	140	45
12	167	33
12	78	29
12	67	99
12	136	41
12	116	78
12	34	89
12	153	64
12	137	61
12	33	78
12	83	27
12	130	86
13	52	80
13	61	81
13	59	60
13	151	100
13	78	95
13	101	91
13	14	19
13	62	16
13	146	89
13	135	51
13	56	59
13	145	21
13	169	25
13	69	5
13	98	34
13	123	71
13	129	43
13	90	11
13	159	15
13	93	73
13	115	26
13	165	72
13	158	78
13	143	20
13	95	92
13	87	40
13	134	73
13	108	93
13	64	78
13	89	38
13	152	33
13	175	96
13	157	63
13	68	72
13	23	40
13	144	74
13	54	85
13	174	15
13	16	65
13	72	46
13	99	39
13	161	87
13	70	28
13	177	51
13	66	41
13	179	11
13	83	89
13	88	60
13	29	92
13	57	75
14	181	87
14	156	30
14	64	24
14	71	51
14	169	26
14	159	38
14	74	17
14	109	94
14	50	96
14	99	76
14	106	73
14	114	52
14	160	31
14	76	22
14	96	99
14	162	40
14	62	31
14	59	47
14	119	6
14	130	50
14	152	95
14	55	63
14	141	44
14	144	92
14	163	53
14	122	39
14	118	49
14	28	20
14	126	63
14	178	23
14	60	64
14	70	14
14	85	23
14	91	94
14	29	22
14	56	81
14	171	97
14	104	82
14	145	71
14	172	42
14	183	26
14	115	9
14	21	90
14	89	48
14	30	43
14	20	20
14	90	52
14	19	70
14	61	19
14	35	73
14	190	26
15	174	90
15	163	74
15	152	85
15	91	6
15	161	42
15	85	37
15	106	54
15	119	87
15	116	26
15	63	7
15	78	80
15	103	34
15	168	46
15	146	92
15	73	82
15	49	42
15	117	50
15	74	97
15	105	9
15	184	47
15	102	44
15	160	64
15	166	80
15	52	92
15	120	58
15	130	69
15	61	42
15	148	29
15	145	43
15	82	53
15	62	42
15	115	89
15	83	91
15	95	94
15	110	31
15	56	43
15	58	84
15	179	5
15	75	47
15	90	71
15	113	38
15	131	46
15	92	61
15	124	72
15	150	61
15	28	82
15	59	5
15	84	16
15	183	30
15	64	62
15	149	46
15	139	16
15	199	88
15	167	85
15	40	10
15	65	43
16	114	49
16	109	67
16	173	92
16	59	6
16	72	74
16	87	57
16	165	67
16	48	21
16	92	14
16	125	11
16	180	99
16	78	46
16	106	86
16	139	85
16	183	72
16	49	72
16	124	34
16	84	7
16	132	6
16	169	90
16	82	58
16	126	34
16	55	91
16	138	87
16	54	39
16	99	86
16	148	20
16	103	6
16	151	23
16	120	6
16	167	9
16	159	21
16	171	63
16	172	23
16	96	48
16	119	31
16	52	63
16	198	54
16	34	96
16	53	64
16	182	90
16	170	97
16	177	27
16	122	72
16	199	26
16	115	10
16	68	26
16	130	19
16	184	42
16	143	77
16	69	21
16	162	23
17	160	56
17	101	65
17	137	23
17	169	99
17	89	29
17	99	89
17	124	91
17	151	27
17	111	94
17	118	21
17	138	61
17	144	94
17	104	65
17	181	15
17	57	9
17	60	33
17	97	95
17	110	10
17	54	72
17	78	85
17	161	40
17	87	49
17	158	70
17	20	99
17	70	86
17	125	29
17	80	46
17	85	74
17	51	53
17	98	32
17	109	68
17	173	49
17	112	52
17	179	19
17	128	84
17	69	21
17	159	71
17	48	35
17	26	33
17	71	22
17	34	66
17	121	67
17	96	25
17	167	78
17	123	82
17	141	47
17	129	68
17	32	43
17	41	30
17	170	33
17	147	57
17	175	18
17	29	47
17	115	60
17	28	20
18	154	29
18	61	7
18	86	38
18	160	12
18	128	44
18	133	74
18	162	14
18	153	52
18	119	44
18	109	18
18	181	37
18	98	67
18	120	27
18	121	41
18	164	32
18	151	92
18	132	17
18	88	86
18	104	66
18	108	92
18	102	78
18	27	59
18	106	34
18	139	10
18	176	21
18	34	7
18	24	67
18	173	8
18	31	24
18	145	42
18	171	16
18	55	84
18	92	32
18	147	8
18	82	45
18	58	40
18	116	88
18	198	60
18	73	51
18	112	71
18	138	30
18	117	77
18	172	67
18	140	35
18	80	74
18	65	7
18	163	7
18	87	36
18	190	47
18	26	16
18	124	25
18	155	19
18	168	77
18	175	7
19	139	64
19	93	56
19	170	31
19	122	16
19	61	73
19	78	50
19	84	88
19	123	20
19	146	26
19	124	22
19	98	98
19	99	56
19	106	5
19	166	83
19	187	14
19	135	15
19	161	85
19	127	7
19	62	25
19	103	85
19	147	20
19	131	19
19	140	12
19	167	64
19	113	61
19	136	48
19	114	51
19	119	29
19	148	65
19	188	9
19	104	92
19	75	56
19	117	95
19	156	88
19	82	14
19	111	25
19	141	73
19	28	12
19	171	16
19	30	100
19	79	24
19	143	21
19	180	21
19	74	76
19	186	33
19	132	82
19	50	82
19	70	6
19	21	38
19	176	24
19	138	55
19	177	8
19	25	26
19	158	48
19	149	12
19	193	94
20	61	44
20	104	72
20	70	90
20	92	49
20	107	58
20	129	49
20	154	72
20	150	9
20	119	33
20	137	21
20	76	31
20	135	27
20	141	67
20	181	79
20	54	43
20	151	21
20	123	26
20	53	51
20	180	25
20	114	14
20	23	91
20	65	55
20	156	18
20	174	35
20	82	36
20	95	14
20	165	80
20	176	57
20	162	70
20	102	41
20	133	16
20	182	99
20	25	68
20	62	72
20	183	54
20	30	20
20	118	18
20	184	55
20	38	91
20	143	7
20	21	55
20	55	98
20	77	6
20	97	65
20	139	30
20	111	89
20	185	99
20	33	83
20	168	57
20	32	16
20	37	48
20	132	84
20	99	84
20	98	16
20	124	75
20	157	20
20	152	54
21	172	23
21	76	54
21	166	17
21	137	11
21	63	51
21	159	7
21	142	66
21	167	37
21	133	5
21	175	10
21	141	82
21	56	32
21	181	75
21	152	35
21	116	21
21	112	91
21	91	94
21	174	57
21	145	68
21	176	65
21	102	9
21	151	67
21	60	25
21	124	89
21	186	80
21	93	13
21	110	87
21	101	92
21	135	58
21	113	31
21	177	40
21	66	45
21	26	35
21	184	57
21	111	47
21	30	42
21	117	17
21	107	97
21	54	77
21	55	58
21	62	64
21	40	9
21	188	62
21	75	17
21	130	64
21	29	81
21	171	66
21	89	25
21	168	37
21	170	17
21	150	77
21	79	19
21	81	73
21	180	92
21	92	36
21	50	7
21	59	80
21	121	59
22	164	68
22	67	22
22	115	99
22	119	77
22	126	15
22	90	8
22	152	47
22	66	25
22	123	74
22	135	57
22	147	36
22	74	66
22	68	59
22	105	71
22	189	64
22	127	42
22	64	90
22	188	17
22	133	86
22	165	25
22	173	22
22	73	70
22	120	52
22	125	50
22	55	78
22	85	62
22	143	13
22	33	61
22	99	95
22	54	25
22	28	31
22	114	46
22	176	96
22	102	88
22	144	51
22	38	62
22	149	20
22	167	51
22	26	40
22	94	21
22	155	78
22	25	21
22	96	53
22	97	57
22	161	53
22	148	63
22	187	83
22	53	18
22	84	77
22	168	39
22	82	36
22	170	8
22	158	52
22	93	91
22	23	64
22	172	99
22	156	80
22	180	8
22	106	54
22	140	65
22	198	9
22	183	38
22	142	58
23	126	89
23	77	47
23	54	5
23	80	100
23	151	54
23	173	91
23	97	62
23	135	30
23	68	24
23	190	89
23	149	50
23	76	40
23	89	71
23	115	42
23	55	99
23	110	75
23	121	18
23	140	47
23	75	96
23	88	35
23	108	52
23	31	26
23	133	45
23	184	93
23	158	13
23	28	76
23	114	79
23	27	60
23	101	39
23	84	22
23	93	95
23	119	97
23	125	76
23	136	70
23	58	96
23	152	27
23	142	74
23	127	60
23	148	76
23	73	65
23	99	22
23	146	58
23	107	95
23	67	18
23	166	78
23	169	17
23	72	19
23	143	62
23	66	95
23	138	87
23	112	20
23	62	62
23	137	61
23	192	36
23	30	96
23	159	65
23	196	82
24	62	81
24	183	85
24	89	15
24	129	10
24	152	26
24	166	75
24	111	50
24	78	93
24	104	10
24	135	45
24	65	85
24	94	9
24	130	26
24	61	27
24	76	38
24	27	94
24	57	24
24	115	93
24	160	93
24	121	79
24	32	89
24	95	20
24	182	16
24	161	56
24	26	89
24	97	68
24	68	10
24	146	21
24	145	15
24	172	97
24	142	97
24	87	91
24	174	90
24	100	77
24	110	11
24	133	58
24	186	72
24	139	40
24	31	78
24	153	59
24	71	18
24	125	96
24	35	94
24	159	55
24	72	61
24	96	64
24	42	25
24	38	91
24	34	18
24	82	52
24	70	86
24	40	30
24	126	64
24	25	54
24	184	38
25	108	45
25	194	21
25	166	86
25	99	64
25	121	7
25	107	43
25	162	52
25	154	35
25	132	49
25	192	12
25	179	99
25	102	71
25	161	85
25	81	11
25	169	62
25	131	12
25	96	64
25	113	7
25	31	54
25	70	63
25	93	70
25	71	54
25	95	25
25	114	19
25	159	13
25	160	23
25	29	60
25	177	46
25	100	70
25	26	95
25	64	65
25	186	28
25	145	53
25	73	70
25	129	88
25	90	74
25	127	59
25	128	18
25	46	35
25	105	6
25	111	88
25	66	68
26	81	85
26	135	32
26	91	41
26	100	75
26	159	51
26	113	38
26	122	42
26	108	42
26	192	36
26	107	19
26	60	96
26	83	37
26	177	96
26	74	25
26	27	39
26	157	49
26	29	50
26	103	7
26	57	55
26	189	64
26	128	29
26	130	36
26	94	24
26	62	73
26	153	67
26	169	85
26	173	15
26	40	95
26	33	78
26	145	68
26	77	73
26	36	10
26	114	84
26	144	31
26	115	8
26	180	91
26	35	9
26	82	96
26	110	47
26	175	9
26	58	8
26	76	83
26	99	97
26	95	27
26	45	27
26	141	92
26	133	93
26	163	94
26	38	77
26	176	30
26	104	98
26	78	54
26	68	77
27	102	18
27	184	68
27	104	44
27	93	73
27	164	59
27	87	48
27	157	44
27	132	7
27	179	9
27	118	21
27	121	76
27	107	41
27	117	73
27	105	45
27	92	72
27	116	58
27	162	17
27	73	50
27	185	27
27	195	62
27	122	84
27	64	20
27	171	27
27	61	23
27	125	60
27	28	10
27	65	79
27	194	69
27	67	49
27	142	47
27	146	47
27	178	16
27	152	26
27	134	49
27	167	47
27	173	100
27	99	9
27	174	13
27	32	80
27	192	63
27	31	76
27	72	98
27	149	70
27	181	74
27	95	80
27	37	43
27	180	54
27	90	76
27	124	35
27	42	9
27	77	23
27	111	98
27	68	53
27	145	73
27	183	79
27	151	68
27	55	13
27	70	21
27	186	64
27	75	98
28	189	7
28	141	79
28	117	54
28	113	95
28	197	61
28	184	52
28	129	10
28	125	8
28	147	94
28	152	65
28	163	64
28	32	95
28	93	90
28	137	26
28	79	29
28	106	61
28	151	35
28	98	75
28	82	20
28	131	12
28	146	99
28	177	62
28	192	43
28	111	88
28	118	70
28	116	83
28	89	79
28	171	89
28	193	89
28	30	45
28	157	28
28	36	61
28	84	95
28	164	32
28	196	69
28	169	51
28	61	17
28	176	63
28	41	43
28	156	90
28	158	74
28	162	9
28	188	21
28	31	28
28	59	19
28	170	90
28	68	51
28	114	15
28	149	13
28	166	60
28	86	38
28	44	32
28	123	43
29	107	64
29	61	33
29	151	94
29	60	60
29	181	36
29	110	70
29	189	84
29	65	39
29	148	78
29	98	19
29	109	47
29	73	12
29	180	51
29	197	37
29	70	18
29	119	86
29	147	36
29	194	59
29	174	96
29	101	23
29	133	44
29	137	38
29	80	31
29	86	43
29	187	40
29	111	60
29	161	28
29	71	17
29	191	35
29	41	89
29	171	73
29	121	46
29	134	19
29	34	96
29	37	29
29	160	57
29	35	65
29	90	66
29	179	81
29	193	26
29	122	73
29	94	58
29	82	25
29	104	52
29	156	13
29	163	60
29	89	8
29	169	81
29	125	89
29	178	79
29	118	32
29	69	72
29	165	96
29	115	19
29	141	16
29	76	89
29	81	36
29	42	64
29	170	63
30	75	40
30	96	6
30	112	50
30	155	81
30	88	52
30	185	89
30	153	45
30	165	99
30	162	94
30	135	74
30	82	87
30	191	45
30	101	73
30	172	20
30	124	64
30	107	26
30	190	11
30	73	35
30	192	46
30	198	53
30	171	13
30	141	35
30	149	29
30	33	10
30	180	46
30	169	19
30	179	64
30	125	42
30	136	35
30	34	39
30	46	80
30	76	30
30	158	70
30	65	46
30	159	89
30	93	16
30	143	81
30	52	99
30	142	81
30	51	52
30	43	70
30	89	75
30	137	92
30	32	37
30	131	84
30	40	9
30	177	14
31	72	16
31	67	92
31	140	27
31	167	80
31	69	48
31	193	41
31	155	83
31	65	95
31	66	86
31	148	8
31	158	23
31	90	29
31	101	53
31	141	27
31	134	46
31	164	7
31	98	28
31	118	88
31	151	23
31	174	75
31	107	15
31	68	49
31	125	45
31	185	15
31	166	27
31	108	79
31	116	20
31	139	46
31	145	9
31	136	58
31	36	26
31	191	43
31	175	46
31	40	95
31	162	31
31	85	71
31	147	63
31	163	58
31	121	16
31	84	61
31	195	59
31	45	95
31	95	85
31	198	52
31	176	26
31	39	28
31	76	57
31	133	23
31	135	83
32	170	76
32	71	12
32	185	55
32	69	65
32	159	25
32	34	97
32	182	52
32	117	55
32	88	47
32	123	74
32	73	98
32	172	62
32	70	56
32	85	20
32	67	28
32	158	27
32	94	42
32	79	39
32	176	77
32	81	72
32	65	63
32	113	94
32	156	77
32	132	97
32	36	92
32	139	99
32	146	11
32	64	20
32	165	75
32	186	28
32	48	70
32	174	83
32	102	36
32	118	69
32	47	36
32	82	27
32	160	24
32	163	13
32	169	41
32	184	100
32	92	31
32	103	45
32	95	53
32	99	14
32	173	20
32	109	23
32	177	40
32	44	82
32	140	71
32	152	57
33	80	96
33	84	18
33	167	79
33	185	92
33	123	21
33	135	82
33	173	79
33	179	19
33	94	93
33	98	16
33	107	80
33	115	85
33	121	35
33	163	37
33	183	90
33	65	38
33	35	81
33	130	34
33	108	54
33	191	29
33	154	69
33	104	9
33	172	80
33	195	9
33	181	67
33	68	11
33	105	19
33	82	64
33	72	77
33	100	60
33	146	27
33	184	90
33	186	46
33	83	79
33	176	48
33	114	89
33	45	73
33	169	28
33	81	13
33	46	88
33	39	53
33	142	31
33	178	38
33	147	67
33	161	7
33	152	36
33	151	22
33	90	90
33	101	51
33	171	95
33	177	91
33	148	13
33	113	51
33	140	89
33	60	52
33	144	89
33	138	54
33	96	56
33	111	44
33	78	92
34	196	11
34	77	99
34	135	67
34	150	61
34	68	23
34	142	21
34	118	45
34	117	20
34	175	98
34	184	63
34	173	97
34	91	12
34	165	26
34	154	34
34	174	82
34	115	19
34	148	81
34	160	68
34	89	12
34	106	16
34	111	84
34	169	90
34	153	7
34	110	33
34	181	36
34	145	59
34	41	50
34	44	14
34	124	6
34	170	63
34	69	51
34	116	32
34	76	85
34	74	96
34	78	93
34	139	54
34	167	34
34	83	65
34	88	86
34	187	88
34	189	14
34	166	31
34	40	76
34	133	77
34	104	10
34	97	59
34	162	89
34	107	98
34	96	52
34	144	18
34	180	59
34	61	69
34	132	8
35	158	58
35	177	80
35	126	51
35	75	85
35	88	6
35	116	6
35	139	33
35	190	72
35	131	79
35	103	33
35	163	47
35	164	31
35	165	77
35	98	41
35	108	51
35	153	20
35	110	12
35	182	75
35	128	38
35	140	9
35	68	7
35	130	60
35	184	30
35	83	70
35	160	52
35	193	27
35	189	53
35	141	99
35	152	74
35	145	30
35	170	32
35	117	10
35	39	91
35	162	47
35	90	18
35	99	75
35	123	14
35	37	14
35	172	67
35	69	41
35	48	97
35	176	35
35	97	54
35	70	32
35	135	73
35	198	9
35	101	59
35	146	61
35	107	99
35	93	67
35	171	70
35	111	67
35	150	86
35	143	68
35	121	80
36	98	72
36	131	89
36	94	28
36	95	74
36	171	81
36	68	20
36	120	68
36	148	64
36	111	61
36	85	58
36	124	7
36	189	54
36	180	78
36	190	89
36	119	41
36	183	64
36	40	82
36	42	49
36	88	44
36	101	40
36	74	93
36	135	88
36	161	52
36	91	52
36	106	72
36	125	14
36	100	55
36	146	65
36	186	30
36	174	74
36	156	29
36	78	22
36	52	67
36	155	76
36	198	53
36	87	65
36	178	24
36	123	15
36	140	31
36	93	6
36	107	88
36	184	78
36	72	27
36	46	59
36	195	64
36	133	23
36	79	28
36	132	49
36	71	10
36	80	66
36	86	33
37	188	46
37	169	17
37	84	64
37	154	53
37	76	71
37	196	72
37	83	78
37	127	18
37	159	90
37	100	85
37	132	27
37	158	14
37	96	61
37	80	9
37	39	99
37	42	51
37	150	24
37	153	100
37	178	55
37	191	63
37	138	18
37	79	85
37	182	15
37	181	14
37	78	6
37	183	31
37	157	91
37	190	92
37	86	29
37	156	95
37	179	30
37	184	55
37	111	24
37	174	73
37	48	72
37	54	38
37	151	95
37	58	92
37	116	66
37	185	46
37	89	92
37	119	74
37	57	26
37	133	15
37	63	26
37	139	22
37	85	21
37	110	82
37	199	25
37	47	7
37	62	67
37	43	85
37	189	62
38	73	61
38	129	92
38	168	60
38	101	84
38	107	95
38	153	99
38	166	80
38	147	7
38	103	41
38	142	85
38	192	10
38	94	74
38	77	62
38	136	60
38	70	35
38	150	44
38	112	15
38	78	94
38	160	97
38	72	93
38	130	96
38	96	28
38	113	52
38	180	24
38	176	10
38	82	71
38	127	27
38	75	91
38	115	100
38	188	51
38	114	5
38	80	94
38	69	48
38	154	58
38	191	30
38	93	70
38	162	51
38	83	57
38	79	43
38	91	34
38	148	11
38	167	13
38	172	35
38	173	17
38	187	35
39	199	50
39	140	78
39	104	64
39	187	6
39	173	72
39	126	44
39	79	38
39	138	13
39	120	56
39	127	97
39	175	31
39	101	52
39	170	30
39	178	54
39	191	14
39	96	66
39	194	86
39	181	42
39	40	21
39	146	37
39	87	53
39	91	25
39	82	63
39	174	19
39	89	51
39	78	36
39	198	76
39	121	75
39	48	34
39	152	50
39	71	47
39	145	17
39	114	83
39	151	47
39	77	60
39	85	12
39	83	45
39	94	42
39	147	12
39	88	37
39	186	30
39	72	23
39	193	14
39	50	9
39	143	91
39	183	84
39	41	75
39	103	88
39	165	20
39	188	71
39	46	13
39	75	61
39	144	33
40	151	26
40	105	29
40	106	76
40	92	80
40	123	14
40	171	55
40	140	66
40	76	94
40	153	99
40	158	17
40	137	58
40	75	47
40	183	45
40	188	28
40	87	20
40	130	20
40	149	21
40	173	23
40	114	41
40	144	59
40	107	10
40	152	22
40	164	56
40	136	87
40	163	69
40	145	79
40	52	57
40	160	39
40	47	37
40	73	74
40	139	78
40	167	58
40	84	71
40	94	8
40	57	33
40	192	64
40	161	37
40	155	30
40	170	14
40	96	9
40	128	30
40	166	42
40	81	95
40	56	12
40	181	25
40	97	62
40	46	45
40	176	91
40	189	27
40	74	5
40	89	14
40	187	93
40	199	53
41	147	47
41	120	93
41	84	79
41	150	37
41	89	91
41	178	76
41	105	44
41	101	8
41	113	93
41	193	31
41	86	7
41	75	18
41	107	63
41	187	94
41	119	23
41	140	52
41	133	34
41	174	60
41	103	93
41	159	62
41	145	81
41	166	94
41	188	33
41	50	28
41	109	28
41	80	68
41	91	43
41	114	47
41	176	81
41	48	82
41	160	50
41	198	85
41	42	55
41	180	75
41	190	71
41	192	80
41	94	8
41	57	98
41	125	32
41	88	89
41	173	98
41	129	32
41	194	24
41	110	97
41	143	95
41	161	65
41	93	25
41	111	48
41	127	16
41	87	62
41	182	40
41	99	91
41	167	18
41	72	85
41	149	30
41	141	45
42	123	72
42	121	54
42	88	96
42	178	13
42	131	51
42	112	65
42	90	10
42	91	37
42	181	88
42	159	86
42	170	40
42	198	5
42	149	13
42	82	72
42	107	82
42	155	10
42	75	41
42	197	82
42	49	53
42	122	77
42	129	94
42	102	43
42	192	55
42	165	97
42	196	6
42	111	93
42	89	88
42	142	8
42	73	60
42	45	34
42	154	92
42	74	77
42	43	43
42	128	60
42	108	27
42	58	93
42	87	9
42	193	86
42	151	34
42	157	14
42	94	21
42	97	77
42	115	22
42	190	72
42	174	56
42	60	47
43	174	60
43	141	90
43	146	13
43	155	11
43	77	41
43	135	11
43	92	56
43	137	19
43	121	54
43	154	41
43	151	56
43	46	30
43	177	75
43	127	42
43	97	26
43	149	65
43	172	97
43	47	92
43	139	56
43	117	25
43	143	19
43	106	8
43	195	21
43	118	42
43	50	90
43	115	84
43	187	32
43	185	27
43	125	64
43	99	42
43	63	28
43	198	57
43	94	37
43	148	67
43	176	85
43	157	10
43	168	36
43	58	91
43	104	50
43	100	48
43	55	44
43	81	98
43	66	50
43	156	82
43	78	61
44	191	87
44	92	50
44	45	17
44	150	42
44	128	85
44	105	77
44	107	66
44	120	11
44	167	52
44	156	7
44	186	67
44	124	43
44	114	56
44	188	49
44	143	50
44	47	81
44	169	35
44	82	100
44	87	95
44	153	67
44	187	19
44	97	14
44	190	87
44	148	25
44	198	80
44	152	80
44	154	38
44	182	38
44	147	96
44	110	50
44	197	41
44	55	67
44	83	49
44	89	90
44	168	91
44	179	37
44	95	43
44	175	38
44	132	34
44	122	16
44	195	45
44	65	41
44	139	46
45	117	93
45	126	65
45	169	29
45	108	87
45	138	55
45	158	19
45	115	80
45	164	79
45	84	7
45	141	22
45	113	28
45	142	89
45	194	61
45	106	69
45	88	11
45	128	16
45	183	17
45	187	34
45	162	86
45	146	20
45	130	23
45	99	55
45	100	61
45	191	36
45	49	15
45	118	10
45	166	17
45	152	88
45	95	9
45	134	22
45	160	95
45	165	52
45	94	84
45	48	67
45	150	61
45	129	81
45	82	99
45	177	61
45	78	6
45	137	49
45	97	75
45	172	37
45	184	91
45	149	24
45	127	11
45	195	28
45	176	67
45	51	12
45	53	87
46	161	48
46	114	59
46	165	74
46	148	95
46	146	79
46	133	75
46	98	78
46	108	25
46	155	95
46	113	55
46	193	90
46	151	23
46	100	73
46	194	69
46	138	66
46	152	29
46	198	71
46	175	58
46	84	59
46	182	91
46	91	23
46	115	12
46	147	10
46	186	7
46	87	23
46	136	9
46	191	52
46	110	47
46	58	24
46	99	58
46	97	59
46	162	59
46	192	7
46	143	54
46	117	10
46	93	44
46	160	11
46	184	22
46	141	87
46	82	70
46	64	94
46	88	38
47	191	58
47	178	17
47	106	90
47	152	28
47	137	89
47	151	71
47	126	96
47	101	57
47	116	89
47	194	50
47	160	91
47	195	14
47	155	95
47	172	54
47	188	97
47	167	31
47	189	81
47	122	47
47	164	89
47	120	33
47	87	82
47	142	83
47	83	78
47	88	58
47	180	34
47	107	8
47	127	18
47	59	11
47	60	80
47	159	38
47	63	79
47	169	9
47	192	10
47	111	7
47	100	57
47	108	7
47	146	97
47	69	25
47	196	50
47	95	17
47	114	63
47	115	85
47	99	88
47	117	90
47	181	87
47	145	16
47	166	58
47	168	49
47	165	64
47	51	96
47	110	13
47	93	83
47	52	60
47	154	74
47	67	72
47	104	73
47	64	85
48	174	21
48	136	89
48	173	32
48	180	82
48	93	76
48	96	41
48	142	66
48	102	41
48	109	49
48	179	23
48	185	44
48	164	81
48	175	10
48	181	34
48	183	69
48	184	90
48	161	21
48	157	63
48	191	84
48	101	74
48	107	98
48	198	56
48	86	38
48	194	96
48	131	62
48	141	76
48	89	71
48	187	94
48	177	27
48	112	93
48	188	90
48	133	65
48	105	20
48	169	56
48	104	64
48	114	44
48	56	94
48	167	12
48	99	62
48	67	22
48	166	61
48	182	6
48	151	37
48	145	30
48	149	43
48	62	71
48	117	8
48	158	32
48	120	78
48	171	40
48	52	61
49	188	35
49	86	91
49	88	98
49	147	80
49	93	33
49	174	46
49	134	73
49	92	68
49	107	39
49	164	66
49	161	39
49	195	90
49	113	93
49	126	56
49	114	11
49	102	54
49	194	87
49	136	10
49	190	8
49	150	40
49	172	63
49	58	23
49	91	26
49	57	75
49	192	71
49	165	56
49	81	99
49	60	7
49	87	49
49	135	32
49	59	80
49	130	86
49	193	100
49	180	75
49	184	55
49	122	70
49	162	87
49	52	74
49	55	12
49	112	78
49	163	93
49	185	59
49	182	67
49	151	52
49	142	74
49	108	99
49	124	5
49	66	8
49	189	72
49	143	33
49	168	62
49	183	11
49	80	76
49	63	33
49	84	17
49	125	55
50	142	6
50	197	48
50	147	59
50	112	18
50	153	66
50	154	23
50	138	87
50	104	51
50	169	57
50	156	76
50	95	94
50	86	99
50	146	30
50	132	89
50	107	95
50	199	40
50	97	40
50	173	25
50	133	95
50	103	7
50	54	14
50	100	92
50	185	29
50	190	76
50	161	40
50	93	14
50	89	46
50	92	32
50	162	21
50	65	86
50	136	54
50	91	65
50	124	35
50	69	64
50	61	36
50	110	39
50	192	57
50	72	42
50	56	14
50	177	54
51	82	12
51	164	36
51	134	9
51	86	53
51	142	70
51	103	18
51	91	75
51	189	68
51	192	52
51	105	90
51	186	18
51	136	73
51	58	69
51	90	16
51	184	17
51	54	92
51	167	51
51	146	27
51	158	40
51	183	39
51	98	63
51	52	63
51	96	44
51	60	35
51	148	23
51	84	9
51	97	19
51	141	96
51	53	84
51	143	28
51	89	9
51	124	45
51	120	61
51	162	20
51	174	41
51	128	32
51	56	8
51	114	15
51	187	82
51	163	87
51	116	20
52	147	97
52	113	5
52	96	46
52	89	88
52	98	9
52	132	38
52	191	35
52	55	90
52	120	52
52	167	62
52	172	29
52	190	49
52	186	89
52	184	55
52	126	56
52	169	84
52	91	77
52	111	69
52	122	10
52	131	45
52	151	89
52	130	19
52	62	94
52	166	37
52	61	58
52	127	78
52	196	54
52	114	66
52	97	79
52	154	41
52	99	66
52	156	7
52	157	98
52	100	26
52	173	62
52	185	51
52	59	88
52	141	62
52	125	49
52	178	56
52	179	39
52	60	77
52	187	16
52	115	45
52	64	97
52	152	66
52	53	30
52	79	87
52	160	87
52	194	5
52	171	34
52	134	45
53	199	98
53	85	83
53	106	71
53	103	44
53	194	17
53	54	12
53	110	57
53	120	62
53	130	76
53	148	10
53	111	85
53	187	65
53	158	35
53	95	50
53	197	59
53	115	21
53	125	88
53	107	26
53	63	83
53	100	96
53	135	11
53	64	73
53	182	98
53	190	40
53	162	86
53	140	96
53	181	22
53	96	76
53	116	13
53	156	21
53	164	65
53	170	51
53	119	21
53	174	12
53	136	65
53	195	72
53	112	85
53	154	69
53	191	67
53	114	68
53	161	54
53	147	12
53	196	17
53	129	62
54	188	32
54	118	40
54	199	90
54	91	62
54	155	52
54	165	98
54	175	57
54	102	17
54	126	97
54	129	26
54	134	24
54	141	75
54	133	43
54	150	43
54	146	58
54	147	22
54	164	79
54	62	77
54	104	68
54	145	61
54	128	45
54	92	23
54	95	54
54	142	92
54	198	33
54	55	92
54	132	39
54	182	80
54	136	19
54	189	57
54	168	66
54	179	56
54	117	73
54	143	54
54	191	33
54	88	43
54	105	23
54	56	91
54	87	25
54	137	87
54	97	75
54	99	64
54	114	52
54	69	75
54	94	41
54	98	92
54	113	38
54	186	73
55	183	71
55	148	53
55	173	25
55	104	30
55	105	94
55	160	64
55	106	77
55	199	36
55	144	92
55	111	46
55	149	85
55	196	88
55	65	40
55	89	17
55	170	64
55	135	30
55	191	68
55	145	57
55	167	92
55	157	90
55	181	51
55	60	87
55	119	14
55	56	78
55	62	77
55	93	18
55	101	15
55	175	92
55	152	80
55	189	79
55	155	93
55	90	12
55	114	7
55	91	75
55	75	44
55	164	69
55	123	46
55	120	55
55	63	47
56	146	63
56	187	61
56	102	42
56	114	68
56	117	47
56	136	82
56	184	83
56	139	31
56	166	8
56	57	42
56	133	99
56	167	84
56	189	88
56	110	8
56	129	43
56	145	52
56	90	48
56	93	49
56	142	32
56	119	18
56	152	17
56	175	33
56	140	10
56	132	37
56	191	31
56	153	24
56	67	52
56	99	22
56	107	66
56	157	51
56	183	19
56	182	81
56	106	14
56	173	7
56	113	94
56	77	51
56	91	63
56	109	12
56	181	36
56	199	97
56	79	9
56	159	32
56	195	14
56	161	18
57	180	95
57	95	43
57	169	87
57	94	26
57	172	91
57	198	92
57	155	13
57	109	70
57	143	59
57	149	23
57	117	19
57	114	42
57	133	11
57	147	8
57	161	39
57	195	63
57	174	54
57	69	100
57	170	16
57	175	12
57	70	58
57	113	65
57	152	36
57	88	26
57	146	59
57	178	43
57	126	43
57	129	77
57	144	69
57	106	19
57	166	55
57	163	54
57	116	62
57	80	33
57	134	18
57	159	95
57	97	77
57	115	99
57	192	52
57	186	70
57	121	43
57	185	48
57	83	51
57	179	27
57	138	80
57	103	80
57	111	25
57	77	87
57	84	96
57	130	7
58	138	84
58	152	17
58	186	37
58	135	12
58	127	74
58	153	51
58	196	85
58	118	18
58	125	95
58	164	66
58	162	68
58	142	17
58	110	63
58	105	84
58	176	28
58	115	94
58	151	50
58	134	50
58	166	9
58	133	42
58	91	70
58	107	66
58	149	59
58	64	82
58	132	74
58	114	88
58	131	50
58	178	69
58	120	59
58	66	7
58	101	61
58	68	12
58	71	89
58	100	11
58	119	25
58	199	89
58	154	30
58	98	96
58	181	22
58	193	68
58	191	64
58	177	73
58	163	17
59	142	35
59	149	46
59	91	74
59	134	28
59	196	23
59	182	73
59	133	61
59	139	90
59	193	39
59	120	66
59	135	97
59	97	76
59	148	35
59	175	44
59	128	71
59	136	14
59	159	36
59	150	88
59	60	8
59	146	51
59	143	39
59	156	94
59	129	31
59	179	85
59	188	19
59	78	16
59	113	24
59	131	45
59	127	60
59	190	45
59	154	55
59	168	76
59	72	78
59	124	62
59	152	26
59	63	9
59	126	57
59	100	38
59	137	94
59	174	35
60	179	65
60	134	22
60	145	27
60	101	80
60	96	58
60	105	76
60	188	96
60	109	82
60	129	58
60	130	84
60	149	29
60	92	40
60	146	52
60	115	61
60	116	92
60	143	11
60	158	14
60	157	27
60	70	7
60	163	67
60	111	64
60	192	71
60	153	25
60	170	40
60	93	95
60	162	37
60	176	12
60	123	72
60	165	75
60	181	51
60	113	98
60	82	87
60	171	70
60	173	36
60	189	97
60	195	42
60	99	37
61	194	21
61	113	54
61	64	86
61	95	7
61	63	85
61	127	16
61	152	18
61	178	31
61	182	13
61	144	78
61	122	36
61	68	44
61	66	24
61	112	28
61	173	48
61	139	83
61	98	25
61	175	52
61	156	11
61	146	45
61	196	44
61	129	38
61	183	42
61	62	19
61	157	26
61	174	45
61	184	53
61	168	71
61	76	58
61	118	82
61	70	33
61	190	10
61	121	78
61	189	93
61	133	69
61	192	60
61	116	37
61	132	47
61	181	13
61	102	53
61	177	35
61	151	61
61	171	12
61	128	35
61	158	14
62	192	13
62	110	72
62	132	68
62	196	52
62	175	72
62	182	20
62	155	5
62	128	92
62	138	40
62	95	59
62	177	25
62	178	10
62	152	94
62	118	41
62	157	70
62	154	23
62	190	59
62	179	29
62	140	48
62	103	18
62	168	13
62	71	68
62	174	74
62	164	45
62	191	32
62	172	63
62	107	28
62	124	64
62	104	74
62	120	43
62	146	46
62	188	29
62	78	60
62	115	60
62	102	85
62	136	96
62	121	44
62	181	98
62	167	65
62	197	14
62	185	46
62	125	73
62	116	72
62	66	100
63	140	6
63	178	86
63	167	17
63	127	42
63	163	57
63	114	69
63	158	84
63	182	82
63	168	7
63	129	53
63	144	8
63	65	34
63	149	57
63	165	45
63	171	75
63	74	30
63	177	87
63	134	96
63	137	46
63	106	62
63	174	95
63	166	44
63	118	65
63	189	96
63	121	12
63	147	96
63	132	73
63	107	55
63	72	13
63	71	62
63	70	54
63	130	8
63	109	83
63	77	40
63	152	20
63	142	71
63	160	12
63	199	54
64	113	71
64	145	93
64	65	44
64	143	25
64	106	28
64	179	31
64	162	21
64	184	72
64	107	49
64	127	79
64	123	69
64	181	71
64	133	71
64	153	98
64	177	77
64	182	59
64	104	38
64	159	83
64	175	86
64	183	48
64	172	75
64	76	81
64	124	34
64	129	79
64	125	25
64	187	79
64	97	24
64	146	26
64	191	79
64	101	39
64	117	91
64	115	38
64	164	39
64	88	78
64	79	30
64	174	30
64	135	99
64	105	52
64	170	20
64	138	26
64	68	37
64	74	48
65	148	57
65	109	80
65	199	13
65	121	89
65	187	40
65	67	79
65	107	33
65	143	50
65	119	26
65	161	78
65	156	63
65	129	42
65	126	28
65	98	18
65	144	72
65	192	99
65	167	40
65	196	32
65	116	59
65	182	27
65	80	89
65	114	58
65	97	61
65	103	98
65	125	82
65	140	77
65	151	31
65	152	31
65	74	30
65	111	97
65	184	32
65	190	63
65	145	34
65	174	76
65	99	31
65	105	66
65	185	69
65	163	12
65	198	57
65	165	22
65	108	59
65	106	68
65	132	14
65	141	77
65	159	76
65	86	12
65	85	84
65	137	70
65	123	84
65	146	78
66	97	47
66	181	44
66	187	60
66	142	13
66	136	94
66	120	16
66	71	28
66	104	33
66	185	45
66	150	83
66	162	6
66	109	15
66	199	23
66	113	51
66	153	70
66	108	52
66	167	14
66	159	20
66	116	83
66	118	6
66	70	21
66	158	24
66	161	78
66	171	94
66	191	8
66	192	19
66	67	35
66	77	17
66	122	97
66	143	96
66	154	18
66	169	31
66	175	83
66	132	25
66	125	68
66	101	99
66	174	32
66	69	89
66	160	58
66	81	12
66	84	41
66	92	28
66	195	76
66	193	10
66	73	54
66	106	46
66	182	90
66	157	14
67	165	94
67	141	28
67	148	93
67	145	73
67	106	47
67	146	22
67	180	81
67	100	83
67	108	35
67	166	61
67	109	6
67	123	99
67	170	40
67	137	14
67	171	9
67	128	84
67	192	9
67	167	42
67	113	59
67	84	14
67	140	44
67	111	5
67	81	96
67	187	60
67	197	27
67	120	10
67	131	90
67	198	54
67	82	49
67	173	79
67	105	93
67	184	30
67	122	22
68	160	39
68	145	26
68	165	35
68	147	40
68	141	22
68	154	40
68	153	25
68	131	9
68	114	50
68	139	93
68	127	94
68	185	11
68	195	10
68	163	47
68	161	58
68	111	33
68	162	54
68	73	85
68	189	52
68	143	16
68	144	25
68	182	68
68	199	51
68	108	93
68	107	68
68	181	54
68	156	80
68	193	77
68	109	74
68	186	97
68	168	27
68	101	33
68	172	10
68	197	98
68	198	73
68	72	81
68	183	14
68	117	70
69	137	81
69	160	22
69	124	8
69	184	83
69	198	49
69	102	54
69	115	48
69	176	51
69	187	48
69	118	7
69	146	92
69	169	99
69	183	97
69	190	52
69	123	23
69	155	69
69	170	15
69	178	51
69	152	85
69	145	38
69	196	39
69	70	36
69	144	49
69	168	36
69	86	93
69	79	32
69	186	97
69	135	30
69	150	92
69	109	81
69	197	48
69	106	13
69	142	70
69	193	10
69	101	96
69	136	24
70	117	9
70	194	32
70	132	85
70	133	8
70	196	63
70	147	13
70	188	56
70	150	54
70	179	76
70	182	23
70	158	58
70	144	8
70	72	14
70	113	71
70	172	17
70	139	23
70	183	53
70	193	17
70	149	96
70	82	66
70	136	44
70	141	77
70	109	83
70	153	18
70	80	88
70	125	37
70	131	96
70	177	96
70	103	81
70	73	25
70	74	12
70	187	20
70	83	24
70	130	15
70	189	96
70	129	27
70	162	18
70	78	98
70	110	84
70	122	15
70	140	11
70	86	65
70	84	70
70	157	14
70	176	10
71	138	95
71	164	92
71	114	47
71	119	80
71	196	94
71	127	7
71	185	87
71	173	26
71	198	20
71	188	30
71	141	97
71	115	98
71	155	69
71	170	35
71	187	82
71	121	57
71	182	39
71	73	17
71	126	47
71	168	59
71	116	13
71	191	58
71	176	40
71	161	49
71	145	88
71	174	77
71	144	48
71	86	58
71	129	93
71	136	70
71	190	55
71	152	29
71	179	16
71	110	25
71	131	91
71	117	28
71	199	30
71	105	79
71	82	57
71	90	100
71	172	63
71	142	81
72	135	81
72	125	32
72	187	96
72	196	39
72	132	67
72	151	95
72	159	32
72	170	80
72	186	89
72	74	59
72	127	15
72	177	27
72	140	40
72	185	33
72	78	28
72	126	96
72	111	10
72	194	17
72	81	57
72	174	80
72	122	98
72	133	39
72	80	88
72	129	97
72	168	73
72	192	78
72	89	91
72	131	96
72	115	7
72	195	91
72	85	53
72	193	93
72	120	29
72	175	73
72	147	8
72	79	60
72	104	79
72	107	41
72	184	91
72	143	29
72	77	12
72	136	96
72	98	60
72	199	68
73	136	54
73	189	11
73	194	22
73	144	75
73	164	74
73	131	65
73	173	75
73	75	8
73	160	69
73	104	47
73	126	53
73	128	10
73	155	75
73	114	43
73	170	5
73	112	7
73	175	21
73	185	6
73	197	57
73	184	78
73	158	42
73	80	36
73	176	62
73	148	100
73	199	6
73	111	88
73	172	53
73	106	14
73	156	52
73	76	95
73	122	79
73	84	15
73	171	36
73	74	29
74	109	75
74	177	91
74	142	98
74	146	28
74	197	17
74	156	18
74	126	31
74	135	18
74	151	71
74	180	39
74	163	12
74	77	41
74	122	93
74	141	66
74	173	93
74	154	23
74	155	95
74	121	28
74	128	81
74	125	19
74	107	54
74	162	94
74	134	77
74	110	74
74	150	22
74	94	48
74	167	15
74	78	47
74	153	87
74	184	43
74	96	15
74	157	58
75	177	48
75	144	43
75	164	18
75	125	79
75	166	12
75	172	36
75	156	99
75	163	93
75	188	9
75	137	33
75	141	84
75	145	45
75	195	56
75	133	98
75	175	15
75	155	56
75	165	80
75	106	35
75	109	20
75	113	49
75	169	22
75	189	36
75	153	61
75	87	63
75	146	83
75	81	100
75	161	40
75	80	29
75	181	31
75	114	74
75	79	61
75	90	67
75	197	59
75	86	30
75	150	47
75	128	35
75	194	89
75	107	35
75	84	94
75	147	72
75	103	66
75	122	33
76	178	21
76	117	14
76	152	57
76	112	31
76	151	79
76	120	90
76	144	67
76	111	30
76	174	40
76	159	82
76	167	21
76	182	99
76	197	29
76	82	14
76	124	54
76	192	84
76	77	27
76	110	52
76	88	60
76	186	77
76	171	97
76	153	7
76	191	51
76	150	13
76	194	30
76	147	35
76	164	70
76	83	74
76	145	17
76	78	67
76	185	7
76	113	52
76	92	9
76	128	71
76	134	39
76	107	88
76	198	92
76	125	38
76	127	73
76	161	22
77	117	28
77	118	21
77	193	28
77	119	90
77	143	74
77	150	8
77	180	6
77	181	11
77	157	71
77	197	43
77	192	58
77	148	12
77	162	37
77	146	36
77	161	62
77	83	36
77	199	12
77	138	60
77	188	7
77	82	45
77	139	65
77	185	71
77	177	26
77	184	52
77	108	70
77	141	42
77	152	83
77	91	84
77	133	39
77	110	67
77	160	42
77	128	59
77	88	44
77	159	95
77	167	7
77	112	9
78	142	68
78	139	74
78	185	18
78	115	40
78	155	65
78	168	19
78	84	80
78	143	94
78	113	88
78	150	100
78	176	63
78	112	72
78	165	93
78	83	81
78	129	80
78	192	71
78	111	83
78	194	86
78	92	85
78	145	91
78	175	57
78	196	22
78	181	84
78	191	95
78	154	54
78	146	81
78	138	10
78	91	84
78	133	21
78	89	13
78	157	54
78	153	6
78	100	66
78	132	28
78	99	79
78	127	24
78	137	82
78	190	45
78	197	30
78	119	13
78	149	20
78	87	72
79	167	71
79	184	70
79	134	34
79	199	52
79	132	25
79	120	40
79	149	59
79	127	90
79	152	27
79	146	48
79	156	52
79	189	38
79	84	37
79	173	79
79	110	94
79	116	11
79	171	31
79	175	5
79	121	56
79	165	43
79	128	95
79	190	43
79	159	27
79	160	73
79	82	20
79	115	22
79	138	76
79	131	94
79	188	57
79	150	14
79	105	22
79	169	81
79	176	30
79	86	43
79	157	31
80	179	62
80	161	52
80	166	33
80	170	85
80	183	78
80	144	87
80	163	11
80	136	50
80	125	44
80	134	44
80	113	17
80	145	48
80	178	62
80	130	95
80	83	57
80	123	54
80	91	7
80	119	15
80	172	96
80	187	81
80	162	31
80	194	84
80	89	76
80	132	23
80	186	48
80	126	41
80	181	40
80	133	35
80	155	75
80	128	29
80	175	46
80	121	37
80	98	99
80	120	34
80	174	44
80	101	77
80	139	31
80	157	19
80	143	79
81	179	11
81	165	79
81	138	58
81	193	13
81	169	86
81	170	63
81	184	91
81	136	44
81	167	97
81	163	55
81	115	46
81	152	71
81	112	81
81	174	40
81	87	90
81	160	47
81	116	46
81	154	91
81	82	10
81	190	78
81	143	44
81	92	40
81	166	62
81	90	55
81	91	36
81	95	76
81	89	29
81	118	77
81	140	27
81	121	22
81	188	58
81	142	23
81	135	58
81	131	33
81	108	92
81	151	57
81	156	89
81	145	23
81	137	73
81	107	31
82	113	45
82	140	34
82	163	98
82	161	85
82	125	30
82	147	7
82	179	13
82	139	39
82	165	44
82	136	81
82	166	41
82	126	68
82	164	29
82	198	93
82	188	76
82	124	48
82	168	34
82	130	48
82	160	38
82	180	75
82	187	43
82	184	96
82	141	87
82	194	60
82	97	10
82	149	89
82	183	69
82	197	21
82	121	83
82	131	55
82	123	89
82	176	52
82	175	98
82	193	88
82	178	52
82	174	70
82	151	18
82	185	30
83	169	33
83	120	67
83	174	32
83	148	56
83	155	22
83	141	61
83	195	15
83	125	83
83	159	31
83	151	27
83	139	39
83	140	79
83	158	83
83	181	17
83	193	59
83	131	52
83	129	20
83	127	44
83	126	38
83	135	71
83	199	32
83	147	53
83	182	7
83	196	18
83	153	41
83	166	72
83	137	44
83	152	66
83	188	52
84	192	10
84	197	94
84	124	21
84	193	17
84	141	95
84	162	47
84	86	15
84	175	76
84	91	81
84	88	45
84	117	25
84	119	87
84	173	58
84	198	68
84	94	39
84	137	42
84	169	91
84	93	41
84	123	66
84	189	71
84	199	55
84	128	86
84	177	48
84	129	17
84	153	54
84	89	34
84	120	65
84	194	41
84	102	61
84	85	8
84	139	88
85	128	69
85	127	72
85	125	26
85	118	82
85	149	73
85	184	9
85	166	96
85	163	23
85	196	86
85	173	34
85	90	32
85	145	41
85	142	59
85	148	41
85	192	55
85	159	90
85	169	18
85	117	71
85	120	20
85	194	19
85	116	59
85	161	52
85	119	75
85	107	96
85	139	63
85	189	15
85	126	87
85	199	20
85	93	96
85	176	87
85	99	63
85	97	74
86	193	29
86	87	87
86	178	41
86	187	89
86	125	81
86	151	9
86	88	95
86	126	84
86	173	7
86	157	87
86	185	59
86	145	62
86	117	37
86	154	59
86	164	60
86	93	39
86	121	66
86	94	57
86	136	15
86	161	38
86	162	40
86	144	97
86	98	72
86	192	94
86	169	40
86	118	91
86	158	52
86	160	92
86	130	55
86	135	83
86	147	58
86	168	66
86	109	49
86	171	22
87	122	21
87	199	79
87	125	96
87	139	41
87	172	67
87	169	62
87	136	33
87	121	59
87	156	92
87	132	92
87	149	90
87	89	40
87	173	11
87	143	20
87	151	13
87	88	9
87	180	48
87	94	22
87	97	65
87	131	63
87	163	97
87	175	69
87	96	96
87	140	44
87	166	35
87	184	37
87	155	10
87	95	26
87	192	41
87	123	95
87	133	93
87	160	34
87	119	85
87	108	24
87	98	91
87	183	34
87	161	65
87	144	59
87	188	97
87	109	79
87	115	61
88	148	36
88	176	39
88	141	43
88	159	15
88	182	47
88	145	72
88	161	66
88	189	25
88	157	92
88	168	52
88	99	75
88	144	99
88	198	48
88	147	27
88	173	93
88	130	40
88	96	93
88	135	56
88	160	10
88	146	73
88	183	33
88	94	38
88	195	96
88	192	40
88	153	9
88	143	11
88	125	8
88	126	37
88	186	21
88	107	6
88	124	94
88	172	41
88	90	14
88	133	59
88	169	95
89	156	56
89	178	55
89	174	35
89	184	44
89	161	10
89	155	69
89	148	36
89	183	63
89	137	25
89	149	37
89	134	87
89	133	12
89	162	68
89	98	92
89	121	34
89	93	86
89	150	28
89	197	40
89	195	36
89	102	8
89	96	18
89	146	18
89	185	46
89	138	65
89	105	19
89	169	19
89	92	96
89	115	47
89	106	63
90	136	11
90	165	93
90	121	47
90	142	91
90	166	20
90	167	37
90	172	66
90	176	32
90	153	78
90	135	13
90	192	83
90	194	77
90	193	45
90	188	83
90	186	57
90	137	70
90	131	81
90	152	71
90	168	19
90	101	78
90	163	91
90	174	48
90	97	38
90	177	64
90	98	92
90	130	11
90	184	38
90	123	55
90	112	84
90	143	99
90	140	6
90	105	45
90	155	59
90	145	46
90	146	88
90	95	75
90	182	15
91	194	6
91	151	78
91	199	82
91	192	84
91	196	63
91	185	40
91	148	7
91	154	25
91	157	22
91	190	16
91	133	79
91	171	10
91	169	11
91	94	13
91	96	41
91	98	88
91	124	73
91	172	60
91	95	87
91	112	76
91	183	95
91	131	29
91	104	86
91	147	25
91	188	14
91	92	41
91	193	11
91	113	49
91	97	56
91	93	54
91	103	50
91	114	50
92	152	97
92	192	51
92	150	98
92	153	98
92	154	49
92	199	96
92	128	40
92	141	97
92	187	13
92	198	86
92	137	37
92	98	25
92	179	55
92	189	7
92	135	7
92	123	86
92	126	70
92	125	98
92	151	54
92	138	25
92	104	66
92	173	11
92	132	78
92	134	17
92	181	22
92	129	73
92	124	21
92	191	88
92	160	90
92	133	83
92	149	91
92	164	92
92	184	22
92	130	63
92	155	43
92	175	86
92	120	15
92	111	89
92	108	18
92	118	53
93	184	50
93	96	65
93	147	24
93	149	95
93	167	66
93	144	95
93	150	23
93	137	72
93	101	90
93	192	43
93	191	80
93	126	69
93	196	98
93	189	81
93	105	99
93	132	35
93	165	73
93	193	59
93	199	17
93	151	38
93	185	28
93	155	27
93	136	22
93	124	33
93	186	48
93	116	42
93	157	55
93	178	43
93	115	41
93	158	85
93	118	75
93	181	34
93	152	72
94	197	94
94	133	25
94	163	32
94	168	79
94	174	60
94	147	75
94	140	82
94	175	29
94	141	39
94	97	60
94	99	16
94	178	44
94	160	11
94	190	40
94	189	30
94	139	5
94	149	72
94	199	28
94	167	14
94	132	28
94	100	62
94	134	44
94	191	60
94	172	12
94	108	13
94	152	87
94	113	42
94	161	31
94	158	66
94	117	79
94	120	50
94	96	46
94	151	68
95	166	26
95	179	34
95	156	51
95	96	33
95	175	36
95	192	13
95	144	24
95	126	76
95	195	78
95	138	61
95	136	58
95	139	30
95	133	76
95	99	77
95	169	64
95	168	83
95	111	44
95	132	93
95	165	8
95	130	98
95	149	8
95	112	21
95	119	67
95	181	76
96	165	20
96	176	70
96	181	15
96	183	48
96	147	51
96	128	48
96	97	54
96	154	50
96	134	59
96	172	67
96	149	20
96	188	56
96	156	51
96	193	64
96	164	47
96	180	39
96	150	89
96	179	99
96	136	16
96	133	33
96	192	20
96	99	30
96	141	56
96	144	42
96	113	65
96	155	11
96	178	63
96	100	85
96	107	57
96	163	93
96	185	68
96	197	92
96	186	86
96	196	61
96	109	52
96	145	58
96	168	41
97	158	70
97	199	95
97	136	95
97	146	100
97	192	67
97	180	14
97	156	14
97	166	38
97	145	52
97	147	93
97	160	58
97	144	17
97	103	25
97	131	86
97	137	12
97	165	57
97	128	77
97	179	47
97	101	9
97	196	88
97	197	93
97	142	35
97	170	60
97	102	48
97	118	75
97	134	68
97	155	21
97	181	81
97	194	100
97	168	24
97	149	91
97	174	9
97	157	58
97	141	31
97	190	44
98	148	9
98	150	59
98	153	63
98	191	47
98	186	49
98	99	6
98	194	16
98	188	19
98	133	93
98	167	17
98	199	54
98	161	31
98	178	31
98	184	18
98	151	80
98	107	18
98	138	33
98	192	94
98	101	27
98	113	8
98	170	18
98	189	13
98	176	35
98	154	25
98	132	64
98	136	78
98	130	71
98	131	17
98	145	17
98	159	13
99	137	92
99	139	85
99	133	63
99	143	36
99	158	98
99	146	43
99	176	43
99	102	21
99	184	81
99	101	82
99	142	17
99	188	72
99	165	31
99	132	10
99	181	31
99	131	13
99	164	98
99	157	61
99	183	51
99	149	41
99	138	60
99	171	42
99	198	83
99	193	65
99	155	65
99	187	95
99	103	76
99	112	44
99	100	95
99	106	53
100	190	57
100	185	78
100	180	77
100	142	98
100	103	59
100	157	79
100	140	75
100	167	96
100	188	83
100	101	48
100	186	35
100	179	27
100	132	54
100	104	11
100	148	37
100	154	88
100	152	78
100	170	77
100	145	66
100	159	37
100	110	79
100	143	14
100	139	68
100	133	84
100	158	50
100	183	39
100	111	61
100	149	13
100	195	94
100	194	41
100	156	79
100	146	71
100	108	95
100	135	48
100	192	33
101	183	6
101	172	28
101	173	11
101	139	39
101	171	88
101	108	71
101	179	43
101	144	62
101	180	35
101	153	88
101	115	71
101	132	53
101	191	42
101	175	45
101	138	35
101	190	14
101	118	60
101	135	48
101	156	50
101	152	21
101	187	5
101	169	73
101	192	6
101	197	84
101	199	49
101	128	89
101	165	95
101	103	13
101	181	36
102	197	53
102	141	31
102	173	83
102	198	74
102	191	73
102	149	53
102	162	10
102	108	67
102	103	87
102	185	69
102	150	39
102	148	42
102	135	58
102	154	66
102	136	38
102	134	83
102	183	95
102	190	51
102	192	15
102	107	17
102	112	19
102	165	12
102	172	84
102	143	47
102	105	94
102	184	17
102	187	73
102	118	65
102	145	6
102	157	31
102	166	66
103	189	31
103	158	54
103	140	52
103	134	79
103	165	34
103	136	37
103	195	64
103	163	70
103	161	31
103	159	49
103	193	13
103	168	32
103	179	32
103	118	90
103	190	60
103	107	46
103	137	27
103	186	84
103	156	65
103	148	79
103	142	73
103	175	9
103	170	80
103	173	70
103	174	6
103	182	24
103	124	49
103	141	79
103	164	39
103	177	90
103	127	38
103	151	13
103	105	32
104	162	26
104	198	39
104	146	87
104	190	51
104	187	98
104	137	40
104	138	80
104	168	67
104	153	73
104	159	32
104	194	8
104	147	8
104	112	65
104	158	96
104	106	74
104	172	10
104	196	32
104	166	53
104	174	35
104	156	13
104	193	12
104	111	91
104	199	26
104	152	75
104	119	89
104	105	17
104	108	21
104	195	57
104	161	72
105	157	29
105	183	95
105	186	83
105	147	27
105	139	55
105	171	21
105	182	7
105	115	34
105	140	20
105	174	90
105	110	22
105	158	52
105	190	6
105	120	15
105	153	84
105	196	71
105	166	82
105	188	98
105	113	19
105	187	20
105	192	69
105	162	28
105	198	87
105	160	86
105	141	90
105	142	7
105	154	20
105	144	30
105	197	46
106	179	56
106	195	40
106	194	75
106	181	77
106	168	82
106	186	82
106	110	76
106	116	52
106	142	22
106	185	77
106	111	41
106	164	93
106	178	19
106	150	71
106	173	55
106	183	41
106	122	10
106	167	52
106	147	40
106	188	72
106	196	34
106	112	84
106	126	49
106	146	5
106	172	37
107	144	87
107	148	75
107	163	43
107	160	97
107	153	73
107	161	88
107	179	21
107	196	67
107	187	36
107	190	11
107	109	44
107	138	87
107	112	53
107	185	74
107	176	53
107	151	12
107	184	21
107	175	11
107	191	83
108	142	99
108	171	95
108	183	36
108	180	50
108	187	9
108	193	70
108	175	28
108	189	71
108	194	81
108	113	8
108	177	33
108	167	18
108	191	7
108	140	33
108	179	93
108	139	22
108	163	31
108	162	55
108	173	93
108	117	73
108	174	60
108	114	86
108	165	50
108	152	49
108	158	35
108	190	52
108	192	42
108	164	18
108	123	19
108	126	66
108	143	53
108	119	80
108	178	27
108	172	84
108	137	77
108	153	20
109	193	68
109	196	77
109	142	13
109	190	22
109	171	9
109	184	13
109	158	67
109	116	53
109	176	25
109	162	40
109	152	9
109	143	52
109	173	26
109	111	66
109	187	16
109	194	20
109	147	14
109	170	62
109	153	99
109	169	61
109	117	89
109	164	14
109	175	33
109	177	61
109	182	34
109	144	35
109	126	18
109	133	51
109	165	27
109	127	46
109	197	75
109	129	92
110	190	72
110	111	25
110	184	5
110	151	100
110	183	74
110	172	34
110	180	55
110	117	93
110	164	48
110	116	72
110	163	60
110	142	69
110	150	93
110	171	15
110	194	98
110	188	72
110	128	21
110	130	45
110	196	19
110	181	51
110	159	11
110	129	56
110	131	62
110	112	61
111	159	46
111	153	88
111	172	65
111	174	54
111	197	58
111	198	57
111	117	88
111	151	47
111	144	60
111	158	71
111	121	25
111	112	84
111	165	24
111	115	94
111	142	56
111	185	61
111	170	67
111	119	89
111	125	24
111	169	29
111	152	7
111	155	55
112	184	17
112	190	84
112	157	20
112	188	37
112	174	39
112	198	7
112	165	63
112	152	73
112	176	80
112	186	7
112	122	38
112	169	47
112	170	37
112	147	69
112	163	14
112	146	86
112	159	32
112	129	64
112	175	15
112	155	28
112	153	85
112	171	67
112	134	37
112	123	44
112	181	43
112	179	71
112	196	25
112	135	96
112	178	22
113	190	27
113	197	46
113	151	61
113	166	23
113	196	66
113	184	71
113	182	70
113	195	19
113	144	100
113	159	49
113	183	59
113	117	74
113	193	34
113	170	30
113	186	98
113	126	68
113	176	70
113	158	75
113	114	88
113	135	73
113	161	13
113	122	87
113	162	59
113	163	7
113	160	88
113	136	19
113	123	12
113	191	62
114	167	93
114	197	94
114	169	99
114	195	84
114	146	26
114	151	62
114	188	97
114	160	95
114	119	21
114	122	68
114	176	57
114	117	46
114	177	6
114	170	82
114	152	49
114	178	38
114	116	99
114	155	47
114	145	55
115	165	40
115	195	86
115	160	51
115	154	96
115	117	57
115	152	18
115	192	51
115	181	76
115	172	68
115	199	16
115	150	35
115	167	35
115	176	13
115	124	28
115	131	27
115	183	44
115	164	17
115	171	57
115	182	77
115	120	34
115	146	77
115	118	58
115	168	14
115	178	97
115	147	26
115	138	97
116	155	48
116	187	76
116	153	64
116	154	61
116	149	37
116	198	49
116	177	22
116	175	37
116	180	23
116	121	38
116	147	28
116	118	49
116	188	22
116	130	35
116	150	96
116	123	33
116	199	7
116	165	59
116	133	59
116	197	40
116	166	35
116	134	61
116	142	70
116	140	45
116	148	91
117	154	22
117	121	87
117	169	22
117	199	17
117	179	25
117	127	22
117	191	50
117	159	20
117	190	80
117	167	32
117	156	98
117	171	51
117	182	91
117	153	54
117	163	90
117	173	94
117	148	48
117	157	37
117	164	36
117	139	55
117	161	56
117	141	35
117	181	22
117	138	73
117	166	7
118	169	78
118	186	30
118	159	90
118	171	72
118	191	27
118	121	69
118	153	69
118	166	56
118	188	88
118	167	99
118	193	42
118	199	89
118	164	31
118	195	75
118	192	28
118	122	22
118	196	73
118	154	28
118	179	13
118	160	7
118	189	94
118	150	7
118	128	31
118	181	64
118	197	7
118	123	86
118	141	31
118	175	71
118	182	10
118	163	36
119	155	56
119	186	86
119	122	29
119	181	83
119	180	22
119	165	7
119	162	59
119	173	83
119	151	40
119	196	70
119	120	59
119	170	45
119	127	36
119	156	49
119	182	77
119	187	31
119	134	12
119	172	12
119	128	67
119	161	93
119	171	91
119	169	29
119	121	94
119	195	68
119	160	94
119	153	69
120	198	68
120	178	27
120	179	34
120	158	7
120	155	74
120	171	53
120	151	87
120	188	20
120	134	28
120	168	13
120	135	74
120	170	62
120	195	29
120	191	40
120	167	54
120	196	40
120	176	54
120	163	10
120	136	17
120	185	37
120	122	98
120	199	71
120	164	17
120	138	86
121	188	42
121	154	46
121	126	78
121	191	12
121	156	8
121	125	58
121	159	12
121	129	36
121	189	31
121	192	79
121	161	54
121	171	34
121	177	17
121	139	46
121	166	56
121	185	36
121	198	63
121	160	60
121	187	22
121	137	92
121	182	30
121	174	25
121	170	91
121	168	41
121	173	22
122	123	53
122	124	41
122	168	37
122	190	15
122	191	19
122	167	37
122	153	76
122	186	72
122	182	34
122	193	60
122	173	26
122	160	68
122	162	94
122	127	25
122	163	85
122	137	98
122	177	47
122	138	11
122	161	69
122	175	43
122	143	71
122	142	90
122	125	40
122	181	50
123	193	46
123	163	39
123	195	17
123	154	56
123	177	100
123	124	53
123	186	59
123	178	25
123	136	88
123	169	72
123	171	9
123	131	63
123	137	64
123	167	38
123	197	31
123	183	87
123	180	70
123	184	72
123	155	48
123	173	7
123	145	56
123	191	15
123	157	17
123	138	99
124	157	80
124	161	96
124	163	59
124	174	41
124	178	67
124	156	42
124	186	89
124	191	90
124	127	83
124	173	89
124	175	72
124	138	47
124	125	84
124	196	71
124	155	48
125	186	89
125	174	57
125	127	57
125	177	76
125	157	54
125	193	15
125	183	25
125	179	67
125	190	37
125	158	45
125	137	68
125	164	66
125	173	53
125	146	89
125	182	88
125	191	50
125	142	67
125	195	34
126	182	57
126	178	26
126	188	24
126	158	80
126	161	84
126	173	76
126	179	95
126	166	48
126	177	15
126	190	61
126	174	62
126	194	24
126	162	33
126	171	45
126	146	13
126	159	30
126	165	78
126	142	52
126	160	7
126	133	34
127	166	41
127	180	84
127	189	82
127	199	88
127	196	57
127	163	59
127	160	7
127	197	82
127	178	83
127	139	26
127	179	41
127	134	9
127	191	85
127	131	99
127	169	57
127	128	68
127	145	23
127	192	33
127	133	41
127	198	43
127	148	34
127	170	41
127	147	30
127	129	86
128	190	38
128	162	42
128	176	82
128	184	7
128	161	83
128	183	13
128	134	67
128	198	9
128	166	60
128	163	27
128	189	93
128	159	46
128	174	86
128	175	33
128	167	96
128	195	50
128	130	12
128	177	64
128	181	49
128	182	90
128	153	25
128	179	77
129	164	21
129	130	91
129	133	55
129	184	47
129	194	34
129	195	62
129	161	11
129	166	58
129	168	83
129	170	75
129	199	65
129	176	83
129	198	60
129	132	53
129	173	87
129	167	26
129	186	80
129	140	30
129	190	6
129	147	95
129	152	57
129	171	93
129	162	32
129	139	24
129	141	87
129	146	17
129	187	86
130	168	20
130	162	57
130	165	98
130	177	83
130	192	13
130	172	71
130	175	29
130	167	88
130	144	43
130	180	86
130	178	96
130	139	15
130	189	94
130	195	92
130	151	96
130	153	22
130	186	56
130	199	10
130	191	58
130	188	26
130	182	6
130	156	48
131	182	87
131	169	18
131	163	32
131	177	39
131	185	46
131	166	60
131	176	59
131	192	95
131	190	73
131	172	55
131	194	90
131	181	11
131	188	64
131	142	92
131	145	71
131	168	21
131	196	11
131	186	15
131	134	57
132	187	13
132	140	98
132	168	81
132	175	67
132	170	67
132	148	91
132	139	41
132	141	82
132	135	85
132	169	35
132	149	58
132	173	40
132	178	46
132	186	61
132	194	6
132	146	61
133	188	68
133	168	35
133	196	28
133	177	80
133	137	45
133	193	28
133	184	35
133	181	84
133	187	85
133	139	58
133	189	75
133	167	40
133	180	7
133	185	79
133	198	74
133	156	44
133	174	100
133	134	44
134	179	74
134	196	71
134	181	29
134	177	34
134	176	12
134	175	5
134	145	10
134	186	85
134	185	65
134	148	99
134	150	77
134	193	47
134	135	92
134	147	92
134	191	49
134	172	78
134	159	26
134	188	70
134	153	72
134	167	51
134	143	9
134	149	68
135	190	56
135	167	85
135	182	30
135	171	49
135	173	53
135	174	19
135	180	28
135	188	100
135	177	29
135	178	92
135	169	69
135	138	64
135	194	73
135	191	89
135	145	61
135	151	36
135	179	6
135	144	12
135	192	9
135	153	10
135	161	30
135	154	32
136	170	81
136	181	23
136	188	96
136	190	79
136	196	77
136	140	53
136	141	63
136	179	78
136	175	46
136	145	28
136	185	51
136	156	93
136	139	13
136	199	72
136	189	9
136	160	38
136	198	93
137	140	88
137	171	25
137	182	36
137	195	43
137	178	31
137	199	18
137	169	95
137	151	66
137	198	14
137	173	85
137	141	20
137	172	25
137	192	15
137	143	10
137	191	47
137	180	23
138	196	99
138	199	50
138	177	36
138	170	72
138	194	54
138	183	26
138	176	100
138	150	41
138	155	59
138	186	90
138	192	49
138	185	28
138	182	77
138	154	60
138	180	73
138	158	9
138	172	76
138	147	28
139	176	99
139	198	34
139	189	87
139	171	90
139	188	55
139	173	44
139	182	100
139	179	34
139	159	82
139	145	66
139	157	92
139	196	28
139	153	82
139	184	53
139	186	64
140	194	79
140	184	33
140	186	90
140	188	47
140	198	30
140	179	71
140	149	10
140	196	60
140	141	9
140	197	23
140	159	53
140	192	63
140	190	19
140	168	38
141	174	73
141	177	79
141	191	55
141	186	7
141	150	83
141	152	74
141	195	81
141	192	49
141	153	43
141	144	6
141	156	87
141	148	13
141	181	75
141	199	99
142	175	99
142	177	7
142	184	27
142	179	93
142	191	61
142	198	66
142	150	40
142	192	96
142	195	11
142	194	99
142	189	74
142	188	11
142	176	51
142	178	69
142	158	62
142	199	85
142	159	96
142	180	81
142	156	16
142	147	22
143	199	21
143	185	86
143	178	45
143	175	70
143	188	54
143	189	58
143	149	47
143	182	7
143	147	80
143	190	17
143	174	47
143	191	66
143	160	79
144	181	97
144	146	40
144	182	88
144	180	46
144	149	76
144	145	17
144	163	46
144	187	44
144	154	34
144	198	71
144	196	22
144	191	96
144	165	11
145	178	29
145	147	55
145	182	37
145	150	14
145	148	60
145	155	14
145	157	23
145	166	79
145	193	37
145	194	44
145	152	76
145	192	64
145	158	45
145	198	63
146	188	74
146	191	67
146	186	95
146	155	9
146	180	10
146	164	19
146	153	5
146	179	52
146	150	99
146	184	22
146	194	45
146	185	32
147	179	31
147	191	15
147	180	34
147	194	46
147	155	100
147	149	27
147	181	87
147	182	23
147	161	33
147	195	50
147	158	46
147	165	72
147	171	67
147	192	69
147	186	6
147	148	30
148	149	98
148	187	86
148	182	90
148	190	42
148	158	12
148	150	23
148	156	83
148	151	14
148	199	21
148	179	36
148	152	86
149	195	42
149	193	55
149	189	59
149	154	90
149	199	35
149	169	57
149	188	61
150	189	39
150	198	73
150	154	18
150	151	40
150	155	85
150	159	88
150	197	57
150	196	18
150	160	63
150	173	79
150	199	86
150	194	58
150	185	6
151	196	50
151	158	49
151	152	14
151	160	79
151	197	22
151	161	83
151	162	28
151	187	47
152	195	6
152	189	15
152	196	31
152	158	96
152	197	47
152	190	67
152	191	12
152	185	46
152	165	69
152	168	73
152	186	55
153	189	93
153	185	14
153	187	86
153	190	35
153	158	56
153	194	70
153	163	35
153	188	33
153	169	33
153	160	21
153	162	76
154	194	67
154	186	80
154	159	80
154	187	53
154	196	12
154	168	21
154	155	63
154	190	13
154	197	87
154	198	35
155	188	8
155	199	76
155	195	61
155	197	27
155	169	90
155	165	93
155	156	20
155	159	21
155	171	63
155	163	32
156	165	67
156	190	58
156	166	28
156	195	58
156	179	35
156	192	14
156	160	78
157	195	58
157	191	18
157	189	47
157	166	9
157	163	31
157	167	71
157	196	41
157	199	6
157	158	88
157	174	16
158	199	18
158	163	95
158	197	33
158	161	63
158	192	29
158	170	11
158	175	43
158	196	21
158	177	24
158	184	35
158	186	34
158	169	98
159	162	42
159	160	46
159	166	84
159	193	25
159	163	31
159	182	91
159	183	88
159	185	39
160	193	49
160	167	36
160	195	56
160	177	61
160	173	79
160	196	81
160	188	59
161	192	67
161	168	28
161	165	96
161	186	74
161	173	17
162	197	41
162	169	58
162	194	12
162	163	31
162	172	81
162	176	38
162	179	92
162	195	93
162	175	49
163	194	76
163	199	10
163	166	83
163	176	25
163	195	97
163	183	81
163	192	15
163	173	41
164	169	41
164	198	46
164	171	40
164	168	51
164	199	10
164	177	63
165	197	19
165	170	22
165	171	98
165	180	10
165	173	18
165	182	45
165	187	46
165	189	47
165	193	78
166	197	29
166	167	30
166	199	48
166	174	76
166	180	27
166	185	16
167	171	27
167	173	52
167	177	64
167	168	60
167	186	49
167	176	26
167	183	50
167	189	85
167	193	30
168	171	91
168	170	61
168	176	42
168	199	81
168	175	84
168	181	66
168	187	16
169	171	66
169	186	41
169	184	91
169	174	17
169	173	76
169	188	50
169	197	38
170	174	83
170	177	80
170	188	77
170	182	48
170	176	63
171	183	63
171	179	8
171	174	45
171	172	15
171	176	95
171	195	20
172	173	48
172	179	48
172	181	62
172	187	83
172	180	53
173	183	93
173	191	59
173	197	42
173	182	8
173	194	14
174	175	36
174	184	37
174	183	39
174	190	66
174	195	46
174	191	63
175	180	74
175	184	35
175	183	36
175	189	56
175	198	37
175	187	74
175	186	65
175	188	71
176	191	74
177	187	79
177	182	47
177	186	75
177	192	58
177	181	30
177	190	84
177	189	73
178	184	93
178	189	42
178	188	97
178	198	75
179	181	38
179	186	39
179	196	25
179	198	59
179	189	85
179	180	82
179	182	67
179	188	59
180	183	66
180	185	52
180	190	72
180	195	28
180	184	47
180	181	41
181	186	90
181	195	33
181	185	58
181	197	70
182	190	18
182	184	64
182	185	52
182	198	16
183	195	48
183	198	82
183	194	35
183	196	55
183	186	27
185	191	88
185	188	72
185	193	39
187	197	18
187	199	54
188	190	97
188	193	97
189	190	74
189	193	10
189	191	50
189	195	39
189	196	32
189	197	32
190	198	96
190	196	99
191	192	100
191	195	71
191	194	78
192	193	20
193	195	99
193	198	62
194	199	17
195	196	72
196	197	10
198	199	22
