NAME: W_SPARSE_120_32
n: 120
m: 1920
0	61	57
0	58	57
0	95	55
0	37	72
0	41	26
0	73	43
0	68	10
0	38	67
0	91	35
0	44	57
0	79	32
0	48	63
0	51	13
0	43	58
0	80	40
0	102	51
0	21	33
0	7	97
0	47	19
0	29	14
0	97	51
0	2	18
0	86	5
0	81	71
1	79	58
1	45	74
1	99	80
1	28	98
1	80	90
1	38	74
1	46	77
1	69	75
1	65	39
1	49	30
1	119	78
1	27	71
1	89	13
1	97	85
1	19	70
1	44	24
1	2	86
1	6	16
1	35	54
1	85	36
1	74	93
1	54	83
1	72	74
1	31	45
1	4	15
1	11	43
1	103	70
1	30	66
1	9	99
1	101	76
2	100	68
2	27	89
2	19	64
2	38	24
2	95	89
2	61	22
2	71	73
2	26	41
2	32	75
2	45	45
2	42	6
2	4	72
2	25	47
2	97	27
2	53	47
2	75	27
2	51	54
2	7	67
2	54	97
2	111	82
2	114	74
2	37	51
2	77	69
2	89	61
2	3	70
2	47	91
2	52	37
2	84	94
3	94	34
3	77	30
3	62	12
3	52	64
3	106	81
3	51	64
3	35	57
3	82	49
3	31	53
3	86	55
3	5	83
3	33	95
3	47	45
3	50	85
3	59	73
3	105	71
3	100	8
3	27	14
3	4	44
3	42	55
3	32	47
3	97	59
3	28	77
3	60	61
3	10	76
3	45	75
3	6	57
3	37	31
3	85	26
3	58	65
3	79	65
3	14	88
3	49	95
3	68	15
3	75	62
4	28	27
4	37	17
4	47	90
4	91	26
4	107	9
4	53	98
4	5	74
4	63	54
4	44	48
4	82	81
4	81	76
4	45	62
4	66	91
4	46	77
4	36	94
4	103	81
4	12	18
4	6	92
4	65	75
4	34	100
4	68	62
4	73	5
4	9	48
4	87	81
4	59	10
4	69	98
4	77	16
5	91	25
5	106	29
5	22	45
5	25	54
5	27	10
5	40	35
5	75	61
5	7	78
5	81	90
5	103	11
5	57	42
5	71	55
5	89	36
5	28	10
5	46	93
5	80	94
5	100	55
5	96	27
5	115	62
5	44	42
5	88	71
5	67	52
5	79	45
5	17	69
5	49	17
5	53	14
5	58	40
5	42	71
5	83	69
5	92	82
5	98	99
6	26	17
6	30	18
6	99	31
6	104	46
6	32	14
6	23	25
6	27	36
6	35	68
6	64	41
6	93	92
6	81	11
6	86	97
6	103	51
6	108	72
6	98	30
6	49	75
6	60	98
6	75	43
6	62	11
6	61	90
6	79	86
6	34	18
6	101	18
6	24	18
6	17	90
6	85	71
6	15	42
6	55	49
7	41	31
7	107	44
7	54	85
7	98	56
7	69	94
7	103	43
7	55	38
7	49	28
7	11	93
7	63	63
7	32	79
7	77	27
7	84	22
7	39	59
7	101	8
7	50	86
7	25	93
7	90	51
7	28	95
7	91	83
7	119	77
7	89	43
7	48	84
7	74	46
7	96	10
7	14	31
7	66	95
7	108	87
7	116	56
7	104	39
7	88	95
8	61	58
8	69	14
8	54	29
8	82	47
8	110	16
8	10	97
8	31	81
8	42	15
8	94	45
8	51	63
8	14	92
8	52	68
8	77	19
8	13	55
8	87	60
8	48	31
8	64	13
8	74	59
8	100	42
8	11	98
8	19	57
8	118	9
8	98	31
8	117	15
8	32	19
8	9	29
8	106	46
9	32	41
9	109	61
9	42	53
9	49	33
9	101	35
9	52	71
9	51	36
9	90	70
9	60	12
9	72	87
9	55	68
9	29	88
9	76	15
9	36	75
9	91	5
9	83	26
9	111	63
9	77	70
9	57	33
9	88	8
9	105	65
9	80	13
9	98	77
9	15	98
9	34	86
9	110	91
9	117	37
9	16	65
9	107	73
10	72	13
10	101	81
10	49	97
10	105	50
10	107	74
10	95	6
10	31	17
10	35	33
10	70	91
10	56	84
10	104	35
10	102	86
10	80	44
10	74	26
10	16	22
10	73	46
10	33	97
10	28	83
10	91	28
10	92	9
10	12	29
10	43	17
10	11	80
10	67	50
10	20	75
10	50	63
10	71	37
10	119	10
10	112	15
10	32	79
10	23	85
10	61	47
10	76	6
10	38	79
10	48	51
11	30	33
11	38	19
11	63	72
11	13	22
11	92	63
11	65	95
11	43	43
11	93	84
11	85	78
11	95	100
11	86	48
11	94	79
11	41	90
11	74	92
11	105	28
11	69	66
11	71	72
11	40	41
11	44	11
11	19	90
11	90	76
11	58	71
11	102	74
11	33	58
11	50	56
11	84	58
11	32	58
11	91	9
12	76	7
12	99	13
12	110	39
12	51	35
12	82	7
12	38	48
12	109	83
12	59	24
12	63	98
12	53	57
12	114	80
12	67	94
12	106	100
12	56	86
12	90	91
12	68	46
12	91	57
12	84	8
12	31	8
12	55	9
12	102	62
12	44	93
12	85	74
12	81	83
12	95	33
12	103	39
12	45	72
12	83	95
13	56	35
13	103	51
13	113	67
13	65	20
13	109	35
13	76	98
13	96	35
13	84	58
13	100	80
13	48	83
13	106	90
13	93	87
13	37	6
13	98	43
13	110	99
13	42	5
13	53	21
13	50	56
13	44	45
13	63	65
13	81	23
13	101	40
13	99	77
13	54	18
13	108	43
13	16	7
13	25	18
13	45	73
13	55	20
13	104	28
13	20	75
13	88	88
13	24	22
13	80	15
14	96	91
14	64	59
14	76	79
14	62	16
14	45	90
14	40	29
14	59	76
14	83	28
14	73	37
14	106	83
14	42	23
14	67	11
14	94	45
14	61	10
14	57	28
14	115	28
14	58	23
14	34	34
14	66	92
14	111	16
14	109	26
14	113	39
14	79	99
14	117	98
14	50	91
14	95	56
14	84	99
14	68	28
14	16	67
14	97	21
14	63	84
14	22	65
14	33	47
14	27	70
14	28	18
14	74	94
15	77	76
15	66	62
15	70	17
15	76	15
15	83	67
15	99	26
15	32	25
15	41	58
15	52	73
15	54	16
15	93	36
15	97	23
15	113	77
15	96	94
15	46	82
15	60	56
15	105	47
15	21	34
15	34	91
15	75	93
15	103	15
15	94	14
15	35	69
15	68	88
15	81	10
15	87	76
15	107	46
15	38	99
15	65	53
15	102	28
15	51	82
15	16	47
15	55	72
15	36	77
15	92	59
15	24	16
15	111	40
15	80	28
16	63	16
16	104	55
16	85	24
16	70	34
16	56	98
16	18	14
16	77	74
16	117	62
16	42	42
16	72	38
16	112	44
16	78	87
16	90	88
16	35	84
16	95	11
16	108	43
16	44	73
16	45	27
16	98	32
16	99	65
16	66	78
16	49	87
16	71	74
16	93	99
16	39	73
16	62	96
16	105	97
16	81	62
16	57	64
16	92	31
16	97	56
16	86	57
17	47	31
17	60	31
17	66	32
17	88	100
17	85	51
17	62	98
17	41	30
17	34	46
17	89	64
17	86	27
17	54	38
17	74	79
17	40	78
17	52	65
17	98	22
17	68	35
17	65	76
17	18	27
17	111	51
17	46	38
17	104	73
17	61	59
17	35	14
17	63	92
17	105	100
17	28	27
17	43	32
17	100	83
17	31	13
18	96	95
18	113	29
18	39	38
18	109	38
18	81	34
18	84	52
18	110	58
18	88	15
18	68	53
18	41	97
18	99	30
18	102	18
18	119	10
18	56	37
18	67	28
18	51	87
18	38	80
18	65	47
18	87	10
18	29	79
18	62	63
18	114	53
18	19	9
18	57	62
18	78	86
18	31	12
18	25	89
18	104	99
19	88	54
19	54	95
19	40	68
19	84	28
19	75	12
19	106	11
19	80	86
19	52	21
19	78	68
19	92	42
19	56	25
19	51	95
19	57	92
19	45	23
19	71	78
19	87	83
19	112	72
19	58	57
19	41	57
19	47	77
19	29	82
19	82	29
19	86	78
19	46	81
20	81	34
20	41	56
20	50	59
20	68	96
20	82	20
20	100	57
20	105	5
20	52	35
20	49	62
20	79	18
20	64	66
20	54	71
20	37	39
20	95	70
20	92	63
20	103	22
20	51	39
20	69	79
20	115	32
20	40	93
20	21	7
20	43	86
20	31	55
20	65	23
20	101	16
20	26	59
20	61	52
20	96	35
20	117	73
20	59	6
20	87	58
20	73	99
20	90	97
21	68	47
21	55	54
21	81	71
21	59	75
21	53	25
21	43	20
21	57	23
21	61	28
21	89	16
21	99	88
21	119	74
21	50	82
21	29	79
21	54	85
21	22	37
21	106	64
21	101	32
21	82	54
21	80	69
21	110	75
21	60	61
21	42	10
21	88	85
21	69	95
22	106	97
22	48	11
22	57	26
22	65	70
22	113	47
22	64	14
22	63	76
22	80	23
22	23	16
22	94	40
22	40	76
22	92	62
22	43	57
22	54	17
22	93	12
22	105	45
22	27	81
22	101	99
22	39	67
22	114	10
22	35	99
22	90	95
22	33	47
23	79	66
23	55	92
23	119	36
23	68	57
23	25	13
23	40	46
23	95	85
23	98	88
23	91	8
23	56	23
23	100	53
23	78	11
23	49	41
23	50	80
23	90	82
23	112	36
23	28	73
23	84	89
23	71	40
23	101	50
23	45	13
23	46	96
23	114	89
23	57	37
23	74	6
23	89	55
23	62	76
24	55	81
24	116	58
24	79	75
24	78	52
24	93	33
24	95	74
24	87	81
24	103	93
24	92	43
24	111	49
24	66	30
24	61	35
24	98	64
24	89	29
24	68	56
24	90	99
24	62	74
24	75	7
24	56	37
24	76	72
24	117	24
24	113	94
24	25	12
24	52	21
24	72	92
24	105	13
24	45	80
24	50	68
24	85	71
24	31	77
24	58	37
24	107	60
24	82	26
24	65	66
24	63	92
25	62	72
25	94	14
25	92	16
25	57	69
25	88	14
25	67	74
25	96	57
25	101	24
25	47	77
25	75	68
25	93	36
25	97	52
25	112	8
25	116	38
25	109	37
25	91	5
25	111	46
25	61	65
25	65	66
25	55	85
25	31	29
25	28	27
25	64	92
25	37	64
25	46	96
25	77	24
25	86	79
26	64	9
26	87	91
26	61	32
26	102	57
26	99	96
26	48	20
26	58	79
26	68	44
26	72	91
26	62	14
26	108	64
26	107	90
26	79	100
26	30	99
26	50	46
26	109	82
26	94	21
26	119	32
26	91	30
26	85	5
26	65	24
26	113	62
26	97	54
26	76	77
26	100	98
26	39	56
26	89	74
26	43	49
26	70	41
27	79	36
27	51	36
27	110	50
27	50	40
27	67	51
27	62	92
27	44	68
27	60	36
27	109	59
27	119	79
27	47	7
27	28	66
27	78	36
27	118	89
27	89	67
27	57	98
27	73	47
27	88	21
27	98	92
27	36	85
27	115	11
27	77	10
28	63	30
28	112	54
28	113	32
28	52	24
28	53	31
28	97	80
28	106	47
28	32	42
28	51	87
28	94	91
28	55	81
28	67	71
28	36	23
28	84	35
28	85	32
28	62	14
28	34	43
28	57	19
28	91	42
28	119	63
28	61	88
28	64	87
28	71	95
28	76	19
28	116	59
28	39	67
28	65	22
28	108	34
29	77	62
29	110	46
29	76	63
29	79	82
29	90	77
29	86	67
29	30	37
29	53	94
29	31	75
29	112	11
29	32	40
29	102	77
29	104	99
29	98	22
29	65	32
29	115	92
29	50	12
29	38	18
29	33	93
29	99	18
29	37	30
29	57	15
29	73	60
30	105	49
30	111	17
30	86	99
30	89	63
30	82	46
30	78	64
30	67	8
30	106	68
30	65	75
30	88	35
30	57	83
30	51	76
30	116	36
30	115	99
30	73	42
30	101	35
30	31	72
30	35	94
30	37	37
30	107	65
30	97	23
30	59	30
30	108	67
30	49	59
30	56	63
30	64	99
30	71	13
30	74	9
30	85	26
30	117	37
30	55	85
30	62	35
31	71	49
31	93	84
31	100	32
31	95	33
31	50	93
31	54	92
31	32	92
31	114	66
31	99	18
31	67	6
31	64	51
31	57	20
31	77	16
31	118	86
31	90	62
31	49	29
31	68	60
31	70	96
31	66	96
31	107	37
31	115	64
31	40	48
31	63	60
31	43	8
31	53	11
31	105	64
31	72	47
31	110	31
32	52	25
32	85	93
32	98	87
32	119	10
32	53	9
32	100	19
32	93	8
32	84	89
32	74	40
32	115	24
32	87	41
32	64	47
32	91	9
32	38	35
32	95	11
32	99	53
32	116	40
32	69	73
32	79	95
32	101	75
32	35	66
32	77	21
32	66	24
32	36	48
32	109	89
32	72	15
32	102	17
33	56	48
33	108	93
33	96	28
33	35	38
33	74	26
33	86	97
33	57	89
33	90	60
33	93	78
33	70	39
33	100	16
33	51	68
33	103	89
33	82	27
33	65	40
33	109	54
33	59	53
33	111	91
33	116	40
33	98	10
33	110	17
33	40	69
33	41	55
33	114	41
33	53	8
33	94	86
33	102	99
34	69	69
34	82	16
34	80	44
34	110	10
34	85	63
34	118	60
34	90	33
34	53	95
34	58	81
34	54	37
34	38	82
34	71	64
34	106	89
34	73	37
34	57	15
34	97	23
34	67	94
34	108	28
34	109	72
34	65	38
34	56	72
34	62	98
34	81	8
34	42	48
35	114	90
35	53	74
35	98	62
35	65	39
35	68	40
35	74	12
35	60	94
35	87	84
35	56	99
35	93	86
35	111	24
35	107	64
35	58	16
35	115	97
35	103	88
35	108	58
35	117	61
35	38	29
35	104	30
35	113	70
35	73	19
35	86	24
35	62	52
35	109	11
35	46	71
35	85	13
36	53	53
36	110	45
36	96	26
36	114	56
36	99	12
36	91	45
36	39	19
36	113	8
36	66	89
36	70	23
36	117	14
36	57	95
36	58	43
36	116	45
36	88	60
36	41	75
36	56	74
36	76	11
36	118	60
36	54	18
36	94	94
37	114	22
37	92	45
37	69	33
37	87	43
37	60	92
37	55	26
37	107	43
37	108	20
37	119	27
37	115	88
37	95	34
37	110	74
37	63	52
37	56	43
37	38	23
37	65	87
37	74	78
37	82	79
37	68	31
37	93	44
37	101	6
37	41	77
37	76	5
37	98	47
37	89	84
37	90	78
37	73	12
37	58	34
38	68	41
38	65	90
38	100	80
38	66	89
38	114	88
38	56	69
38	57	44
38	59	22
38	43	45
38	78	53
38	41	65
38	42	81
38	64	43
38	102	60
38	82	78
38	80	56
38	112	16
38	63	49
38	62	33
39	105	19
39	62	14
39	89	10
39	101	24
39	61	15
39	94	20
39	118	81
39	70	87
39	76	64
39	77	91
39	75	53
39	117	65
39	96	83
39	41	88
39	45	59
39	82	40
39	64	17
39	85	31
39	107	24
39	108	10
39	60	89
39	69	38
39	116	34
39	104	93
39	113	63
39	73	26
39	63	75
40	118	57
40	97	38
40	100	7
40	93	45
40	74	81
40	83	54
40	63	30
40	66	86
40	113	91
40	42	58
40	77	35
40	61	60
40	80	86
40	71	82
40	76	95
40	58	50
40	117	72
40	41	23
40	67	55
40	108	56
41	98	8
41	112	89
41	115	7
41	104	17
41	81	91
41	79	71
41	85	60
41	113	37
41	109	76
41	91	64
41	92	24
41	49	52
41	116	47
41	70	18
41	90	20
41	54	55
41	72	80
41	99	64
42	83	95
42	73	27
42	119	94
42	114	84
42	44	68
42	107	42
42	67	64
42	70	93
42	72	97
42	88	87
42	71	88
42	116	19
42	47	99
42	61	81
42	106	91
42	87	20
42	108	13
42	63	70
42	92	74
43	93	27
43	63	22
43	73	72
43	81	77
43	82	93
43	77	97
43	113	20
43	86	91
43	114	29
43	69	82
43	68	27
43	79	43
43	101	75
43	104	62
43	108	21
43	62	24
43	83	12
43	102	49
43	103	71
43	106	67
43	95	39
44	68	60
44	81	73
44	86	98
44	78	9
44	72	92
44	61	24
44	96	71
44	118	9
44	95	22
44	70	96
44	50	77
44	113	87
44	92	11
44	104	36
44	116	17
44	82	14
44	83	45
44	84	48
44	102	17
44	87	50
44	64	76
44	88	64
44	89	35
44	109	59
44	114	52
44	117	75
45	78	68
45	75	94
45	74	98
45	106	47
45	115	60
45	119	74
45	116	81
45	48	64
45	73	39
45	100	64
45	89	47
45	66	56
45	67	72
45	68	76
45	107	7
45	47	28
45	65	78
45	86	94
45	56	48
45	59	40
46	107	74
46	105	66
46	111	18
46	69	53
46	72	38
46	47	85
46	85	5
46	91	14
46	103	48
46	71	55
46	97	30
46	116	6
46	84	7
46	48	6
46	79	29
46	66	73
46	82	66
46	58	55
46	95	26
46	86	58
46	96	70
47	107	85
47	109	28
47	105	50
47	50	79
47	74	43
47	88	84
47	113	48
47	85	57
47	70	79
47	106	61
47	101	35
47	115	82
47	56	73
47	73	87
48	111	20
48	109	56
48	49	94
48	113	65
48	119	49
48	112	99
48	67	6
48	88	11
48	87	11
48	104	66
48	72	64
48	74	10
48	99	52
48	84	50
48	92	92
48	106	41
48	98	46
48	78	21
48	97	22
48	83	49
48	108	34
48	103	58
48	102	56
48	115	62
48	100	21
49	111	95
49	95	62
49	119	63
49	73	69
49	75	41
49	105	70
49	76	24
49	99	38
49	84	97
49	101	23
49	51	99
49	117	40
49	56	24
49	50	42
49	66	50
49	96	21
49	110	19
49	74	35
49	59	74
49	78	64
49	82	44
49	104	37
50	78	27
50	114	42
50	115	80
50	87	42
50	85	54
50	89	20
50	102	14
50	54	95
50	116	24
50	75	38
50	119	5
50	76	93
50	108	36
51	71	73
51	112	85
51	81	16
51	98	16
51	85	93
51	101	52
51	117	64
51	116	53
51	94	18
51	59	58
51	99	16
51	60	41
51	84	90
51	104	7
51	83	76
51	68	22
51	56	86
51	89	18
52	74	31
52	100	67
52	106	68
52	89	82
52	90	70
52	104	20
52	75	11
52	58	67
52	110	12
52	93	24
52	81	100
52	117	37
52	115	76
52	84	11
52	73	35
52	61	59
52	64	31
53	75	54
53	99	100
53	117	17
53	71	56
53	107	82
53	83	88
53	92	99
53	91	22
53	114	33
53	119	58
53	76	48
53	113	11
53	87	13
53	93	95
53	106	83
54	74	70
54	89	61
54	117	77
54	83	49
54	108	5
54	99	74
54	93	38
54	109	76
54	113	31
54	107	89
54	63	76
54	61	78
54	112	59
54	56	89
54	91	88
54	115	38
54	80	88
54	79	48
54	96	31
54	101	38
54	87	39
55	112	21
55	82	97
55	85	71
55	105	95
55	91	74
55	119	13
55	101	22
55	117	20
55	93	24
55	99	87
55	108	56
55	102	7
55	57	44
55	87	65
55	114	89
55	64	34
55	83	9
55	88	96
55	94	25
55	89	97
56	104	94
56	76	26
56	110	36
56	57	37
56	101	98
56	105	10
56	113	5
56	78	52
56	111	80
56	65	92
56	89	7
56	100	48
56	68	80
56	80	21
57	86	15
57	83	53
57	113	61
57	79	71
57	114	52
57	106	51
57	100	89
57	88	54
57	109	65
57	95	52
57	82	98
57	63	37
57	104	92
57	110	90
57	93	46
57	62	14
57	80	19
58	103	50
58	78	88
58	113	56
58	111	34
58	89	49
58	65	22
58	118	9
58	105	20
58	95	79
58	75	37
58	102	24
58	80	19
58	86	62
58	104	12
58	90	60
59	112	94
59	106	5
59	94	87
59	83	93
59	92	32
59	78	76
59	110	29
59	89	41
59	82	8
59	114	11
59	98	46
59	107	10
59	88	65
59	90	42
59	102	17
59	119	34
59	86	27
59	69	34
59	76	67
59	68	56
60	107	96
60	105	99
60	84	78
60	116	32
60	85	91
60	112	43
60	83	6
60	66	13
60	61	57
60	86	31
60	117	56
60	62	13
60	79	68
60	68	74
60	90	27
60	118	22
60	81	40
61	82	64
61	87	55
61	84	72
61	117	95
61	119	69
61	112	63
61	83	49
61	89	17
61	66	82
61	100	45
61	76	8
62	108	20
62	95	12
62	100	97
62	109	55
62	84	26
62	119	95
62	82	88
62	106	33
62	114	77
62	86	80
62	113	58
62	63	16
62	97	92
62	110	88
62	103	26
62	94	70
62	99	54
63	91	14
63	103	49
63	105	37
63	93	83
63	98	30
63	85	75
63	80	36
63	95	96
63	115	98
63	69	92
63	65	35
63	100	10
63	67	66
63	71	10
64	105	13
64	118	42
64	68	27
64	91	38
64	70	32
64	116	8
64	85	56
64	109	24
64	73	83
65	113	85
65	88	61
65	96	59
65	112	30
65	86	68
65	107	56
65	66	71
65	72	97
65	83	25
66	92	93
66	97	61
66	110	74
66	86	85
66	119	50
66	89	98
66	68	66
66	83	55
66	87	41
66	117	39
66	100	34
66	109	77
66	113	7
66	98	82
66	70	59
66	107	68
67	91	19
67	84	23
67	93	81
67	115	97
67	102	78
67	101	25
67	116	12
67	112	73
67	113	62
67	94	31
67	87	50
67	92	14
67	111	18
67	76	14
67	97	52
67	79	22
68	89	57
68	110	85
68	112	93
68	72	95
68	76	40
68	94	33
68	97	43
68	75	68
68	81	69
68	116	15
69	112	97
69	108	17
69	73	17
69	118	75
69	71	51
69	109	6
69	87	16
69	76	72
69	96	65
69	79	21
69	101	72
69	95	90
70	115	41
70	100	37
70	98	24
70	104	97
70	97	75
70	96	20
70	113	27
70	74	90
70	90	70
70	93	18
70	72	12
70	81	26
70	101	27
71	101	88
71	102	55
71	73	85
71	88	7
71	95	73
71	110	100
71	96	86
71	104	29
71	89	74
71	97	22
71	114	16
72	102	96
72	92	81
72	90	22
72	118	62
72	100	61
72	96	96
72	99	40
72	76	32
72	101	51
72	80	15
72	107	10
72	112	58
72	119	91
72	79	51
72	113	96
73	96	43
73	107	92
73	116	25
73	77	54
73	108	11
73	110	21
73	100	20
73	90	79
73	76	35
73	119	89
74	110	35
74	112	22
74	77	67
74	107	55
74	94	60
74	93	75
74	109	29
74	115	96
74	81	86
74	113	59
75	119	64
75	118	18
75	103	30
75	109	62
75	95	68
75	76	84
75	93	68
75	99	95
75	106	62
75	78	22
75	100	21
75	97	100
75	112	78
75	84	37
75	94	15
75	80	35
75	82	7
76	117	18
76	100	37
76	119	51
76	106	18
76	109	85
76	77	68
76	93	91
76	84	5
76	80	46
76	105	75
77	104	90
77	116	6
77	97	20
77	106	33
77	82	41
77	78	72
77	109	67
77	86	60
77	118	85
77	100	81
77	117	82
77	112	17
78	96	86
78	104	27
78	109	55
78	105	70
78	117	94
78	101	35
78	103	27
78	114	63
78	102	44
78	99	36
78	100	79
79	102	14
79	115	64
79	107	9
79	109	8
79	113	86
79	112	15
79	98	29
79	104	9
79	110	42
79	118	69
80	106	18
80	102	15
80	119	49
80	112	96
80	99	18
80	97	78
80	85	64
80	103	87
81	119	13
81	102	100
81	110	99
81	109	26
81	82	58
81	117	88
81	99	23
81	101	80
81	118	92
82	86	92
82	110	93
82	109	22
82	114	56
83	106	61
83	111	40
83	84	64
83	113	41
83	100	43
83	107	25
83	92	88
83	87	31
84	118	89
84	115	27
84	111	56
84	116	12
84	114	46
84	110	28
84	91	76
84	119	44
84	105	96
84	102	44
85	112	57
85	118	36
85	109	33
85	116	65
85	114	92
85	119	85
86	118	54
86	87	73
86	105	94
86	104	8
86	112	83
86	116	79
86	103	77
86	111	28
86	114	21
86	113	62
87	112	70
87	108	66
87	106	55
87	119	67
87	110	37
87	90	54
87	92	56
87	89	20
87	99	85
88	116	12
88	107	91
88	112	74
88	110	71
88	117	10
88	99	25
88	103	24
89	90	89
89	118	61
89	116	87
89	113	45
89	107	41
89	111	46
89	97	9
89	93	80
90	109	80
90	92	31
90	110	40
90	97	67
90	94	89
90	107	97
91	111	6
91	92	26
91	98	5
91	94	98
91	99	79
91	103	57
91	109	66
92	111	25
92	113	93
92	118	89
92	101	14
92	105	12
93	96	43
93	118	73
93	116	27
93	112	21
93	119	39
94	112	68
94	115	34
94	117	85
94	118	72
94	95	32
95	114	67
95	117	89
95	100	72
96	115	20
96	97	77
96	117	16
96	105	29
96	116	15
97	117	93
97	116	20
97	114	25
97	99	83
97	98	26
97	109	50
97	115	86
98	100	62
98	110	95
99	100	20
99	119	96
99	106	35
99	103	37
100	102	62
100	105	88
100	107	89
100	117	6
100	101	5
100	108	42
101	114	72
102	103	56
102	109	69
102	105	15
103	108	16
104	106	54
104	114	85
105	107	67
105	111	90
106	114	78
107	108	61
107	111	74
107	114	51
107	117	13
108	112	22
109	117	38
109	116	29
109	112	26
111	115	24
111	114	40
111	112	32
111	116	73
112	118	65
112	119	18
113	115	91
113	116	64
113	118	56
115	118	48
