NAME: W_SPARSE_140_46
n: 140
m: 3220
0	112	72
0	90	95
0	37	96
0	27	57
0	79	8
0	66	25
0	92	36
0	31	42
0	35	57
0	30	25
0	82	74
0	84	99
0	105	58
0	111	91
0	87	19
0	116	40
0	63	12
0	89	27
0	94	99
0	38	26
0	51	25
0	34	14
0	56	58
0	46	78
0	93	18
0	5	80
0	7	64
0	29	92
0	134	65
0	109	49
0	47	44
0	60	96
0	130	39
0	80	57
0	81	85
0	104	71
0	125	17
0	85	29
0	24	19
0	45	95
0	102	42
0	48	53
0	133	10
0	137	62
0	71	7
0	39	42
0	62	87
0	17	83
0	64	42
0	136	13
0	77	83
1	27	20
1	37	10
1	70	45
1	63	92
1	33	47
1	106	46
1	55	68
1	45	59
1	112	67
1	69	7
1	110	31
1	31	64
1	111	72
1	65	83
1	103	52
1	138	14
1	102	36
1	44	40
1	4	96
1	58	55
1	92	55
1	36	35
1	35	74
1	89	84
1	99	91
1	59	94
1	51	66
1	40	12
1	34	63
1	7	50
1	68	50
1	127	63
1	129	34
1	101	95
1	126	76
1	134	42
1	28	64
1	75	88
1	105	62
1	16	73
1	26	32
1	96	16
1	74	56
1	100	81
1	9	97
2	96	20
2	113	14
2	111	65
2	3	65
2	70	83
2	26	52
2	69	33
2	116	29
2	103	78
2	53	36
2	136	82
2	7	59
2	59	39
2	49	62
2	45	5
2	46	34
2	134	30
2	63	50
2	39	26
2	43	6
2	11	82
2	62	57
2	30	38
2	76	63
2	67	21
2	92	93
2	52	44
2	54	28
2	42	18
2	109	12
2	5	68
2	93	11
2	97	85
2	38	78
2	130	15
2	123	65
2	22	28
2	18	74
2	41	86
2	35	82
3	109	98
3	62	59
3	90	11
3	87	78
3	115	63
3	113	55
3	117	56
3	59	64
3	78	66
3	108	76
3	104	40
3	46	97
3	51	88
3	52	63
3	7	36
3	58	15
3	85	98
3	91	55
3	56	21
3	82	16
3	12	18
3	74	93
3	41	62
3	138	98
3	44	92
3	72	24
3	101	81
3	77	46
3	13	40
3	68	9
3	89	86
3	34	85
3	69	21
3	27	77
3	63	95
3	43	25
3	105	13
3	111	32
3	70	9
3	55	38
3	67	34
3	16	54
3	107	37
3	48	16
3	86	48
3	130	12
3	103	56
4	67	73
4	29	52
4	45	52
4	59	82
4	90	6
4	66	45
4	54	87
4	47	22
4	102	55
4	62	5
4	117	14
4	42	16
4	9	18
4	5	64
4	84	29
4	98	45
4	65	60
4	85	42
4	30	40
4	28	84
4	78	42
4	60	31
4	104	37
4	64	25
4	58	53
4	61	75
4	109	21
4	91	53
4	81	69
4	43	85
4	15	13
4	114	63
4	33	82
4	44	40
4	87	16
4	41	73
4	86	76
4	46	45
4	82	38
4	111	66
4	139	58
4	101	94
4	39	51
4	96	75
5	47	76
5	37	87
5	39	35
5	116	72
5	88	14
5	90	59
5	9	51
5	80	88
5	48	42
5	67	92
5	117	93
5	100	100
5	63	82
5	45	89
5	57	15
5	119	90
5	89	22
5	7	19
5	91	68
5	41	30
5	98	43
5	44	14
5	72	35
5	87	12
5	115	21
5	35	30
5	49	92
5	74	57
5	33	81
5	69	42
5	12	53
5	20	23
5	113	56
5	68	88
5	139	58
5	15	30
5	43	83
5	111	18
5	81	43
5	13	56
5	58	47
5	36	87
5	82	5
5	136	24
6	44	84
6	56	79
6	38	62
6	82	90
6	31	71
6	65	61
6	118	62
6	103	39
6	9	37
6	57	73
6	72	28
6	87	67
6	47	41
6	115	16
6	55	43
6	90	32
6	105	89
6	12	39
6	121	30
6	66	83
6	37	92
6	76	18
6	63	77
6	13	72
6	112	77
6	16	97
6	85	80
6	109	30
6	88	94
6	30	20
6	71	96
6	41	90
6	131	96
6	117	71
6	42	25
6	46	12
6	17	26
6	129	70
6	50	57
6	36	81
6	20	47
6	119	76
6	53	62
6	137	85
7	70	76
7	65	65
7	75	80
7	40	42
7	76	81
7	79	47
7	61	8
7	57	81
7	92	51
7	110	36
7	49	38
7	106	35
7	35	44
7	85	97
7	80	12
7	41	36
7	115	29
7	91	10
7	112	25
7	83	41
7	32	28
7	100	54
7	111	48
7	68	69
7	48	19
7	99	28
7	84	23
7	63	33
7	95	55
7	60	87
7	94	37
7	33	15
7	47	58
7	14	39
7	58	56
7	69	29
7	25	9
7	105	65
7	37	47
7	138	24
7	114	98
7	87	26
7	44	32
8	121	92
8	82	53
8	84	18
8	124	62
8	110	38
8	46	97
8	52	56
8	62	68
8	116	63
8	89	67
8	98	76
8	94	44
8	69	85
8	99	79
8	122	61
8	37	58
8	90	80
8	13	13
8	120	21
8	105	6
8	100	89
8	18	88
8	10	55
8	19	65
8	117	40
8	134	42
8	83	47
8	11	42
8	61	84
8	66	14
8	108	11
8	135	30
8	34	70
8	17	27
8	109	39
8	33	58
8	15	23
8	45	48
8	96	99
8	115	90
8	75	98
8	87	13
8	70	40
8	26	72
8	91	93
8	59	21
8	102	16
9	93	40
9	105	15
9	117	24
9	114	31
9	99	61
9	98	6
9	69	18
9	42	77
9	81	98
9	113	41
9	35	69
9	108	36
9	67	87
9	44	48
9	55	24
9	12	37
9	50	47
9	43	81
9	17	20
9	62	62
9	87	13
9	33	67
9	107	41
9	94	62
9	72	91
9	45	59
9	79	68
9	41	53
9	10	76
9	65	53
9	122	96
9	38	45
9	11	75
9	112	93
9	104	68
9	125	26
9	78	14
9	137	43
9	22	85
10	73	28
10	105	31
10	89	15
10	69	90
10	100	6
10	112	98
10	97	16
10	78	79
10	38	67
10	49	33
10	68	15
10	71	52
10	81	17
10	86	23
10	36	33
10	52	94
10	126	39
10	55	16
10	77	20
10	54	78
10	106	22
10	110	55
10	95	57
10	64	53
10	47	85
10	109	16
10	104	29
10	96	70
10	12	71
10	41	24
10	19	10
10	42	26
10	94	79
10	17	61
10	120	6
10	61	13
10	60	82
10	29	90
10	113	19
10	84	35
10	134	30
10	37	38
11	119	37
11	51	85
11	43	76
11	59	5
11	109	49
11	12	38
11	70	99
11	117	47
11	124	74
11	126	37
11	45	11
11	65	91
11	47	13
11	37	27
11	90	93
11	40	99
11	95	23
11	93	71
11	19	94
11	61	27
11	111	83
11	64	85
11	122	84
11	116	75
11	74	71
11	58	77
11	100	20
11	112	59
11	92	20
11	56	73
11	42	5
11	102	54
11	71	46
11	106	49
11	91	62
11	13	49
11	46	80
11	52	48
11	107	11
11	136	43
11	77	26
11	60	74
11	48	79
11	121	69
11	30	87
11	22	41
12	112	21
12	68	62
12	62	16
12	126	23
12	14	97
12	43	29
12	122	56
12	87	65
12	91	76
12	72	27
12	60	55
12	69	52
12	83	33
12	114	76
12	107	87
12	111	82
12	63	5
12	79	38
12	81	39
12	84	48
12	118	22
12	117	20
12	96	75
12	16	47
12	51	68
12	125	14
12	71	83
12	37	24
12	66	97
12	121	8
12	59	54
12	44	62
12	116	58
12	67	92
12	139	59
12	119	28
12	120	24
12	128	23
12	15	48
12	101	31
13	119	92
13	94	22
13	118	43
13	55	84
13	109	52
13	81	56
13	42	31
13	62	13
13	124	54
13	113	57
13	66	93
13	76	59
13	43	31
13	112	30
13	68	94
13	117	32
13	65	36
13	41	8
13	85	13
13	67	33
13	96	49
13	80	78
13	58	21
13	61	12
13	98	89
13	19	98
13	107	98
13	63	22
13	37	6
13	90	8
13	72	65
13	100	71
13	137	25
13	128	12
13	77	29
13	30	13
13	87	23
13	110	50
13	40	100
13	25	72
13	54	39
13	91	59
13	50	60
13	44	85
13	17	74
13	60	60
14	99	36
14	72	68
14	74	49
14	51	53
14	100	92
14	66	36
14	105	31
14	130	63
14	41	68
14	128	44
14	77	12
14	119	79
14	114	9
14	57	10
14	91	33
14	80	78
14	47	55
14	107	98
14	54	46
14	64	95
14	102	64
14	48	97
14	103	24
14	118	61
14	75	15
14	117	97
14	104	9
14	122	75
14	44	53
14	78	21
14	82	61
14	84	27
14	112	63
14	23	91
14	26	30
14	124	42
14	93	48
14	83	78
14	52	50
14	123	30
14	39	57
14	49	89
14	58	55
14	135	98
14	94	72
14	97	15
14	139	90
14	28	92
15	105	26
15	122	26
15	100	74
15	129	63
15	49	62
15	83	81
15	131	59
15	51	48
15	61	8
15	88	33
15	110	17
15	16	66
15	44	90
15	41	44
15	17	94
15	42	15
15	109	52
15	46	95
15	18	79
15	23	84
15	76	61
15	130	86
15	59	19
15	114	94
15	84	22
15	55	43
15	126	95
15	50	74
15	57	11
15	103	69
15	71	77
15	26	35
15	111	40
15	72	78
15	94	92
15	108	43
15	75	88
15	43	74
15	119	77
15	22	18
15	33	41
15	32	36
15	86	48
16	129	73
16	92	100
16	127	71
16	74	99
16	86	8
16	60	68
16	118	77
16	43	47
16	89	28
16	19	60
16	132	40
16	90	40
16	82	27
16	95	99
16	103	94
16	123	37
16	20	5
16	119	91
16	71	30
16	77	45
16	105	56
16	131	46
16	100	46
16	79	6
16	47	7
16	64	22
16	117	100
16	51	56
16	78	32
16	26	20
16	91	79
16	110	27
16	72	71
16	59	94
16	76	28
16	68	30
16	104	77
16	28	97
16	87	68
16	34	76
16	18	35
17	96	25
17	87	67
17	106	85
17	114	22
17	83	87
17	127	7
17	53	93
17	60	62
17	46	47
17	115	35
17	67	40
17	74	91
17	56	16
17	65	62
17	70	31
17	55	61
17	69	46
17	49	66
17	99	55
17	75	87
17	117	37
17	25	48
17	28	30
17	59	79
17	63	84
17	78	38
17	116	47
17	48	89
17	108	46
17	51	91
17	90	18
17	54	88
17	128	13
17	44	100
17	112	31
17	118	53
17	133	69
17	76	63
17	68	80
17	91	57
17	61	27
17	71	92
17	33	96
17	120	44
17	129	50
18	102	25
18	106	34
18	107	28
18	59	93
18	90	26
18	120	83
18	125	90
18	134	82
18	72	51
18	91	65
18	57	61
18	119	21
18	103	53
18	78	58
18	58	81
18	27	66
18	114	82
18	132	97
18	21	96
18	79	75
18	56	30
18	29	68
18	95	81
18	62	44
18	49	72
18	109	90
18	97	63
18	70	20
18	124	74
18	117	59
18	112	90
18	32	92
18	60	20
18	22	80
18	34	33
18	87	67
18	43	77
18	55	70
18	33	72
18	52	79
18	138	41
18	48	92
18	83	30
19	61	6
19	52	18
19	48	74
19	64	12
19	56	60
19	127	40
19	135	23
19	80	92
19	100	99
19	111	33
19	89	94
19	54	41
19	22	72
19	87	45
19	78	76
19	122	79
19	116	95
19	94	6
19	24	89
19	93	39
19	86	46
19	99	25
19	105	24
19	25	88
19	62	84
19	106	50
19	33	81
19	95	68
19	21	34
19	120	9
19	75	64
19	113	19
19	51	81
19	88	16
19	104	61
19	109	57
19	132	50
19	128	52
19	32	71
19	50	44
19	124	92
20	85	8
20	49	70
20	81	13
20	101	20
20	103	61
20	130	34
20	58	73
20	125	90
20	59	33
20	132	14
20	71	41
20	106	96
20	72	47
20	136	11
20	126	76
20	100	42
20	51	31
20	114	61
20	61	14
20	121	55
20	88	81
20	45	21
20	91	79
20	87	56
20	120	6
20	99	85
20	29	59
20	74	71
20	70	69
20	129	94
20	64	36
20	89	92
20	50	35
20	135	23
20	82	31
20	32	82
20	44	80
20	62	54
20	78	85
20	105	22
21	75	29
21	88	78
21	114	47
21	67	97
21	124	28
21	80	71
21	82	67
21	97	23
21	120	90
21	135	81
21	103	31
21	23	76
21	100	88
21	117	27
21	102	85
21	78	42
21	116	69
21	64	22
21	48	25
21	128	21
21	83	31
21	60	46
21	125	15
21	89	86
21	112	16
21	30	29
21	34	28
21	24	63
21	79	31
21	55	51
21	22	45
21	106	21
21	123	77
21	95	77
21	92	9
21	63	68
21	69	86
21	74	51
21	133	8
21	29	88
21	76	26
21	86	33
21	122	38
21	47	92
21	115	43
22	50	70
22	125	87
22	61	27
22	105	24
22	48	31
22	71	16
22	62	32
22	75	91
22	57	46
22	111	55
22	77	10
22	102	65
22	93	18
22	123	62
22	116	92
22	65	97
22	30	89
22	122	27
22	64	81
22	135	21
22	55	72
22	25	88
22	76	91
22	88	23
22	79	42
22	98	82
22	72	66
22	95	7
22	83	76
22	134	24
22	126	36
22	92	10
22	66	24
22	63	6
23	69	27
23	127	30
23	63	84
23	78	64
23	91	99
23	56	44
23	73	36
23	26	100
23	107	15
23	60	57
23	83	72
23	62	50
23	125	49
23	100	31
23	72	19
23	98	36
23	57	90
23	88	25
23	104	84
23	110	31
23	95	89
23	134	74
23	24	66
23	136	17
23	65	99
23	66	56
23	28	54
23	86	33
23	96	42
23	139	24
23	82	49
23	80	75
23	102	77
23	61	9
23	90	43
23	53	7
23	89	32
23	52	73
23	39	53
23	116	84
23	87	29
23	99	93
24	132	42
24	104	9
24	139	82
24	61	77
24	66	24
24	27	23
24	49	47
24	58	11
24	72	47
24	84	85
24	96	75
24	118	69
24	79	22
24	103	28
24	51	77
24	135	14
24	89	98
24	78	42
24	115	32
24	93	37
24	69	91
24	119	90
24	120	9
24	110	39
24	112	15
24	128	30
24	31	38
24	81	84
24	70	36
24	30	49
24	125	6
24	50	15
24	32	76
24	101	39
24	36	42
24	92	67
24	75	62
24	134	89
24	65	31
24	117	87
24	106	72
24	64	63
24	99	7
24	35	45
25	101	44
25	91	97
25	122	9
25	96	57
25	133	20
25	82	82
25	112	16
25	75	70
25	126	9
25	89	26
25	67	48
25	93	90
25	74	74
25	32	8
25	123	28
25	34	91
25	103	62
25	98	54
25	60	65
25	59	73
25	115	68
25	88	78
25	86	94
25	51	72
25	100	40
25	99	15
25	109	96
25	119	96
25	113	40
25	73	57
25	132	92
25	92	44
25	71	15
25	45	89
25	27	68
25	134	19
26	93	86
26	60	14
26	73	14
26	121	73
26	91	94
26	99	22
26	72	28
26	95	57
26	98	50
26	125	69
26	30	81
26	54	52
26	65	63
26	79	45
26	50	61
26	122	63
26	32	19
26	68	68
26	101	8
26	80	50
26	114	66
26	124	75
26	35	37
26	63	78
26	71	40
26	69	17
26	94	22
26	77	26
26	138	74
26	38	26
26	53	91
26	102	25
26	111	78
26	123	56
26	120	90
26	59	21
26	55	94
26	61	69
26	66	21
26	42	12
26	135	48
26	28	84
26	132	83
27	118	64
27	97	56
27	68	89
27	28	95
27	92	39
27	111	34
27	122	16
27	57	71
27	116	13
27	131	73
27	74	76
27	53	7
27	95	75
27	73	24
27	112	32
27	121	84
27	58	63
27	64	86
27	113	38
27	107	20
27	96	44
27	56	85
27	65	49
27	36	39
27	105	37
27	106	37
27	117	46
27	32	43
27	138	49
27	130	54
27	31	72
27	89	74
27	88	33
27	66	31
27	45	79
27	52	95
27	93	67
27	136	68
27	134	98
27	133	38
27	38	65
27	39	86
28	126	25
28	71	7
28	95	43
28	53	72
28	84	82
28	136	91
28	119	41
28	62	38
28	90	70
28	93	24
28	115	9
28	74	61
28	83	28
28	66	95
28	61	97
28	70	85
28	131	11
28	60	31
28	38	90
28	129	37
28	56	13
28	91	72
28	73	17
28	106	39
28	112	43
28	107	39
28	121	19
28	33	84
28	97	96
28	94	77
28	67	99
28	79	22
28	139	74
28	137	92
28	64	55
28	92	97
28	101	81
29	80	14
29	131	73
29	87	87
29	55	10
29	121	53
29	89	29
29	129	26
29	126	29
29	72	59
29	79	96
29	35	72
29	105	42
29	67	43
29	90	43
29	65	43
29	77	35
29	133	79
29	103	21
29	106	61
29	127	85
29	135	60
29	95	16
29	138	32
29	63	33
29	122	13
29	86	86
29	84	8
29	41	91
29	83	16
29	91	17
29	97	22
29	48	9
29	81	84
29	100	73
29	114	7
29	61	94
29	34	80
29	99	69
29	71	5
30	97	75
30	66	78
30	65	61
30	122	91
30	79	10
30	92	76
30	81	83
30	108	35
30	138	36
30	128	25
30	114	69
30	71	59
30	96	27
30	60	98
30	91	17
30	88	50
30	93	71
30	124	71
30	35	37
30	77	93
30	130	54
30	118	43
30	135	54
30	117	39
30	133	78
30	54	80
30	32	24
30	119	16
30	38	41
30	87	58
30	72	6
30	105	11
30	85	78
30	36	40
30	102	30
30	75	50
31	115	23
31	126	89
31	83	47
31	117	14
31	98	15
31	109	62
31	78	22
31	76	93
31	87	77
31	60	62
31	103	17
31	89	36
31	120	97
31	92	36
31	55	64
31	56	37
31	99	83
31	66	20
31	104	49
31	46	90
31	59	56
31	132	71
31	38	39
31	57	86
31	44	53
31	82	49
31	45	58
31	138	43
31	113	91
31	135	19
32	79	64
32	115	37
32	61	56
32	72	17
32	80	56
32	138	64
32	90	69
32	92	31
32	99	78
32	116	75
32	67	64
32	63	64
32	135	89
32	76	75
32	102	7
32	103	84
32	133	9
32	57	32
32	110	52
32	101	56
32	113	83
32	136	82
32	44	86
32	58	65
32	111	54
32	132	52
32	107	8
32	64	19
32	78	20
32	42	60
32	36	5
32	126	26
32	89	24
32	50	51
32	123	24
32	129	48
32	56	43
32	128	85
32	130	81
32	112	48
32	98	10
32	62	32
32	54	24
32	139	89
33	95	94
33	63	67
33	124	55
33	66	72
33	123	90
33	97	29
33	68	22
33	74	14
33	127	25
33	81	96
33	96	95
33	72	89
33	40	16
33	58	75
33	104	56
33	98	66
33	99	44
33	119	52
33	112	96
33	82	19
33	103	68
33	79	11
33	69	83
33	64	29
33	35	91
33	59	59
33	67	6
33	106	94
33	128	19
33	86	22
33	131	49
33	38	51
33	107	59
33	34	5
33	102	23
33	138	28
33	100	80
33	134	79
33	115	13
33	121	43
33	84	75
33	47	98
33	117	40
33	51	99
33	71	63
34	61	92
34	122	24
34	35	67
34	138	64
34	104	11
34	85	13
34	76	52
34	107	63
34	123	38
34	86	74
34	59	89
34	74	76
34	120	82
34	77	80
34	92	68
34	89	8
34	129	55
34	80	85
34	69	65
34	110	14
34	127	80
34	114	57
34	133	89
34	108	15
34	71	16
34	106	33
34	109	48
34	125	32
34	46	82
34	102	95
34	88	92
34	70	93
34	82	21
34	83	14
34	137	29
35	65	76
35	66	35
35	94	97
35	91	7
35	132	97
35	115	79
35	87	67
35	139	36
35	101	63
35	122	95
35	40	22
35	60	34
35	76	63
35	124	80
35	83	30
35	73	73
35	68	88
35	59	17
35	36	76
35	88	84
35	69	29
35	114	70
35	136	75
35	64	38
35	82	39
35	61	31
35	86	34
35	104	56
35	44	78
35	138	87
35	110	76
35	37	69
35	78	95
35	126	28
35	103	40
35	39	77
35	71	94
35	125	78
36	136	73
36	78	75
36	131	76
36	71	14
36	89	68
36	92	51
36	77	8
36	116	8
36	85	78
36	120	39
36	122	70
36	91	55
36	133	8
36	87	8
36	63	13
36	61	80
36	62	89
36	68	66
36	125	21
36	97	84
36	135	40
36	67	57
36	46	51
36	128	83
36	103	79
36	81	75
36	129	41
36	132	42
36	64	9
36	86	22
36	38	34
36	50	71
36	72	45
36	118	61
36	123	33
36	48	37
36	82	38
36	95	35
36	73	30
36	53	84
37	102	88
37	70	10
37	106	9
37	93	92
37	121	63
37	68	6
37	63	29
37	98	6
37	115	12
37	44	82
37	69	53
37	125	87
37	113	98
37	133	22
37	90	72
37	139	71
37	39	47
37	94	47
37	64	31
37	128	50
37	72	42
37	40	13
37	89	41
37	54	24
37	122	19
37	77	73
37	130	70
37	138	65
37	97	66
37	80	69
37	46	26
37	71	74
37	129	22
37	85	6
37	56	72
38	87	63
38	68	98
38	69	75
38	81	28
38	101	52
38	77	31
38	71	39
38	94	62
38	105	35
38	123	100
38	116	34
38	70	99
38	97	99
38	131	59
38	83	79
38	64	39
38	115	35
38	110	68
38	130	7
38	75	55
38	129	65
38	88	59
38	139	13
38	135	99
38	127	13
38	42	90
38	74	95
38	41	7
38	78	39
38	124	95
38	102	10
38	62	20
38	72	7
38	54	86
38	63	21
38	134	33
39	88	95
39	132	27
39	119	75
39	84	96
39	135	82
39	68	53
39	123	43
39	40	92
39	116	90
39	103	74
39	113	19
39	87	18
39	128	22
39	115	16
39	76	26
39	43	32
39	112	79
39	83	9
39	109	56
39	122	94
39	134	85
39	136	13
39	63	59
39	111	18
39	77	38
39	41	76
39	42	96
39	74	56
39	64	24
39	131	42
39	80	77
39	129	45
39	105	42
39	107	93
39	54	30
39	53	91
39	55	29
39	56	60
39	93	51
39	92	66
39	104	32
39	72	9
39	94	33
39	114	87
40	86	36
40	136	95
40	139	87
40	104	64
40	75	80
40	98	33
40	76	56
40	125	24
40	133	50
40	91	34
40	132	79
40	94	25
40	107	60
40	81	76
40	43	66
40	84	42
40	100	78
40	122	89
40	113	63
40	108	76
40	71	57
40	121	37
40	95	70
40	88	96
40	54	54
40	64	61
40	103	46
40	66	38
40	82	16
40	115	26
40	80	6
40	116	66
41	88	40
41	130	16
41	137	88
41	80	32
41	97	6
41	106	27
41	123	99
41	110	17
41	87	79
41	46	26
41	114	30
41	111	61
41	127	16
41	74	57
41	113	91
41	50	35
41	70	42
41	118	99
41	81	80
41	55	87
41	99	73
41	82	34
41	67	69
41	89	29
41	49	33
41	126	74
41	86	24
41	98	78
41	71	92
41	115	23
41	102	100
41	60	51
41	120	23
42	123	89
42	89	30
42	104	83
42	133	31
42	119	39
42	71	85
42	138	93
42	73	96
42	47	63
42	122	47
42	127	55
42	107	38
42	75	78
42	72	72
42	52	43
42	67	44
42	84	38
42	137	47
42	55	68
42	70	73
42	139	17
42	48	45
42	51	71
42	101	74
42	74	17
42	111	43
42	54	7
42	121	84
42	100	70
42	129	50
42	108	51
42	45	45
42	69	7
43	123	92
43	93	77
43	120	93
43	44	86
43	114	82
43	75	81
43	131	23
43	83	14
43	88	92
43	137	12
43	111	68
43	96	82
43	102	15
43	85	98
43	87	11
43	47	94
43	104	48
43	107	50
43	82	69
43	126	80
43	71	49
43	106	95
43	122	9
43	90	93
43	53	31
43	46	37
43	45	41
43	133	23
43	108	22
43	105	24
43	78	19
43	132	89
43	50	40
43	72	40
43	95	54
43	101	24
44	124	38
44	115	20
44	46	88
44	81	58
44	113	69
44	134	83
44	112	30
44	71	78
44	98	46
44	139	43
44	104	39
44	90	75
44	52	69
44	92	8
44	49	54
44	119	73
44	56	83
44	76	33
44	108	15
44	73	28
44	45	74
44	117	68
44	57	95
44	121	7
44	60	91
44	59	65
44	79	32
44	130	87
44	132	59
44	51	85
45	46	35
45	139	32
45	80	97
45	74	19
45	116	61
45	75	59
45	78	14
45	111	56
45	71	14
45	86	10
45	73	61
45	51	31
45	107	28
45	98	28
45	125	41
45	126	30
45	134	14
45	136	16
45	94	69
45	129	70
45	131	51
45	128	74
45	122	38
45	103	55
45	138	30
45	56	27
45	101	46
46	96	27
46	121	95
46	85	22
46	126	94
46	115	47
46	91	65
46	86	90
46	108	69
46	94	77
46	89	91
46	120	14
46	129	20
46	57	89
46	90	84
46	113	59
46	83	70
46	103	12
46	118	67
46	61	43
46	54	54
46	78	10
46	119	46
46	52	76
46	132	70
46	139	30
46	70	8
46	105	92
46	125	63
47	80	97
47	102	96
47	109	19
47	82	64
47	87	10
47	49	90
47	72	80
47	110	47
47	84	13
47	137	38
47	118	71
47	125	10
47	96	10
47	91	32
47	100	7
47	119	22
47	111	97
47	89	19
47	101	88
47	116	86
47	75	64
47	99	83
47	135	88
47	83	48
47	122	19
47	95	81
47	132	22
47	105	58
47	120	89
47	66	72
47	124	64
47	73	32
47	79	70
47	107	55
48	84	92
48	49	77
48	130	7
48	91	34
48	107	59
48	129	67
48	77	27
48	51	63
48	128	31
48	87	39
48	88	39
48	131	6
48	90	86
48	110	76
48	55	43
48	113	43
48	108	90
48	97	21
48	86	64
48	115	84
48	80	67
48	105	58
48	121	24
48	54	46
48	76	95
48	99	77
48	82	46
48	63	74
48	89	21
48	124	69
48	56	65
48	74	73
48	119	8
49	121	34
49	136	9
49	91	33
49	138	92
49	86	53
49	134	95
49	82	32
49	58	69
49	106	88
49	100	34
49	108	65
49	90	80
49	131	39
49	132	20
49	75	96
49	59	75
49	81	15
49	83	75
49	115	69
49	52	24
49	127	21
49	66	20
49	87	79
49	113	57
49	124	9
49	137	80
49	94	98
49	65	44
49	80	74
49	69	77
49	96	64
49	109	31
49	63	72
49	110	51
50	89	35
50	137	63
50	80	23
50	110	31
50	91	11
50	54	21
50	116	72
50	131	54
50	53	10
50	126	76
50	112	78
50	134	51
50	101	97
50	96	81
50	107	18
50	93	67
50	97	7
50	59	90
50	88	79
50	106	54
50	85	5
50	95	40
50	111	59
50	90	81
50	123	88
50	82	84
51	108	74
51	129	22
51	125	11
51	114	99
51	85	22
51	127	24
51	91	38
51	101	57
51	123	7
51	124	52
51	107	50
51	115	96
51	54	7
51	55	99
51	118	72
51	57	69
51	61	31
51	96	59
51	52	51
51	63	35
51	65	29
51	131	50
51	116	69
51	78	68
51	109	81
51	76	70
52	79	86
52	83	36
52	78	61
52	131	79
52	123	21
52	96	22
52	99	72
52	113	84
52	130	31
52	126	34
52	84	46
52	88	21
52	117	11
52	120	57
52	82	57
52	85	81
52	139	24
52	134	58
52	138	55
52	103	31
52	136	74
52	58	72
52	119	96
52	106	81
52	81	22
52	54	6
52	125	32
52	97	97
52	102	77
52	114	8
52	93	99
53	136	51
53	131	68
53	118	97
53	127	51
53	89	20
53	55	15
53	93	80
53	105	51
53	80	85
53	92	92
53	130	54
53	124	54
53	77	76
53	56	39
53	100	41
53	104	73
53	102	48
53	123	70
53	112	86
53	97	35
53	111	77
53	68	50
53	95	44
53	91	86
53	115	54
53	98	93
53	67	68
53	94	90
53	107	8
53	61	41
53	66	16
54	107	16
54	135	29
54	139	60
54	100	68
54	138	66
54	118	28
54	127	48
54	136	17
54	115	37
54	133	96
54	94	33
54	110	78
54	55	100
54	102	84
54	106	66
54	66	5
54	88	21
54	71	18
54	57	99
54	93	85
54	59	87
54	68	78
55	108	38
55	90	96
55	96	77
55	100	41
55	56	34
55	102	64
55	118	92
55	91	96
55	128	31
55	95	99
55	114	30
55	60	74
55	130	37
55	138	31
55	85	11
55	109	53
55	57	17
55	97	49
55	64	60
55	84	98
55	119	68
55	83	59
55	120	95
55	123	12
55	113	16
55	65	84
55	58	72
55	80	24
55	75	50
55	71	7
55	87	9
56	80	7
56	124	63
56	83	38
56	133	22
56	99	46
56	137	85
56	130	6
56	135	23
56	113	56
56	128	68
56	125	91
56	86	9
56	139	48
56	58	20
56	107	20
56	127	24
56	62	92
56	114	8
56	85	49
56	66	74
56	84	88
56	91	44
56	60	61
56	57	19
56	71	36
56	106	6
56	136	92
56	138	28
57	104	67
57	128	33
57	131	55
57	88	87
57	138	23
57	112	55
57	118	41
57	93	85
57	99	7
57	110	87
57	102	56
57	111	64
57	100	40
57	130	100
57	87	8
57	96	82
57	70	19
57	137	53
57	120	97
57	134	88
57	119	69
57	68	38
57	83	35
57	115	85
57	65	75
57	60	97
57	94	22
57	77	28
57	71	52
57	126	32
58	127	86
58	108	22
58	89	23
58	88	77
58	97	54
58	114	94
58	105	85
58	109	36
58	92	69
58	86	23
58	134	8
58	102	60
58	94	79
58	116	24
58	112	36
58	87	91
58	110	49
58	118	25
58	103	48
58	84	22
58	129	7
58	75	65
58	60	70
58	136	82
59	107	8
59	131	72
59	125	29
59	130	89
59	115	16
59	108	88
59	86	32
59	100	87
59	101	90
59	62	51
59	109	95
59	68	23
59	73	34
59	117	51
59	99	89
59	127	89
59	69	57
59	136	57
59	66	13
60	119	53
60	133	60
60	128	82
60	86	91
60	103	88
60	98	12
60	129	7
60	114	60
60	137	24
60	89	36
60	95	12
60	120	96
60	101	14
60	99	56
60	105	42
60	116	11
60	115	55
60	126	30
60	100	69
60	74	49
60	94	62
60	92	88
60	71	54
60	118	58
60	121	82
60	90	56
60	111	59
61	129	9
61	85	15
61	96	67
61	116	9
61	106	33
61	102	94
61	120	72
61	91	41
61	118	95
61	86	14
61	126	96
61	131	33
61	70	59
61	69	85
61	127	20
61	73	92
61	104	56
61	135	60
61	89	18
61	122	6
61	67	42
61	113	81
61	128	52
61	71	96
61	103	64
61	110	61
61	98	57
61	95	95
61	75	82
61	119	92
61	64	84
61	63	48
62	111	40
62	134	5
62	89	46
62	113	78
62	95	84
62	103	41
62	121	22
62	99	64
62	117	83
62	122	20
62	115	86
62	75	44
62	129	30
62	131	15
62	67	88
62	135	82
62	120	83
62	73	99
62	138	93
62	81	50
62	92	88
63	127	99
63	91	22
63	120	52
63	136	50
63	118	86
63	121	7
63	133	87
63	134	30
63	115	85
63	106	53
63	113	89
63	107	47
63	93	78
63	97	58
63	135	35
63	137	84
63	124	62
63	122	64
63	129	92
63	87	92
63	114	15
63	92	81
63	117	8
63	68	45
63	102	60
63	112	15
64	134	57
64	107	10
64	109	89
64	116	88
64	108	46
64	92	70
64	88	24
64	138	42
64	97	19
64	95	35
64	103	9
64	110	33
64	119	88
64	75	9
64	73	15
64	133	42
64	137	49
64	79	84
64	70	37
64	78	40
64	69	24
64	67	99
64	130	78
65	104	43
65	105	76
65	136	11
65	115	78
65	91	14
65	127	50
65	98	86
65	134	93
65	69	48
65	109	79
65	66	91
65	123	71
65	89	64
65	93	33
65	133	18
65	102	59
65	113	51
65	137	84
65	119	11
65	132	85
65	78	65
65	79	39
65	125	79
66	118	93
66	133	70
66	106	45
66	90	95
66	108	12
66	120	81
66	93	32
66	125	85
66	130	75
66	117	14
66	136	97
66	95	34
66	122	83
66	139	80
66	74	87
66	123	26
66	116	92
66	98	32
66	103	35
66	121	19
66	67	30
66	96	38
66	131	6
66	129	18
66	114	49
66	97	76
67	106	66
67	113	51
67	135	43
67	124	28
67	101	76
67	94	39
67	98	75
67	123	17
67	70	34
67	138	80
67	136	51
67	130	17
67	68	5
67	133	83
67	102	93
67	127	100
67	81	87
67	71	42
67	72	59
67	119	42
67	82	22
67	118	38
67	89	77
67	91	97
68	126	25
68	138	38
68	125	92
68	136	88
68	98	91
68	103	15
68	104	29
68	110	33
68	122	78
68	73	59
68	94	57
68	97	94
68	82	50
68	139	47
68	113	10
68	83	22
68	72	75
68	84	79
68	78	79
68	88	53
68	100	24
69	107	69
69	110	34
69	131	67
69	119	29
69	99	90
69	101	90
69	109	80
69	139	92
69	105	63
69	127	94
69	106	47
69	76	79
69	134	97
69	95	77
69	133	94
69	96	66
69	70	19
69	120	22
69	85	25
69	71	84
69	108	14
69	72	16
69	123	38
69	102	57
69	112	58
70	123	19
70	120	27
70	102	12
70	131	92
70	137	72
70	129	99
70	107	5
70	119	85
70	109	17
70	139	75
70	121	75
70	96	71
70	87	20
70	108	34
70	74	9
70	135	32
70	79	17
70	77	76
70	78	24
71	111	23
71	137	53
71	128	21
71	125	27
71	123	12
71	132	99
71	134	30
71	97	62
71	120	15
71	139	49
71	81	55
71	116	35
71	72	65
71	80	87
71	75	58
71	119	70
71	112	13
71	101	81
71	85	85
71	103	94
71	99	79
72	102	95
72	108	71
72	121	89
72	122	53
72	73	16
72	120	20
72	127	12
72	98	95
72	97	53
72	128	60
72	126	98
72	115	33
72	99	25
72	110	79
72	119	32
72	125	78
72	76	37
72	77	28
72	74	77
72	90	69
72	129	87
72	116	62
72	85	91
72	81	60
73	114	28
73	125	73
73	139	49
73	74	57
73	97	36
73	100	94
73	79	33
73	116	97
73	133	17
73	136	91
73	81	27
73	117	65
73	78	83
73	101	77
73	111	71
73	126	74
73	118	39
73	134	96
73	98	65
73	122	46
73	120	79
73	90	74
73	109	23
73	77	42
74	133	14
74	123	13
74	136	68
74	104	94
74	111	45
74	114	39
74	119	17
74	121	51
74	80	46
74	112	82
74	86	42
74	100	86
74	138	59
74	84	78
74	90	43
74	88	46
74	139	70
74	101	17
74	107	84
74	125	54
74	79	40
74	89	65
74	118	56
75	129	87
75	133	65
75	117	45
75	115	34
75	121	77
75	136	31
75	78	52
75	128	75
75	137	41
75	114	83
75	102	79
75	89	84
75	124	30
75	134	50
75	77	16
75	92	33
75	126	54
75	118	41
75	123	62
75	138	14
75	108	29
76	120	73
76	116	20
76	136	47
76	139	92
76	101	100
76	108	48
76	77	87
76	109	83
76	127	98
76	81	85
76	107	98
76	132	74
76	80	40
76	79	72
76	105	21
76	135	65
76	124	6
76	96	9
76	115	24
77	104	49
77	124	34
77	110	24
77	78	59
77	125	82
77	102	63
77	81	35
77	82	89
77	107	69
77	106	44
77	118	49
77	136	73
77	117	53
77	92	63
77	120	66
77	122	45
77	129	50
77	131	19
77	89	86
78	130	47
78	139	60
78	121	14
78	85	83
78	118	16
78	133	7
78	112	75
78	108	44
78	110	85
78	105	55
78	125	75
78	79	58
78	92	66
78	138	24
78	93	39
79	114	29
79	132	85
79	135	36
79	138	70
79	109	55
79	126	28
79	136	57
79	130	12
79	118	27
79	113	10
79	124	80
79	110	58
79	92	17
79	137	86
79	85	94
79	89	80
79	117	39
79	111	79
79	134	7
79	81	61
79	82	54
79	80	52
79	115	36
79	108	7
80	123	41
80	113	40
80	117	77
80	128	91
80	129	83
80	124	13
80	135	33
80	119	61
80	108	93
80	137	83
80	114	53
80	84	42
80	106	75
80	130	55
80	134	21
80	88	22
80	91	64
80	112	74
80	136	58
80	104	34
81	135	69
81	127	30
81	126	25
81	139	74
81	133	21
81	130	29
81	128	9
81	87	58
81	94	82
81	105	67
81	107	82
81	86	73
81	111	16
81	99	71
81	131	87
81	83	28
81	95	39
81	136	51
82	125	87
82	111	28
82	124	30
82	86	74
82	139	40
82	120	74
82	89	62
82	121	100
82	116	41
82	136	65
82	107	99
82	132	50
82	123	42
82	83	35
82	114	95
82	129	40
83	118	51
83	138	20
83	114	41
83	110	76
83	86	52
83	90	100
83	131	21
83	116	81
83	124	71
83	127	73
83	130	38
83	136	19
83	87	15
83	94	41
84	112	46
84	131	87
84	117	44
84	119	46
84	132	31
84	135	11
84	139	76
84	108	62
84	111	43
84	125	96
84	130	37
84	120	82
84	127	99
84	136	95
84	110	74
84	85	59
84	89	38
84	105	23
85	116	15
85	86	62
85	112	63
85	137	66
85	121	62
85	124	18
85	118	31
85	119	69
85	134	83
85	128	62
85	109	74
85	131	27
85	97	8
85	94	43
85	129	66
85	113	60
85	101	91
85	125	97
85	139	24
85	87	23
85	135	21
85	100	39
85	120	32
85	117	38
86	114	84
86	112	49
86	126	47
86	134	45
86	122	34
86	125	97
86	130	43
86	138	82
86	124	87
86	90	57
86	121	56
86	110	59
86	113	67
86	99	18
86	131	13
86	123	10
86	91	12
86	127	62
86	87	88
86	88	43
86	89	31
86	106	60
86	100	8
86	95	22
87	126	22
87	133	13
87	134	99
87	91	23
87	112	14
87	117	56
87	88	34
87	138	71
87	94	89
87	89	8
87	90	85
87	96	85
87	120	54
87	136	98
87	135	36
87	111	82
87	92	72
87	129	98
87	99	91
87	131	99
88	135	55
88	131	6
88	118	47
88	95	94
88	128	35
88	134	82
88	93	53
88	101	77
88	126	51
88	130	42
88	133	95
88	114	83
88	89	93
88	104	71
89	137	38
89	135	61
89	122	45
89	125	42
89	90	88
89	126	24
89	118	39
89	100	43
89	121	23
89	107	49
89	101	44
89	117	44
89	138	35
90	124	81
90	120	69
90	95	13
90	116	24
90	119	74
90	130	92
90	98	26
90	102	78
90	125	70
90	121	18
90	126	69
90	99	33
90	114	18
90	134	68
90	117	42
90	92	75
90	129	57
90	131	28
91	117	43
91	133	96
91	124	12
91	130	48
91	129	39
91	96	93
91	122	68
91	97	90
91	118	58
91	120	84
91	126	12
91	127	21
91	95	11
91	98	78
91	110	88
92	119	60
92	120	66
92	100	92
92	130	7
92	139	74
92	137	68
92	95	7
92	127	60
92	121	99
92	111	57
93	138	25
93	133	32
93	134	72
93	131	46
93	127	12
93	120	55
93	99	45
93	137	67
93	129	66
93	105	36
93	139	33
93	101	62
93	117	96
93	107	13
93	100	97
93	115	55
93	135	65
94	134	85
94	131	63
94	123	13
94	135	10
94	121	42
94	138	28
94	101	83
94	100	31
94	102	21
94	132	95
94	130	17
94	104	73
94	114	96
94	116	83
95	138	66
95	121	64
95	125	32
95	98	94
95	105	68
95	120	99
95	99	82
95	103	10
96	123	36
96	137	94
96	135	69
96	136	83
96	104	35
96	103	49
96	107	59
96	97	62
96	110	73
96	109	51
96	128	25
96	106	72
96	120	17
97	125	15
97	134	82
97	123	86
97	135	71
97	101	37
97	129	98
97	98	61
97	128	62
97	138	88
97	106	61
98	123	49
98	99	63
98	128	97
98	130	56
98	125	45
98	137	23
98	104	62
98	139	82
98	127	84
98	124	71
98	116	58
98	103	27
98	135	14
99	133	69
99	137	92
99	130	60
99	105	60
99	123	52
99	138	18
100	131	11
100	105	77
100	132	68
100	108	55
100	126	24
100	138	26
100	116	96
100	137	25
100	103	59
100	119	57
100	133	19
100	117	61
100	127	83
101	129	92
101	134	69
101	103	95
101	128	18
101	108	75
101	102	75
101	109	36
101	137	12
101	125	84
101	111	27
101	127	81
101	116	86
101	106	19
101	112	75
102	133	76
102	136	55
102	132	56
102	109	83
102	110	7
102	122	18
102	120	65
103	137	27
103	127	41
103	106	29
103	107	80
103	135	44
103	129	33
103	112	68
103	110	65
103	118	18
103	104	79
103	113	76
103	128	73
104	137	34
104	132	7
104	139	36
104	111	87
104	128	62
104	129	51
104	117	48
104	113	46
104	110	43
104	130	40
104	116	22
105	135	23
105	108	56
105	129	64
105	115	73
105	136	73
105	138	5
105	131	37
105	106	54
106	131	6
106	130	56
106	110	62
106	137	35
106	136	90
106	109	58
106	138	26
106	112	14
107	138	13
107	113	96
107	137	31
107	114	90
107	118	32
107	115	31
108	134	28
108	115	45
108	111	22
108	117	28
108	135	63
108	112	57
108	109	99
108	120	12
108	129	41
109	137	64
109	114	70
109	133	5
109	112	70
109	120	66
109	111	24
109	116	34
109	118	69
109	110	80
109	129	15
110	111	30
110	113	61
110	136	88
110	138	34
111	136	92
111	115	83
111	135	70
111	138	38
111	133	43
112	114	60
112	116	62
112	118	83
112	119	66
112	123	27
112	121	9
112	138	39
113	119	70
113	116	25
113	117	42
113	137	81
113	127	97
113	120	60
113	126	6
113	128	48
113	132	10
114	138	36
114	139	12
114	125	81
114	123	88
114	127	52
114	116	61
115	124	59
115	117	37
115	131	36
116	118	75
116	122	78
116	123	65
116	121	60
117	128	86
117	127	72
117	132	60
117	121	49
117	119	83
118	125	72
118	123	93
118	120	40
119	128	51
119	133	69
119	121	23
120	121	71
120	126	13
120	127	17
120	123	91
120	129	85
121	125	88
121	129	61
121	130	54
121	124	17
121	131	38
121	123	93
122	130	86
122	123	18
122	134	85
122	135	49
122	137	62
122	131	70
123	131	72
123	127	69
123	138	19
124	131	65
124	125	62
124	134	90
124	137	25
124	127	10
124	135	67
125	138	7
125	136	86
126	133	23
126	138	30
126	129	86
126	134	91
126	136	30
127	134	21
127	139	97
127	128	68
127	136	34
127	131	86
128	131	47
128	130	13
128	129	80
128	138	53
129	132	7
129	135	81
130	134	95
130	136	12
131	138	85
131	134	50
131	136	84
132	137	54
132	139	24
132	136	57
132	138	51
133	137	20
133	135	71
134	139	93
134	137	19
135	139	83
138	139	73
