NAME: W_SPARSE_120_52
n: 120
m: 3120
0	69	40
0	85	49
0	89	12
0	44	86
0	79	21
0	76	13
0	72	92
0	30	89
0	43	88
0	62	66
0	91	83
0	81	63
0	53	66
0	75	21
0	28	33
0	70	22
0	88	54
0	34	56
0	93	74
0	116	18
0	112	68
0	50	48
0	73	59
0	10	31
0	77	8
0	36	75
0	80	41
0	29	80
0	41	69
0	55	53
0	40	29
0	74	17
0	65	56
0	58	65
0	46	68
0	39	36
0	5	41
0	7	13
0	111	55
0	117	37
0	42	42
0	61	72
0	106	31
0	1	8
0	31	67
0	82	33
0	66	69
0	14	14
0	33	89
0	48	31
0	47	87
0	92	21
0	19	55
0	17	68
0	37	44
0	107	77
0	21	41
0	12	44
0	15	91
0	104	31
0	45	12
0	103	43
0	119	65
1	89	24
1	94	88
1	52	83
1	75	16
1	78	30
1	70	29
1	45	27
1	65	62
1	69	41
1	3	86
1	55	22
1	42	47
1	73	58
1	35	58
1	80	70
1	28	86
1	91	47
1	30	74
1	51	87
1	7	97
1	67	72
1	34	21
1	84	34
1	48	85
1	56	33
1	66	27
1	31	57
1	110	18
1	114	52
1	36	30
1	87	16
1	58	33
1	10	20
1	68	80
1	107	9
1	9	49
1	106	66
1	83	54
1	85	6
1	76	42
1	116	69
1	61	16
1	111	32
1	44	87
1	105	82
1	59	70
1	100	43
1	101	16
1	21	42
1	92	25
1	115	14
1	2	55
1	18	18
1	17	69
1	49	67
2	94	48
2	61	10
2	79	48
2	60	21
2	76	42
2	36	14
2	77	91
2	47	25
2	95	76
2	59	31
2	62	23
2	53	20
2	67	18
2	66	29
2	29	80
2	41	84
2	48	64
2	64	20
2	55	24
2	33	93
2	30	65
2	37	7
2	31	69
2	75	35
2	85	79
2	10	80
2	57	86
2	40	53
2	9	85
2	12	22
2	70	70
2	20	44
2	7	60
2	16	85
2	15	19
2	116	75
2	104	16
2	49	61
2	112	38
2	45	79
2	44	17
2	54	32
2	71	96
3	37	78
3	40	32
3	81	31
3	45	82
3	56	62
3	74	66
3	57	40
3	55	90
3	35	95
3	87	94
3	119	32
3	65	97
3	72	19
3	117	77
3	47	52
3	63	99
3	85	54
3	94	72
3	46	77
3	71	58
3	50	91
3	60	90
3	53	48
3	4	86
3	113	32
3	8	82
3	83	73
3	116	48
3	95	86
3	44	73
3	58	44
3	30	76
3	42	53
3	93	54
3	84	76
3	89	13
3	43	81
3	77	56
3	32	63
3	61	25
3	13	11
3	15	62
3	96	58
3	7	13
3	12	19
3	62	72
3	73	65
3	17	49
3	82	28
4	50	21
4	43	95
4	85	11
4	77	68
4	80	31
4	54	93
4	67	14
4	82	16
4	44	73
4	58	96
4	91	61
4	47	81
4	51	97
4	60	76
4	42	80
4	10	71
4	34	99
4	41	95
4	89	25
4	118	10
4	63	9
4	71	65
4	68	98
4	9	43
4	78	46
4	64	61
4	81	76
4	45	50
4	97	99
4	15	59
4	57	59
4	61	70
4	6	61
4	21	23
4	87	94
4	94	99
4	5	26
4	111	9
4	76	90
4	105	66
4	17	50
4	37	93
4	62	62
4	86	90
4	18	41
4	115	39
4	95	86
4	20	68
4	56	42
4	11	47
4	114	79
4	13	97
5	58	96
5	87	47
5	72	85
5	52	7
5	74	95
5	40	26
5	67	48
5	93	91
5	35	34
5	96	95
5	86	72
5	81	9
5	90	8
5	12	32
5	14	96
5	71	21
5	32	48
5	41	72
5	66	57
5	43	17
5	51	51
5	15	49
5	36	26
5	84	54
5	85	63
5	53	69
5	55	45
5	68	19
5	78	100
5	98	97
5	45	15
5	80	35
5	94	49
5	76	82
5	63	85
5	34	69
5	64	28
5	112	93
5	59	27
5	82	70
5	79	91
5	13	75
5	109	10
5	46	93
5	108	96
5	29	19
6	43	54
6	53	55
6	8	80
6	73	61
6	96	100
6	37	61
6	56	79
6	52	76
6	41	93
6	40	94
6	85	15
6	84	32
6	79	22
6	49	91
6	81	87
6	82	35
6	97	93
6	15	85
6	35	12
6	64	72
6	63	84
6	86	24
6	69	73
6	115	18
6	119	38
6	118	37
6	88	37
6	75	39
6	50	84
6	116	86
6	111	38
6	36	40
6	65	59
6	20	21
6	34	52
6	62	84
6	95	80
6	68	6
6	11	63
6	42	46
6	104	30
6	66	25
6	109	56
6	27	47
7	86	23
7	92	69
7	94	87
7	67	83
7	65	14
7	64	67
7	78	70
7	74	15
7	9	59
7	46	67
7	83	63
7	96	50
7	93	11
7	95	63
7	51	45
7	57	52
7	77	38
7	90	14
7	91	64
7	45	47
7	40	89
7	72	99
7	39	77
7	34	43
7	11	52
7	17	86
7	52	62
7	118	58
7	55	88
7	12	91
7	69	19
7	115	75
7	50	94
7	13	42
7	14	24
7	18	19
7	81	86
7	38	41
7	20	90
7	54	8
7	112	63
7	116	77
7	119	55
7	75	30
7	27	91
7	82	46
7	22	96
7	98	77
7	85	74
7	114	72
8	41	36
8	36	49
8	47	43
8	48	80
8	96	18
8	9	43
8	100	85
8	92	63
8	35	58
8	51	60
8	59	97
8	14	49
8	52	50
8	83	56
8	99	68
8	50	23
8	64	53
8	77	11
8	11	33
8	69	76
8	98	7
8	61	46
8	43	99
8	76	12
8	73	29
8	70	52
8	86	72
8	44	57
8	116	74
8	85	24
8	20	38
8	40	11
8	55	88
8	113	12
8	38	44
8	68	14
8	117	74
8	22	42
8	89	41
8	111	88
8	91	16
8	21	86
8	56	45
8	108	61
8	29	38
8	95	27
8	105	73
8	93	97
8	53	70
8	106	81
9	53	16
9	54	13
9	83	94
9	91	43
9	37	97
9	10	86
9	82	59
9	99	35
9	66	9
9	101	52
9	74	43
9	43	37
9	48	48
9	52	59
9	46	32
9	89	57
9	67	75
9	93	31
9	97	25
9	55	80
9	76	41
9	86	37
9	73	61
9	20	51
9	65	79
9	56	6
9	90	11
9	79	100
9	13	57
9	100	77
9	58	26
9	116	44
9	115	51
9	40	53
9	11	71
9	92	21
9	113	12
9	24	89
9	62	57
9	14	68
9	16	13
9	21	33
9	39	49
9	114	16
9	49	26
9	85	38
9	118	60
10	39	97
10	80	15
10	68	98
10	41	70
10	70	69
10	97	61
10	95	87
10	47	86
10	79	38
10	81	97
10	55	34
10	40	94
10	52	88
10	57	77
10	96	95
10	100	89
10	69	83
10	91	39
10	21	30
10	38	98
10	44	30
10	65	67
10	119	89
10	77	38
10	45	24
10	115	70
10	20	95
10	76	42
10	86	34
10	85	52
10	89	21
10	37	70
10	112	38
10	49	61
10	84	30
10	14	100
10	102	39
10	48	61
10	42	93
10	60	91
10	90	67
10	62	90
10	43	5
11	96	29
11	50	17
11	70	24
11	53	64
11	86	18
11	47	40
11	40	70
11	85	78
11	51	25
11	98	78
11	13	35
11	18	54
11	76	48
11	67	30
11	81	75
11	65	12
11	66	21
11	78	53
11	43	27
11	87	51
11	88	75
11	94	18
11	56	89
11	41	81
11	17	79
11	102	78
11	21	96
11	69	89
11	57	94
11	38	93
11	48	24
11	73	25
11	44	79
11	72	30
11	118	64
11	49	6
11	60	45
11	79	52
11	24	15
11	14	6
11	91	54
11	23	79
11	33	34
11	32	34
11	28	89
11	63	14
11	119	55
11	19	75
11	29	56
11	77	39
11	80	71
12	98	38
12	45	75
12	58	31
12	97	77
12	46	10
12	100	82
12	60	96
12	88	59
12	79	30
12	53	5
12	56	40
12	59	26
12	75	66
12	40	15
12	83	73
12	104	83
12	89	91
12	68	72
12	20	54
12	103	48
12	78	50
12	42	10
12	44	40
12	43	50
12	61	64
12	47	64
12	81	29
12	118	62
12	18	58
12	57	42
12	101	9
12	74	98
12	26	91
12	54	82
12	23	55
12	69	31
12	92	67
12	29	94
12	66	73
12	99	84
12	73	95
12	76	47
12	32	32
12	24	99
12	112	35
12	30	75
12	25	95
13	45	16
13	55	7
13	53	46
13	81	100
13	91	55
13	73	45
13	78	36
13	75	20
13	95	16
13	79	78
13	66	89
13	84	30
13	70	86
13	60	56
13	59	5
13	49	8
13	97	6
13	18	82
13	56	58
13	94	74
13	90	82
13	42	30
13	23	18
13	89	31
13	50	47
13	72	54
13	29	8
13	76	62
13	61	68
13	80	56
13	116	65
13	86	84
13	57	60
13	52	84
13	71	97
13	113	60
13	33	71
13	14	100
13	58	22
13	31	99
13	100	60
13	77	32
14	97	21
14	48	16
14	75	30
14	64	83
14	76	92
14	50	24
14	46	43
14	58	65
14	68	90
14	51	69
14	78	40
14	87	17
14	16	10
14	93	29
14	71	97
14	98	18
14	91	58
14	61	54
14	43	62
14	74	100
14	107	73
14	42	54
14	22	29
14	90	82
14	24	72
14	20	42
14	73	13
14	60	81
14	59	78
14	56	84
14	66	70
14	77	28
14	89	70
14	21	81
14	44	29
14	53	56
14	92	99
14	27	57
14	62	36
14	70	28
14	86	15
14	19	38
14	30	48
14	80	59
14	88	19
14	118	42
14	106	59
14	112	39
14	109	96
15	47	50
15	65	55
15	72	80
15	55	78
15	71	61
15	105	53
15	45	61
15	87	83
15	42	12
15	82	41
15	70	39
15	101	46
15	94	44
15	43	73
15	106	6
15	76	39
15	79	30
15	22	81
15	73	58
15	108	81
15	51	92
15	107	53
15	74	42
15	78	94
15	54	91
15	57	83
15	95	11
15	56	38
15	63	85
15	68	92
15	25	22
15	30	50
15	23	90
15	44	47
15	89	25
15	58	60
15	81	45
15	53	90
15	19	53
15	116	65
15	90	41
15	93	59
15	92	77
15	26	38
15	40	60
15	110	64
16	53	56
16	71	19
16	103	82
16	72	52
16	17	74
16	18	81
16	98	93
16	51	42
16	61	49
16	101	72
16	77	47
16	52	74
16	104	29
16	22	73
16	79	84
16	83	56
16	67	50
16	74	62
16	92	81
16	70	10
16	105	43
16	27	39
16	29	18
16	45	82
16	80	6
16	49	92
16	31	77
16	119	19
16	90	17
16	32	88
16	68	25
16	94	45
16	85	22
16	63	52
16	59	99
16	25	81
16	44	62
16	116	65
16	65	74
17	44	40
17	70	39
17	74	60
17	90	23
17	59	8
17	93	96
17	53	72
17	103	33
17	73	89
17	54	9
17	45	50
17	57	10
17	21	11
17	81	72
17	56	83
17	68	96
17	61	24
17	72	26
17	99	46
17	65	95
17	104	24
17	86	93
17	108	46
17	102	77
17	84	21
17	25	42
17	77	50
17	119	70
17	106	42
17	85	24
17	47	79
17	23	38
17	105	95
17	100	25
17	36	24
17	109	39
17	31	50
17	60	36
17	50	10
17	101	44
18	70	45
18	81	79
18	48	27
18	94	51
18	99	99
18	95	91
18	78	14
18	61	42
18	23	7
18	72	13
18	77	80
18	62	53
18	90	28
18	64	73
18	74	52
18	101	68
18	82	98
18	24	54
18	47	51
18	50	49
18	58	32
18	69	55
18	28	60
18	19	82
18	88	77
18	46	86
18	84	23
18	51	68
18	49	70
18	93	90
18	33	22
18	71	63
18	76	52
18	109	96
18	31	13
18	60	86
18	63	78
18	106	25
18	83	27
18	57	82
18	75	24
18	55	98
18	114	89
18	105	92
19	108	85
19	78	76
19	21	49
19	109	79
19	69	42
19	82	13
19	75	88
19	79	70
19	54	97
19	87	90
19	25	10
19	49	80
19	95	89
19	84	12
19	66	21
19	23	95
19	64	54
19	71	36
19	77	5
19	30	36
19	31	76
19	70	90
19	85	53
19	24	82
19	100	24
19	112	96
19	60	84
19	96	22
19	107	94
19	58	88
19	55	16
19	68	50
19	89	59
19	72	89
19	50	97
19	47	97
19	98	50
20	95	20
20	73	67
20	102	41
20	59	95
20	22	5
20	51	90
20	90	50
20	93	70
20	79	93
20	77	25
20	50	56
20	58	76
20	87	24
20	56	84
20	28	97
20	80	5
20	61	23
20	67	74
20	76	46
20	78	36
20	88	80
20	100	30
20	24	15
20	83	89
20	75	30
20	25	48
20	60	99
20	74	36
20	63	10
20	55	27
20	86	63
20	82	91
20	110	61
20	84	63
20	49	64
20	39	17
20	91	7
20	53	51
20	98	11
20	111	63
20	44	88
20	57	29
20	34	61
20	104	41
21	108	85
21	88	24
21	56	29
21	63	70
21	49	32
21	51	80
21	102	57
21	105	72
21	22	44
21	60	31
21	76	93
21	111	94
21	27	55
21	86	42
21	98	97
21	89	74
21	87	38
21	81	62
21	24	77
21	30	19
21	80	14
21	82	64
21	69	87
21	62	91
21	113	50
21	57	57
21	83	52
21	48	33
21	25	84
21	61	10
21	72	26
21	64	88
21	68	55
21	50	77
21	103	31
21	119	7
21	107	31
21	110	60
22	90	36
22	91	74
22	96	31
22	102	14
22	99	49
22	54	16
22	65	6
22	55	48
22	100	27
22	104	68
22	93	85
22	103	51
22	29	38
22	107	92
22	26	21
22	84	69
22	61	22
22	63	47
22	87	20
22	85	44
22	111	93
22	112	50
22	64	78
22	108	59
22	88	9
22	37	50
22	51	33
22	56	19
22	86	73
22	31	48
22	30	75
22	75	42
22	52	59
22	82	44
22	62	85
22	41	95
22	105	54
22	70	90
22	58	12
22	60	30
22	98	83
22	40	56
22	78	69
23	56	67
23	55	70
23	86	71
23	115	15
23	98	80
23	80	66
23	85	33
23	61	48
23	109	75
23	69	81
23	96	72
23	60	14
23	92	58
23	91	67
23	24	8
23	72	39
23	94	92
23	106	29
23	68	57
23	104	6
23	84	68
23	87	31
23	102	5
23	62	88
23	113	62
23	29	22
23	36	51
23	37	61
23	57	78
23	32	10
23	26	72
23	31	74
23	54	17
23	75	78
23	35	23
23	100	46
23	40	72
23	30	58
23	65	38
23	89	55
23	42	84
23	67	9
23	43	34
23	39	79
23	90	23
23	25	57
23	41	93
24	99	88
24	78	62
24	70	8
24	104	64
24	84	6
24	53	74
24	96	46
24	112	99
24	77	36
24	82	12
24	111	56
24	94	33
24	97	84
24	56	8
24	79	58
24	85	64
24	73	49
24	80	60
24	87	73
24	98	33
24	52	78
24	116	97
24	38	92
24	72	45
24	61	41
24	32	25
24	35	61
24	36	58
24	69	72
24	90	46
24	110	41
24	114	78
24	31	28
24	67	12
24	71	12
24	29	61
24	115	89
24	41	21
24	47	41
24	46	49
25	82	56
25	68	67
25	61	79
25	71	47
25	96	90
25	57	26
25	97	88
25	100	46
25	54	90
25	93	68
25	60	53
25	73	17
25	83	95
25	72	26
25	77	83
25	87	92
25	52	94
25	70	74
25	34	49
25	35	33
25	33	94
25	106	16
25	99	78
25	89	74
25	90	64
25	63	53
25	67	45
25	115	67
25	111	36
25	116	5
25	76	12
25	39	89
25	109	76
25	38	19
25	59	69
25	101	81
26	68	33
26	83	59
26	118	30
26	63	96
26	107	8
26	74	15
26	102	34
26	113	65
26	117	65
26	31	99
26	71	8
26	106	57
26	76	75
26	96	35
26	114	55
26	84	55
26	73	68
26	81	19
26	33	88
26	72	56
26	62	41
26	27	84
26	77	56
26	64	27
26	98	50
26	111	55
26	57	88
26	87	7
26	32	10
26	82	73
26	119	73
26	75	40
26	43	42
26	86	47
26	88	67
26	54	6
26	67	81
26	99	58
26	47	34
26	97	60
26	29	65
26	39	46
27	86	36
27	66	98
27	110	73
27	114	85
27	103	28
27	115	6
27	97	71
27	65	80
27	88	75
27	91	66
27	72	30
27	90	78
27	111	11
27	30	58
27	81	38
27	56	87
27	57	62
27	106	95
27	102	87
27	104	97
27	82	63
27	67	13
27	60	9
27	80	87
27	100	79
27	39	6
27	31	72
27	98	5
27	41	35
27	43	7
27	71	59
27	118	56
27	101	66
27	77	14
27	117	72
27	107	47
27	79	32
27	36	74
27	75	52
27	113	29
27	116	24
27	34	27
27	58	87
27	78	64
28	104	9
28	86	31
28	57	22
28	94	71
28	63	32
28	30	42
28	97	57
28	31	35
28	109	16
28	116	36
28	29	30
28	115	43
28	69	76
28	73	26
28	119	9
28	72	54
28	90	37
28	36	58
28	91	23
28	38	42
28	103	85
28	39	18
28	56	66
28	34	50
28	106	52
28	111	14
28	80	6
28	45	70
28	99	84
28	47	39
28	92	72
28	35	14
28	46	49
28	87	50
28	41	50
28	65	70
28	70	32
28	59	22
28	32	20
28	48	69
29	68	68
29	88	75
29	112	22
29	93	20
29	60	67
29	75	85
29	86	28
29	62	18
29	72	84
29	90	96
29	69	17
29	65	55
29	105	66
29	116	15
29	32	42
29	98	42
29	67	31
29	115	76
29	36	5
29	110	45
29	101	73
29	37	42
29	92	70
29	119	11
29	66	25
29	114	9
29	35	67
29	33	60
29	64	34
29	45	46
29	42	11
29	56	9
29	91	28
29	58	43
29	100	55
29	57	21
29	84	95
29	83	7
29	74	50
29	95	78
29	107	65
29	96	30
30	61	91
30	104	31
30	80	49
30	85	84
30	100	81
30	99	80
30	112	15
30	113	60
30	71	45
30	83	53
30	72	61
30	73	16
30	95	10
30	107	59
30	94	9
30	114	96
30	65	68
30	90	36
30	89	18
30	117	78
30	68	93
30	98	95
30	93	73
30	38	56
30	87	94
30	47	20
30	91	77
30	109	33
30	33	31
30	111	48
30	106	26
30	74	59
30	62	79
30	110	84
30	34	26
30	43	20
30	41	80
30	44	29
30	53	49
30	82	100
30	60	99
30	115	31
30	46	77
31	102	82
31	107	37
31	111	33
31	77	17
31	99	23
31	85	90
31	100	59
31	97	7
31	110	35
31	33	79
31	35	55
31	105	7
31	108	62
31	65	51
31	98	49
31	94	60
31	92	52
31	93	66
31	113	48
31	114	52
31	95	30
31	84	13
31	69	88
31	60	98
31	70	98
31	58	14
31	104	30
31	89	7
31	41	19
31	61	6
31	116	13
31	67	29
31	34	83
31	119	18
31	81	24
31	83	57
31	43	56
31	112	62
31	117	99
31	47	32
31	44	56
31	52	75
31	96	90
31	59	92
31	64	70
31	78	75
32	98	89
32	80	35
32	112	71
32	67	20
32	59	41
32	72	69
32	107	82
32	33	17
32	64	6
32	84	43
32	117	31
32	88	69
32	109	14
32	82	14
32	74	89
32	94	100
32	68	67
32	69	9
32	110	61
32	41	6
32	100	48
32	87	55
32	38	13
32	61	87
32	111	16
32	62	98
32	102	94
32	36	66
32	45	17
32	75	37
32	101	63
32	44	35
32	50	22
32	104	42
32	71	61
32	95	7
32	81	9
32	97	82
32	46	10
32	96	73
32	78	94
32	99	82
33	91	43
33	90	62
33	87	87
33	119	50
33	65	58
33	74	58
33	114	10
33	118	18
33	111	58
33	77	24
33	80	44
33	109	10
33	64	30
33	112	68
33	62	50
33	79	24
33	88	57
33	35	25
33	108	55
33	110	8
33	105	25
33	115	90
33	76	63
33	81	65
33	101	50
33	85	15
33	89	9
33	46	21
33	72	19
33	75	46
33	69	8
33	68	84
33	93	52
33	100	100
33	51	67
33	61	86
33	38	70
33	63	28
34	84	99
34	66	42
34	89	15
34	93	6
34	116	7
34	111	76
34	106	26
34	112	55
34	68	41
34	86	75
34	100	62
34	85	93
34	35	89
34	98	40
34	96	20
34	75	86
34	64	97
34	42	82
34	87	13
34	44	24
34	102	84
34	65	13
34	47	24
34	108	93
34	49	58
34	110	66
34	77	32
34	95	32
34	107	6
34	97	99
34	113	9
34	53	56
34	105	80
34	119	19
34	82	95
34	74	10
34	115	6
34	41	55
34	109	55
35	114	32
35	64	64
35	69	73
35	62	66
35	87	43
35	98	75
35	76	39
35	81	77
35	105	57
35	68	100
35	110	6
35	100	89
35	67	61
35	82	36
35	40	99
35	103	9
35	99	13
35	43	14
35	71	82
35	80	33
35	93	68
35	113	26
35	112	32
35	46	56
35	96	100
35	118	78
35	102	56
35	45	53
35	101	10
35	41	52
35	48	83
35	115	16
35	36	76
35	56	70
35	88	27
35	92	10
35	77	41
35	107	35
35	54	36
35	63	81
35	116	18
35	91	97
35	109	20
36	70	11
36	74	99
36	102	47
36	94	25
36	109	34
36	68	68
36	116	53
36	93	51
36	66	80
36	69	98
36	107	57
36	115	37
36	71	12
36	118	48
36	67	76
36	111	9
36	113	49
36	44	78
36	99	76
36	49	80
36	78	91
36	103	85
36	108	27
36	119	5
36	73	75
36	80	93
36	77	29
36	48	91
36	51	16
36	105	8
36	38	67
36	45	20
36	39	46
36	72	62
36	79	43
36	89	50
36	95	25
36	92	65
36	85	85
36	42	78
36	112	34
36	81	22
37	77	86
37	66	45
37	81	51
37	104	15
37	105	98
37	72	66
37	65	11
37	41	47
37	113	100
37	106	91
37	69	95
37	86	95
37	95	38
37	119	27
37	42	11
37	79	15
37	117	34
37	76	19
37	87	56
37	108	30
37	74	83
37	78	82
37	88	46
37	40	48
37	109	8
37	53	99
37	114	27
37	99	97
37	43	55
37	100	87
37	67	51
37	82	10
37	68	60
37	52	27
37	55	16
37	101	20
37	57	18
37	59	53
37	44	94
38	67	45
38	105	90
38	115	5
38	92	54
38	80	93
38	114	39
38	82	88
38	111	85
38	65	61
38	95	31
38	76	75
38	83	63
38	41	92
38	100	11
38	87	80
38	75	98
38	81	95
38	106	91
38	79	41
38	44	97
38	119	28
38	118	20
38	71	37
38	93	82
38	117	39
38	52	79
38	57	25
38	70	71
38	69	88
38	77	31
38	88	82
38	84	23
39	95	33
39	79	23
39	118	5
39	88	70
39	41	56
39	93	59
39	71	5
39	77	74
39	98	38
39	74	25
39	67	42
39	85	93
39	69	92
39	40	58
39	92	31
39	76	53
39	115	21
39	105	74
39	81	76
39	112	34
39	101	10
39	111	79
39	49	56
39	113	40
39	42	19
39	114	27
39	117	70
39	75	9
39	108	9
39	46	70
39	109	95
39	45	64
39	100	68
39	110	15
39	89	65
39	58	71
39	80	26
39	66	14
39	87	43
40	67	38
40	103	10
40	91	41
40	69	34
40	90	40
40	84	79
40	71	46
40	97	51
40	73	8
40	110	26
40	89	71
40	114	56
40	119	100
40	107	51
40	70	52
40	76	43
40	98	18
40	75	30
40	101	69
40	115	84
40	79	97
40	99	36
40	42	68
40	108	37
40	57	29
40	109	99
40	102	56
40	117	71
40	43	52
40	93	19
40	113	53
40	116	92
40	60	61
40	51	66
40	100	68
41	95	48
41	87	19
41	101	28
41	113	53
41	76	95
41	118	45
41	43	25
41	111	35
41	72	67
41	91	41
41	115	25
41	68	58
41	79	93
41	48	50
41	102	92
41	78	48
41	98	44
41	94	9
41	71	34
41	74	74
41	99	53
41	89	24
41	88	92
41	45	75
41	112	10
41	56	58
41	114	74
41	81	81
41	90	60
41	50	70
41	106	5
41	53	100
41	96	42
41	100	41
41	105	51
41	116	23
41	47	82
41	62	95
41	58	53
41	73	39
42	99	62
42	95	19
42	72	96
42	107	63
42	71	62
42	105	46
42	108	50
42	73	65
42	48	76
42	45	10
42	111	56
42	96	32
42	86	65
42	117	31
42	116	67
42	80	68
42	49	89
42	53	38
42	101	92
42	75	70
42	77	9
42	115	70
42	50	31
42	81	31
42	91	33
42	70	36
42	113	43
42	51	79
42	87	79
42	61	27
42	56	53
42	103	40
42	119	54
42	58	42
42	102	67
42	92	42
42	94	79
42	90	94
42	88	51
43	84	68
43	103	9
43	89	83
43	97	10
43	92	37
43	98	24
43	108	6
43	106	70
43	78	8
43	82	73
43	45	42
43	50	100
43	99	95
43	110	91
43	44	8
43	48	15
43	55	14
43	111	89
43	53	61
43	109	50
43	95	24
43	101	97
43	96	13
43	112	99
43	114	15
43	46	34
43	56	98
43	107	33
43	57	70
43	76	40
43	94	66
43	65	26
43	83	45
43	68	39
44	75	92
44	100	80
44	116	87
44	99	6
44	72	88
44	93	55
44	84	11
44	104	88
44	73	95
44	79	90
44	105	92
44	90	6
44	97	93
44	50	98
44	94	85
44	46	62
44	77	63
44	111	66
44	108	77
44	112	83
44	98	89
44	78	23
44	86	31
44	45	96
44	58	8
44	81	51
44	91	61
44	113	48
44	117	64
44	52	48
44	54	42
44	82	10
44	114	19
44	53	97
45	46	98
45	88	25
45	119	52
45	80	52
45	100	68
45	79	12
45	96	65
45	84	82
45	85	32
45	89	96
45	93	93
45	73	55
45	104	33
45	117	98
45	54	77
45	101	33
45	72	15
45	50	20
45	106	97
45	81	72
45	112	10
45	51	20
45	59	91
45	97	80
45	103	42
45	47	23
45	78	69
45	64	66
45	74	71
45	111	86
45	53	20
45	52	16
45	91	53
46	116	22
46	92	85
46	73	57
46	76	99
46	89	87
46	103	9
46	91	33
46	100	41
46	119	92
46	106	30
46	93	77
46	52	13
46	114	35
46	81	19
46	110	86
46	108	65
46	113	60
46	59	14
46	78	66
46	48	54
46	109	77
46	55	79
46	98	54
46	87	77
46	95	74
46	82	80
46	74	98
46	75	83
46	80	25
46	101	41
46	69	24
46	50	70
47	114	39
47	74	63
47	48	81
47	99	33
47	85	92
47	51	65
47	105	88
47	50	12
47	82	15
47	54	35
47	98	89
47	110	21
47	56	84
47	55	21
47	52	53
47	103	64
47	90	23
47	88	62
47	79	12
47	101	20
47	59	39
47	112	72
47	80	59
47	119	24
47	76	13
47	58	52
47	117	62
47	113	11
47	96	55
47	72	35
47	49	48
47	66	8
48	106	29
48	82	64
48	77	26
48	49	77
48	108	28
48	79	17
48	54	99
48	96	78
48	92	7
48	105	18
48	83	8
48	94	22
48	98	39
48	102	58
48	104	87
48	59	66
48	84	39
48	75	53
48	118	65
48	100	68
48	57	37
48	86	83
48	114	53
48	66	57
48	68	79
48	113	61
49	82	70
49	117	75
49	119	57
49	84	48
49	108	82
49	100	32
49	118	14
49	80	96
49	89	88
49	97	75
49	91	42
49	105	54
49	78	52
49	110	23
49	92	52
49	50	60
49	60	61
49	107	29
49	76	10
49	57	74
49	109	26
49	62	71
49	86	35
49	79	55
49	53	27
49	77	74
49	61	80
49	116	79
49	59	52
49	99	56
49	81	24
49	88	22
49	85	58
49	69	50
49	114	58
49	55	95
49	68	45
49	67	64
50	77	76
50	106	5
50	101	39
50	81	58
50	87	64
50	94	30
50	52	64
50	78	20
50	114	20
50	59	82
50	82	96
50	112	54
50	91	86
50	102	66
50	79	69
50	89	21
50	84	78
50	61	76
50	117	35
50	85	83
50	99	82
50	103	35
50	90	41
50	66	76
50	55	22
50	57	9
50	56	37
50	96	17
50	113	96
50	73	57
50	65	34
50	116	80
51	89	89
51	80	80
51	87	30
51	101	29
51	86	61
51	91	9
51	90	79
51	82	42
51	102	99
51	60	72
51	115	83
51	104	87
51	61	83
51	94	90
51	54	80
51	62	87
51	113	45
51	56	42
51	100	85
51	93	78
51	64	27
51	105	66
51	96	96
51	79	66
51	65	28
51	59	23
51	107	9
51	67	14
51	114	18
51	69	44
51	116	42
51	73	64
51	57	18
52	90	7
52	99	15
52	108	53
52	110	65
52	85	61
52	54	61
52	117	7
52	86	36
52	61	78
52	53	42
52	106	60
52	84	22
52	107	91
52	89	91
52	93	81
52	94	75
52	101	63
52	115	23
52	104	54
52	92	15
52	67	96
52	97	10
52	63	72
52	116	25
52	58	69
52	83	19
52	113	30
52	88	40
52	91	62
52	111	41
52	96	22
52	119	30
53	81	88
53	93	41
53	118	6
53	105	42
53	56	72
53	95	73
53	114	73
53	110	66
53	111	85
53	115	94
53	89	79
53	101	23
53	90	23
53	92	16
53	102	16
53	84	10
53	63	24
53	65	94
53	100	72
53	107	97
53	106	75
53	58	19
53	69	33
53	66	12
53	98	94
53	97	50
53	86	87
53	108	40
53	70	46
53	104	54
54	110	37
54	108	59
54	112	93
54	89	73
54	82	52
54	97	96
54	57	5
54	83	18
54	100	80
54	106	17
54	118	16
54	84	93
54	58	56
54	87	81
54	105	89
54	91	82
54	107	31
54	101	94
54	63	80
54	117	28
54	88	7
54	104	24
54	99	52
54	111	89
54	109	11
55	106	70
55	115	14
55	109	17
55	102	23
55	118	59
55	82	45
55	61	17
55	114	52
55	62	71
55	57	7
55	105	13
55	65	57
55	85	49
55	112	72
55	110	17
55	68	76
55	86	84
55	84	84
55	93	14
55	100	17
55	111	39
55	107	50
55	70	24
55	71	7
56	93	15
56	95	82
56	101	66
56	90	80
56	83	55
56	102	89
56	106	20
56	116	75
56	92	58
56	63	20
56	58	91
56	114	16
56	104	32
56	112	100
56	118	34
56	97	6
56	57	58
56	94	62
56	74	52
56	99	12
56	79	69
56	80	32
56	84	11
57	84	48
57	100	9
57	109	68
57	90	78
57	117	38
57	99	69
57	94	47
57	89	41
57	102	28
57	60	6
57	91	24
57	61	55
57	107	63
57	119	75
57	88	50
57	65	32
57	108	36
57	105	61
57	62	42
57	69	91
57	96	28
57	72	89
57	67	27
57	98	84
57	58	69
57	74	84
57	118	68
57	87	71
57	106	65
57	111	38
57	103	88
57	63	42
57	76	53
57	110	31
57	92	18
58	117	81
58	110	12
58	106	68
58	115	49
58	95	6
58	90	13
58	91	80
58	88	31
58	97	70
58	85	63
58	109	8
58	98	47
58	68	33
58	62	8
58	59	58
58	107	66
58	119	82
58	103	31
58	118	33
58	61	14
58	72	44
58	102	21
59	94	35
59	96	97
59	60	65
59	97	87
59	112	45
59	88	6
59	107	88
59	93	90
59	104	89
59	69	28
59	92	59
59	108	87
59	61	85
59	72	37
59	64	40
59	95	91
59	106	67
59	65	96
59	66	72
59	86	90
59	101	58
59	73	15
59	109	77
59	68	7
59	76	33
59	87	45
59	100	51
59	105	80
59	62	51
59	119	22
59	115	34
60	101	6
60	107	45
60	110	76
60	119	31
60	118	6
60	65	35
60	103	96
60	91	83
60	104	33
60	87	37
60	102	83
60	99	72
60	76	80
60	100	31
60	116	24
60	63	10
60	77	29
60	64	25
60	75	14
60	109	15
60	81	92
60	106	65
60	66	80
60	89	63
60	95	72
61	114	87
61	63	91
61	92	19
61	119	27
61	116	91
61	102	17
61	94	64
61	107	33
61	113	11
61	117	37
61	97	17
61	99	90
61	62	37
61	69	96
61	88	46
61	104	56
61	72	36
61	105	28
61	112	23
61	64	46
61	74	50
61	109	65
61	106	62
61	103	23
61	110	60
61	84	67
61	65	42
61	93	71
62	90	67
62	108	61
62	94	25
62	91	23
62	106	48
62	115	81
62	103	43
62	116	18
62	68	65
62	92	73
62	113	23
62	70	57
62	104	12
62	110	42
62	111	30
62	75	12
62	73	87
62	67	7
62	102	67
62	98	14
62	112	42
62	114	51
62	78	95
62	109	47
62	83	61
62	84	78
62	95	41
62	82	20
62	93	44
63	112	78
63	109	28
63	93	90
63	64	44
63	107	9
63	92	14
63	68	51
63	90	67
63	69	17
63	97	53
63	105	98
63	115	62
63	70	28
63	117	56
63	75	35
63	73	18
63	102	75
63	114	28
63	65	67
63	100	14
63	95	97
63	101	70
63	108	10
63	79	37
63	106	21
63	66	8
63	96	38
63	71	48
63	113	85
63	77	64
63	111	51
64	112	45
64	101	58
64	92	8
64	67	7
64	93	49
64	115	29
64	106	70
64	107	53
64	71	46
64	108	38
64	97	57
64	98	32
64	69	48
64	76	61
64	95	76
64	117	83
64	74	19
64	110	49
64	118	86
64	113	16
64	66	97
64	70	13
64	73	44
64	111	90
65	98	98
65	112	67
65	105	94
65	66	74
65	106	80
65	109	25
65	95	23
65	68	95
65	73	41
65	115	89
65	71	33
65	72	9
65	99	60
65	117	95
65	110	33
65	69	61
65	101	40
65	78	32
65	118	26
65	119	20
65	79	32
65	96	36
65	108	48
66	116	44
66	98	53
66	108	62
66	110	51
66	109	73
66	94	45
66	93	37
66	111	21
66	119	17
66	68	67
66	104	13
66	103	48
66	95	89
66	69	89
66	105	60
66	80	14
66	96	48
66	112	98
66	107	30
66	97	67
66	118	67
66	76	98
66	82	48
66	73	69
66	117	29
66	74	17
66	72	69
66	70	39
67	108	64
67	95	53
67	117	79
67	113	95
67	99	59
67	72	13
67	109	58
67	98	23
67	106	42
67	75	67
67	70	8
67	116	86
67	73	25
67	101	61
67	76	38
67	104	49
67	114	26
67	81	42
67	74	75
67	78	87
67	86	44
67	82	78
68	97	50
68	112	22
68	119	48
68	116	44
68	110	86
68	99	66
68	118	15
68	73	34
68	72	29
68	76	95
68	107	5
68	86	49
69	112	88
69	116	19
69	106	41
69	71	71
69	72	61
69	73	59
69	97	62
69	109	28
69	77	91
69	76	54
69	119	43
69	111	38
69	81	47
69	96	82
69	115	67
69	110	47
69	98	81
69	78	73
69	86	62
69	105	77
69	99	43
69	85	17
69	108	99
69	84	59
69	82	100
70	110	24
70	118	95
70	102	42
70	106	51
70	119	34
70	113	14
70	116	22
70	74	33
70	75	40
70	115	64
70	114	55
70	109	88
70	71	74
70	100	94
70	108	7
70	73	57
70	76	89
70	78	79
70	85	20
70	97	37
70	80	63
70	104	85
70	82	38
70	89	38
70	95	83
71	104	69
71	117	53
71	98	9
71	106	44
71	103	64
71	84	84
71	80	83
71	111	53
71	108	62
71	112	89
71	118	7
71	81	58
71	90	29
71	114	29
71	99	13
72	114	51
72	115	19
72	99	25
72	113	12
72	119	84
72	107	52
72	112	46
72	78	17
72	102	99
72	100	15
72	116	32
72	84	48
72	89	20
72	83	25
72	76	96
72	74	16
72	92	83
72	104	93
72	79	83
73	110	33
73	101	11
73	100	92
73	108	69
73	102	84
73	119	52
73	82	65
73	116	73
73	78	89
73	109	73
73	79	76
73	76	41
73	91	90
73	90	28
73	113	38
73	77	24
73	87	94
73	83	25
73	84	6
73	89	96
73	118	32
74	109	76
74	111	40
74	78	5
74	101	44
74	117	35
74	77	29
74	80	79
74	75	33
74	107	89
74	110	96
74	112	32
74	119	42
74	85	25
74	84	12
74	79	42
74	83	28
74	114	78
74	113	84
74	96	18
74	98	74
74	99	63
74	86	91
75	114	99
75	77	90
75	79	57
75	103	30
75	107	94
75	105	69
75	119	7
75	104	83
75	81	95
75	84	23
75	80	46
75	78	14
75	94	23
75	115	50
75	112	99
75	91	36
75	118	88
76	103	42
76	109	15
76	107	95
76	112	73
76	105	98
76	117	53
76	106	50
76	115	32
76	116	10
76	86	63
76	114	93
76	108	28
76	88	41
76	79	30
77	79	21
77	106	78
77	115	85
77	81	49
77	118	78
77	80	54
77	86	55
77	108	11
77	107	67
77	78	63
77	112	11
77	90	31
77	113	6
77	88	30
77	85	83
77	110	92
77	83	74
77	82	23
77	119	39
77	99	43
78	108	51
78	105	46
78	85	37
78	91	99
78	109	96
78	106	12
78	80	7
78	111	81
78	84	64
78	115	59
78	117	17
79	109	92
79	119	34
79	107	35
79	88	21
79	82	42
79	118	48
79	117	83
79	93	77
79	114	90
79	116	70
79	81	76
79	91	32
79	99	67
79	86	94
79	106	45
79	94	34
80	118	11
80	116	44
80	117	38
80	81	43
80	84	47
80	114	52
80	88	63
80	94	47
80	113	33
80	107	48
80	110	47
80	99	59
80	96	65
81	115	28
81	113	11
81	109	17
81	84	95
81	110	83
81	90	34
81	83	42
81	89	91
81	118	69
81	111	41
81	95	71
81	93	77
81	94	63
81	108	67
81	82	16
81	85	28
81	101	81
81	99	40
81	92	10
81	104	26
81	86	20
81	117	53
81	98	35
81	119	10
82	110	90
82	119	38
82	116	35
82	111	60
82	117	42
82	115	89
82	91	55
82	83	13
82	114	56
82	85	34
82	90	73
82	96	56
82	99	9
82	84	67
82	98	53
82	94	27
82	118	57
82	93	46
83	119	86
83	117	7
83	116	66
83	89	20
83	111	56
83	84	62
83	96	49
83	97	95
83	114	43
83	88	42
83	93	35
83	95	50
83	110	68
83	102	89
83	92	29
83	100	23
84	119	37
84	86	41
84	111	14
84	85	51
84	112	44
84	114	66
84	92	12
84	88	58
84	100	29
84	95	59
84	98	15
84	102	66
85	113	76
85	112	82
85	87	31
85	91	24
85	86	29
85	92	50
85	117	81
85	115	32
86	88	65
86	115	48
86	119	28
86	90	64
86	113	19
86	89	84
86	91	98
86	117	56
86	94	58
87	117	55
87	119	41
87	96	83
87	93	10
87	94	51
87	89	48
87	91	45
87	116	34
87	97	88
87	108	49
87	105	20
87	110	11
87	101	60
87	104	51
87	114	11
88	119	22
88	118	7
88	97	67
88	96	36
88	98	24
88	100	69
88	103	77
88	101	52
88	115	26
88	117	36
88	108	79
88	113	75
89	90	70
89	116	14
89	94	27
89	96	73
89	98	30
89	119	20
89	103	32
89	105	45
89	106	90
89	107	71
89	112	87
90	117	94
90	98	75
90	101	20
90	103	57
90	97	76
90	119	14
90	95	75
90	108	48
90	106	34
90	110	40
90	109	32
90	93	19
90	107	90
91	95	48
91	118	20
91	99	52
91	119	92
91	102	57
91	92	74
91	104	41
91	100	88
91	101	32
91	96	75
91	109	58
91	111	13
91	114	76
91	94	82
91	98	90
92	102	34
92	95	91
92	100	84
92	97	78
92	99	16
92	119	73
93	95	34
93	96	9
93	102	80
93	97	51
93	94	24
93	106	81
93	98	46
93	111	13
93	113	34
93	112	34
94	105	72
94	97	59
94	98	43
94	107	55
94	102	8
94	104	25
94	103	56
94	109	14
94	112	67
95	101	85
95	111	54
95	100	89
95	104	15
95	96	9
95	108	19
95	114	77
96	105	39
96	100	9
96	112	61
96	107	67
96	98	64
96	97	57
97	99	90
97	100	32
97	108	5
97	110	38
97	101	72
97	106	90
97	98	49
97	102	52
97	116	70
97	119	21
97	115	32
98	101	85
98	102	88
98	105	85
98	104	46
98	100	73
98	106	60
98	103	94
99	102	21
99	104	45
99	111	82
99	113	75
99	105	81
99	109	40
100	104	9
100	103	9
100	101	44
100	111	90
100	105	26
100	112	74
100	106	28
100	102	83
101	102	29
101	106	74
101	103	82
102	104	69
102	108	96
102	113	57
102	110	47
102	111	41
102	118	90
102	112	50
103	106	88
103	112	71
103	111	44
103	105	86
103	116	98
103	114	74
104	106	17
104	107	23
104	109	15
104	117	54
104	118	59
105	108	53
105	111	12
105	110	71
105	119	36
105	115	82
105	114	26
106	110	11
106	114	67
106	115	34
106	119	73
106	109	85
106	108	79
107	115	34
107	111	12
107	118	93
107	114	33
107	116	68
108	118	66
108	113	88
108	119	73
108	111	60
109	114	27
109	111	86
109	118	14
109	110	42
109	116	46
109	115	17
109	117	63
110	113	97
110	116	44
110	118	14
110	117	51
111	116	43
111	112	68
112	115	93
112	117	89
112	113	36
113	115	27
114	115	44
114	119	73
114	118	27
115	116	87
115	119	38
115	118	64
116	118	69
116	117	19
116	119	92
117	118	37
117	119	69
118	119	76
