NAME: W_SPARSE_120_24
n: 120
m: 1440
0	93	76
0	119	25
0	73	67
0	76	62
0	107	53
0	96	11
0	23	35
0	97	92
0	18	71
0	48	35
0	104	26
0	67	61
0	116	15
0	81	86
0	32	79
0	78	97
0	17	23
0	102	19
0	30	79
0	99	51
0	114	69
0	41	87
0	103	94
0	36	40
0	50	74
0	98	35
1	97	51
1	65	39
1	48	14
1	56	37
1	66	38
1	43	98
1	72	35
1	58	59
1	15	89
1	44	18
1	82	52
1	98	32
1	81	95
1	39	38
1	117	21
1	63	97
1	96	8
1	108	16
1	34	79
1	46	29
1	94	45
2	32	89
2	57	49
2	69	40
2	109	91
2	107	26
2	58	19
2	68	54
2	90	8
2	44	76
2	30	20
2	4	97
2	23	69
2	25	79
2	70	17
2	64	23
2	26	70
2	20	71
2	40	62
2	55	98
2	60	98
2	85	33
2	106	56
2	18	63
2	108	42
2	33	44
2	36	88
2	97	20
2	27	38
2	31	50
3	23	27
3	55	53
3	42	35
3	96	23
3	78	48
3	36	75
3	59	82
3	22	42
3	110	34
3	70	5
3	66	13
3	80	89
3	74	18
3	119	73
3	9	77
3	75	69
3	40	44
3	89	52
3	50	42
3	83	44
3	52	18
3	16	81
3	51	97
3	6	73
4	58	88
4	70	25
4	76	88
4	17	65
4	78	47
4	74	64
4	83	87
4	36	48
4	6	95
4	109	53
4	35	29
4	13	33
4	24	30
4	14	54
4	89	58
4	90	69
4	84	84
4	107	22
5	54	35
5	21	37
5	31	25
5	49	24
5	50	77
5	60	76
5	61	19
5	79	64
5	97	99
5	55	30
5	39	97
5	56	71
5	93	27
5	70	95
5	80	52
5	111	99
5	69	57
5	108	87
5	101	53
5	11	34
5	76	50
5	42	90
5	86	6
5	112	60
5	74	11
5	38	48
5	94	10
5	34	98
5	16	14
5	47	30
5	105	63
6	20	69
6	61	52
6	58	47
6	113	66
6	44	34
6	26	25
6	102	52
6	9	29
6	21	88
6	83	10
6	57	52
6	66	98
6	70	54
6	93	62
6	49	71
6	101	93
6	15	15
6	85	76
6	92	37
6	105	18
6	35	98
7	29	98
7	104	23
7	94	8
7	95	69
7	100	44
7	61	46
7	90	17
7	109	29
7	20	92
7	83	8
7	73	67
7	86	99
7	11	47
7	53	87
7	112	86
7	67	19
7	51	8
7	41	99
7	93	64
7	16	21
7	52	49
7	48	66
7	75	72
7	116	8
7	85	18
8	83	68
8	111	38
8	26	70
8	55	47
8	104	86
8	93	39
8	102	28
8	106	7
8	49	79
8	112	65
8	97	64
8	27	69
8	28	50
8	109	61
8	63	59
8	61	6
8	67	89
8	23	88
8	39	91
8	115	40
8	29	57
8	92	84
8	98	83
8	90	96
8	17	72
8	108	74
9	55	69
9	113	35
9	80	74
9	89	36
9	39	81
9	101	49
9	110	46
9	11	69
9	32	41
9	74	56
9	57	24
9	24	19
9	107	12
9	99	10
9	103	50
9	47	79
9	77	30
9	70	12
9	35	34
9	73	46
9	43	88
9	49	12
9	115	59
9	51	49
9	37	42
9	40	96
9	33	73
9	64	6
9	95	12
10	83	83
10	101	91
10	45	11
10	49	97
10	86	37
10	48	41
10	33	13
10	40	28
10	62	80
10	92	68
10	63	30
10	75	64
10	41	34
10	32	93
10	44	9
10	47	31
10	105	44
10	71	17
10	96	68
10	82	36
10	37	100
11	59	57
11	29	28
11	66	80
11	43	97
11	51	22
11	48	59
11	32	81
11	64	95
11	13	20
11	73	22
11	107	16
11	99	84
11	36	41
11	86	31
11	106	66
11	83	64
11	88	82
11	80	82
11	70	59
11	117	46
12	118	72
12	82	21
12	113	78
12	75	34
12	83	5
12	59	60
12	14	9
12	89	25
12	30	6
12	65	93
12	71	65
12	107	47
12	32	48
12	85	33
12	93	18
12	46	73
12	111	30
12	53	14
12	94	62
12	115	80
12	39	84
12	16	72
13	27	22
13	66	71
13	39	75
13	36	87
13	111	50
13	82	9
13	54	57
13	42	69
13	94	48
13	109	42
13	38	46
13	67	87
13	92	23
13	22	18
13	45	74
13	74	27
13	61	56
13	110	73
13	23	13
13	55	84
14	53	53
14	68	97
14	76	98
14	119	80
14	34	50
14	114	54
14	52	75
14	29	43
14	94	83
14	19	24
14	87	92
14	107	72
14	27	50
14	31	98
14	20	78
14	48	26
14	70	9
14	89	47
14	35	71
14	97	50
14	85	30
14	84	87
14	43	29
14	62	95
15	39	90
15	34	27
15	46	17
15	73	27
15	103	20
15	59	86
15	68	59
15	51	41
15	92	43
15	30	49
15	117	50
15	31	36
15	76	62
15	89	85
15	63	55
15	71	33
15	80	18
15	82	91
15	38	26
15	99	86
15	90	91
15	41	63
15	94	30
15	91	10
16	98	24
16	64	35
16	83	44
16	117	7
16	53	40
16	60	27
16	50	97
16	17	59
16	41	13
16	87	55
16	61	80
16	75	29
16	47	10
16	102	59
16	119	38
16	101	46
16	111	73
16	95	93
16	100	95
16	22	5
16	36	22
16	42	31
16	45	35
16	69	49
16	44	54
16	58	73
16	67	62
16	72	46
17	67	82
17	94	98
17	91	82
17	90	28
17	114	41
17	19	75
17	64	13
17	37	46
17	82	55
17	97	45
17	103	79
17	18	60
17	92	51
17	46	10
17	41	59
17	84	8
17	47	78
17	39	87
17	20	58
17	73	71
18	110	40
18	32	39
18	89	66
18	63	23
18	92	92
18	69	68
18	46	76
18	97	32
18	62	54
18	64	80
18	116	59
18	58	35
18	76	55
18	59	67
18	25	97
18	40	83
18	50	83
18	22	90
18	44	16
19	63	15
19	35	32
19	117	15
19	45	83
19	65	75
19	36	11
19	43	57
19	88	99
19	89	13
19	99	13
19	79	73
19	77	19
19	39	70
19	60	85
19	23	6
19	44	53
19	73	31
19	52	81
19	34	40
19	51	43
19	59	5
19	80	81
19	92	21
20	66	9
20	45	48
20	106	54
20	65	66
20	88	64
20	112	52
20	77	36
20	47	53
20	85	83
20	43	29
20	46	51
20	93	67
20	118	58
20	42	99
20	73	71
20	103	6
20	37	77
20	33	57
20	59	94
20	107	10
20	39	59
20	72	31
20	75	94
20	114	68
20	23	35
20	49	71
20	48	9
20	94	69
21	69	22
21	65	20
21	103	39
21	54	81
21	62	67
21	51	75
21	58	18
21	60	20
21	84	78
21	100	66
21	48	80
21	59	13
21	108	37
21	76	93
21	24	13
21	56	59
21	106	5
21	118	7
21	72	13
21	70	21
22	115	94
22	102	59
22	60	79
22	65	89
22	75	42
22	43	86
22	53	42
22	69	87
22	35	82
22	104	76
22	23	99
22	92	94
22	90	78
22	58	11
22	89	66
22	79	8
22	85	60
22	31	85
22	108	61
22	33	72
22	81	45
23	60	21
23	46	55
23	117	48
23	63	25
23	76	34
23	56	16
23	71	56
23	80	9
23	88	78
23	84	74
23	58	30
23	108	56
23	78	17
23	109	27
23	67	82
23	34	84
23	38	84
23	66	46
23	82	24
23	99	97
24	100	72
24	53	59
24	70	97
24	77	59
24	112	8
24	75	55
24	65	78
24	111	7
24	63	65
24	81	31
24	49	54
24	66	69
24	57	89
24	73	9
24	88	80
24	51	88
24	56	68
24	61	72
24	29	12
25	91	85
25	48	93
25	97	84
25	62	90
25	44	7
25	53	62
25	94	59
25	58	25
25	65	32
25	110	6
25	45	72
25	85	73
25	95	82
25	43	21
25	82	53
25	93	21
25	41	60
25	116	21
25	101	58
25	66	6
25	34	59
25	30	51
26	54	79
26	115	46
26	44	7
26	106	5
26	109	45
26	47	80
26	65	72
26	87	23
26	63	47
26	88	12
26	101	6
26	104	81
26	30	73
26	52	75
26	113	90
26	42	27
26	55	93
26	119	11
26	61	13
26	86	65
26	74	5
27	67	6
27	40	65
27	103	85
27	110	30
27	84	76
27	74	56
27	47	15
27	104	90
27	115	30
27	114	97
27	97	47
27	50	73
27	117	54
27	49	96
27	29	91
27	116	74
27	68	41
27	56	80
27	79	9
28	57	25
28	116	75
28	55	37
28	82	82
28	118	28
28	44	50
28	101	12
28	64	23
28	61	89
28	74	7
28	111	42
28	79	55
28	108	50
28	97	13
28	88	79
28	37	79
28	31	93
28	39	61
28	110	41
28	63	51
28	73	62
29	90	84
29	69	70
29	72	76
29	84	92
29	100	84
29	52	71
29	116	56
29	93	16
29	47	44
29	79	55
29	103	93
29	58	98
29	110	50
29	96	82
29	82	92
29	87	85
29	67	93
29	85	62
30	99	77
30	87	79
30	79	32
30	77	25
30	85	35
30	95	58
30	100	58
30	54	22
30	91	83
30	98	28
30	107	92
30	101	74
30	105	80
30	108	67
30	62	40
30	111	23
31	74	32
31	116	80
31	81	47
31	73	31
31	51	11
31	77	12
31	65	80
31	106	52
31	71	47
31	47	20
31	93	65
31	69	56
31	115	97
31	76	20
31	78	18
31	60	27
31	41	23
31	119	22
32	54	97
32	94	62
32	76	51
32	116	12
32	112	16
32	48	21
32	37	65
32	33	68
32	69	96
32	62	94
32	83	100
32	64	11
32	66	43
32	50	77
32	85	23
32	52	86
32	77	84
33	85	87
33	47	78
33	71	69
33	108	15
33	54	98
33	61	24
33	63	53
33	72	77
33	112	88
33	67	42
33	90	58
33	119	68
33	95	69
33	86	38
33	42	93
33	59	44
34	81	67
34	100	24
34	71	58
34	88	78
34	86	58
34	68	80
34	63	39
34	94	76
34	56	31
34	61	28
34	78	51
34	48	18
34	119	67
34	37	11
34	83	76
34	91	46
34	80	34
34	105	46
35	110	36
35	68	46
35	105	66
35	92	84
35	96	33
35	52	75
35	83	61
35	63	32
35	108	91
35	54	71
35	109	95
35	84	65
35	69	73
35	85	37
35	104	23
35	75	47
36	67	11
36	56	26
36	38	25
36	103	61
36	74	85
36	86	16
36	80	26
36	118	99
36	94	49
36	107	95
36	116	8
36	113	13
36	41	62
36	42	78
36	58	53
36	49	59
37	56	35
37	91	7
37	63	59
37	40	85
37	72	89
37	114	66
37	105	32
37	96	48
37	112	53
37	92	52
37	49	43
38	79	83
38	99	87
38	59	39
38	51	36
38	65	10
38	71	85
38	112	5
38	58	9
38	42	79
38	106	34
38	102	100
38	60	44
38	68	95
38	90	18
38	107	31
38	86	13
39	64	40
39	52	13
39	62	94
39	96	55
39	119	53
39	107	19
39	54	20
39	57	54
39	95	78
39	99	22
39	73	100
39	100	66
39	44	94
39	70	59
39	93	74
39	102	92
40	100	13
40	90	70
40	86	76
40	72	33
40	91	93
40	76	96
40	64	38
40	62	26
40	74	76
40	102	75
40	115	31
40	67	56
40	106	28
40	107	88
40	98	57
40	60	91
41	113	14
41	67	46
41	82	50
41	65	31
41	89	30
41	44	38
41	118	13
41	79	81
41	98	10
41	110	96
41	55	21
41	105	46
41	57	23
41	92	50
41	97	51
41	74	10
41	78	85
41	103	91
42	79	91
42	108	14
42	93	37
42	111	5
42	57	97
42	55	8
42	43	52
42	87	20
42	67	63
42	118	66
42	76	82
42	91	76
42	115	89
42	80	91
42	71	6
42	83	11
42	100	34
43	116	37
43	78	75
43	87	29
43	70	82
43	75	83
43	115	23
43	82	31
43	95	96
43	89	92
43	101	35
43	108	44
43	74	90
43	96	85
43	76	6
43	47	67
43	104	74
44	95	47
44	92	60
44	72	38
44	74	22
44	45	69
44	104	93
44	57	76
44	87	50
44	98	84
44	109	94
44	96	62
45	63	12
45	111	23
45	95	29
45	74	89
45	69	64
45	49	89
45	62	87
45	92	59
45	118	7
45	54	77
45	102	27
45	71	21
46	61	39
46	69	48
46	116	59
46	115	64
46	74	36
46	105	11
46	62	25
46	118	49
46	77	5
46	50	68
46	89	24
46	95	53
46	79	14
46	112	24
46	117	99
46	82	47
46	91	73
46	110	88
46	78	65
46	103	16
46	86	78
47	81	65
47	106	12
47	73	75
47	78	57
47	90	53
47	100	30
47	114	77
47	98	28
47	53	9
47	104	47
47	97	70
47	61	51
47	87	87
48	87	64
48	80	7
48	108	80
48	117	62
48	90	37
48	71	19
48	110	39
48	116	84
48	74	70
48	89	55
48	54	57
48	109	16
48	93	14
49	98	32
49	82	70
49	116	93
49	53	69
49	68	88
49	96	41
49	114	100
49	78	17
49	94	81
49	73	47
49	97	8
49	118	81
50	104	81
50	109	51
50	73	18
50	98	56
50	91	87
50	69	65
50	100	55
50	89	7
50	88	55
50	87	85
50	55	67
50	114	83
50	92	77
50	77	24
50	108	30
50	61	60
50	68	71
51	101	64
51	86	15
51	88	20
51	105	50
51	118	83
51	100	25
51	66	42
51	65	15
51	83	20
51	91	14
51	57	51
51	95	37
51	115	76
51	117	67
51	53	8
51	73	94
51	68	66
51	89	25
52	109	13
52	78	26
52	76	18
52	113	36
52	117	77
52	56	32
52	84	10
52	108	21
52	57	45
52	103	93
53	117	35
53	85	17
53	87	69
53	106	80
53	112	96
53	77	65
53	56	58
53	92	52
53	115	10
53	119	6
53	59	15
53	61	12
53	83	50
53	58	6
53	57	49
53	89	32
54	80	71
54	110	19
54	67	6
54	74	37
54	98	22
54	119	36
54	105	51
54	109	71
54	94	68
54	61	86
54	106	32
54	102	56
54	99	47
54	59	8
54	75	16
55	109	81
55	114	76
55	57	48
55	91	38
55	101	60
55	71	83
55	103	34
55	92	40
55	87	25
55	83	32
55	90	67
55	100	13
55	115	64
55	65	57
55	69	95
56	96	92
56	107	49
56	92	51
56	83	86
56	61	67
56	71	58
56	103	68
56	85	30
56	109	55
56	108	46
56	57	88
56	112	99
56	114	15
57	110	97
57	95	91
57	103	83
57	107	7
57	116	44
57	112	66
57	93	25
57	98	49
57	83	21
57	72	49
57	104	86
57	102	58
57	119	47
57	74	39
58	104	20
58	99	100
58	81	76
58	84	25
58	90	49
58	95	10
58	71	28
58	76	48
58	100	43
58	112	13
58	83	6
58	60	33
59	89	31
59	83	34
59	100	35
59	86	75
59	103	33
59	101	64
59	102	44
59	97	82
59	113	16
60	100	71
60	99	97
60	104	83
60	115	36
60	93	68
60	81	17
60	97	20
60	111	84
60	98	80
60	106	99
60	85	74
61	112	27
61	103	12
61	96	27
61	77	10
61	108	36
61	98	66
61	90	56
61	82	36
62	91	12
62	119	64
62	114	81
62	75	25
62	104	31
62	95	20
62	82	8
62	69	24
62	111	41
63	94	40
63	101	12
63	96	32
63	85	5
63	112	18
63	72	83
63	93	90
63	69	18
64	82	78
64	105	93
64	100	26
64	68	55
64	83	42
64	89	21
64	114	85
64	86	100
64	97	47
64	98	12
64	78	46
64	71	55
64	116	17
65	81	55
65	66	36
65	91	62
65	96	51
65	72	40
65	79	26
65	99	85
65	85	41
65	119	100
65	105	62
65	111	43
65	93	68
65	80	84
65	102	64
66	99	70
66	117	77
66	91	49
66	82	21
66	103	65
66	107	60
66	75	59
66	108	41
66	81	23
67	104	30
67	111	43
67	96	76
67	68	55
67	84	6
67	71	61
67	88	23
67	89	82
67	101	85
67	108	66
67	115	51
68	112	6
68	91	13
68	89	99
68	84	26
68	74	33
68	73	66
68	113	11
69	103	48
69	101	54
69	115	61
69	91	40
69	93	7
69	112	100
69	80	58
69	109	18
70	91	84
70	101	22
70	114	53
70	97	31
70	99	42
70	102	13
70	85	34
70	72	23
70	88	26
71	94	62
71	99	77
71	93	89
71	113	99
71	119	27
71	77	35
72	108	86
72	102	14
72	96	30
72	97	57
72	92	10
72	76	35
72	87	61
72	94	35
72	107	84
72	75	64
72	118	51
73	118	22
73	95	19
73	97	94
73	111	59
73	74	89
73	78	19
73	75	23
73	79	97
73	106	53
74	110	89
74	102	60
74	87	30
74	104	11
74	114	17
74	109	28
74	90	16
74	100	17
74	78	86
74	116	25
74	97	61
75	96	60
75	88	67
75	115	48
75	99	75
75	110	41
75	79	99
75	111	25
76	96	57
76	78	14
76	111	65
76	119	31
76	104	75
76	106	11
76	105	35
76	77	72
76	101	92
77	94	89
77	116	78
77	112	57
77	118	11
77	101	24
77	115	61
78	98	16
78	103	48
78	79	48
78	83	5
78	114	94
78	115	93
78	88	98
78	112	17
78	101	50
79	112	38
79	102	96
79	115	87
79	93	25
79	101	40
79	118	24
79	84	49
79	119	32
79	107	43
79	110	79
80	119	23
80	110	8
80	109	6
80	100	21
80	87	29
80	95	34
80	115	68
81	117	23
81	101	47
81	86	89
81	111	22
81	112	26
81	98	17
82	116	53
82	84	83
82	97	99
82	86	47
83	112	65
83	96	68
84	101	91
84	115	71
84	107	34
84	86	65
84	116	89
84	113	94
84	104	67
84	88	53
84	114	17
85	105	48
85	99	58
85	107	7
85	86	82
85	104	17
86	118	13
86	111	69
86	105	24
86	90	76
86	110	33
87	119	90
87	101	89
87	115	36
87	114	16
88	118	70
88	112	44
88	116	46
88	104	16
88	89	48
89	91	63
89	117	31
89	112	72
90	106	15
90	109	50
90	119	29
90	114	63
90	97	97
91	108	59
91	96	49
91	119	73
91	118	13
91	101	55
92	118	91
92	115	82
92	95	33
92	114	19
92	110	33
92	119	8
92	111	66
92	94	11
92	116	71
92	117	70
92	103	85
93	116	22
93	108	41
93	117	46
93	96	90
93	114	48
93	95	34
93	106	26
94	96	90
94	113	16
94	114	45
94	112	56
94	118	74
94	100	77
95	118	60
96	114	47
96	99	90
96	97	73
96	112	49
96	106	50
97	100	41
97	117	66
97	107	70
98	116	71
98	111	5
98	117	73
99	102	46
99	118	31
99	108	22
100	118	75
100	113	59
100	119	65
101	115	88
101	106	23
101	109	5
102	115	88
102	118	41
102	105	92
102	109	64
102	104	85
103	106	99
103	116	60
104	107	19
104	118	48
105	106	20
105	110	55
105	108	66
106	113	20
107	110	67
108	114	13
109	110	12
110	113	38
111	114	44
113	117	31
114	116	92
117	119	48
117	118	99
