NAME: W_SPARSE_160_74
n: 160
m: 5920
0	49	93
0	118	55
0	113	96
0	90	93
0	56	45
0	93	65
0	58	98
0	104	83
0	1	78
0	121	77
0	63	22
0	159	54
0	72	70
0	4	97
0	122	39
0	75	98
0	102	66
0	39	44
0	8	30
0	107	10
0	45	78
0	55	67
0	40	76
0	103	60
0	87	96
0	109	52
0	5	46
0	16	98
0	50	45
0	101	78
0	48	16
0	44	32
0	71	93
0	6	49
0	57	73
0	98	88
0	99	89
0	157	8
0	111	40
0	82	86
0	106	52
0	54	64
0	144	35
0	46	7
0	22	57
0	153	34
0	47	17
0	17	96
0	131	69
0	95	28
0	65	66
0	150	89
0	117	32
0	28	64
0	100	99
0	7	94
0	34	28
0	38	21
0	116	8
0	97	52
0	91	88
1	106	100
1	102	24
1	122	24
1	42	7
1	67	16
1	2	9
1	41	15
1	50	48
1	68	50
1	92	36
1	108	55
1	80	57
1	8	46
1	157	30
1	117	52
1	154	59
1	77	54
1	110	20
1	153	84
1	111	95
1	159	8
1	88	14
1	91	38
1	49	25
1	66	29
1	71	38
1	95	24
1	101	13
1	52	34
1	99	94
1	78	89
1	17	100
1	140	58
1	21	41
1	79	78
1	141	8
1	120	53
1	7	99
1	11	49
1	25	64
1	9	60
1	145	96
1	158	27
1	115	26
1	61	66
1	83	77
1	105	30
1	107	62
1	60	31
1	59	67
1	51	11
1	84	60
1	104	50
1	45	25
1	135	39
1	20	15
1	137	100
1	40	13
1	48	89
1	57	53
1	144	42
1	90	75
1	156	94
1	150	64
1	128	30
2	95	43
2	123	76
2	55	63
2	48	19
2	78	58
2	104	44
2	79	10
2	45	81
2	113	73
2	57	34
2	90	81
2	42	8
2	87	50
2	105	77
2	155	44
2	41	72
2	81	12
2	101	42
2	59	89
2	156	75
2	5	49
2	71	6
2	102	49
2	151	14
2	122	100
2	51	13
2	114	33
2	65	32
2	147	62
2	76	55
2	100	10
2	107	86
2	106	65
2	56	11
2	58	100
2	146	50
2	143	21
2	66	40
2	62	10
2	98	42
2	157	70
2	159	65
2	112	19
2	9	96
2	88	7
2	141	21
2	63	29
2	23	72
2	49	16
2	96	28
2	97	69
2	115	66
2	93	52
2	124	99
2	118	82
2	121	50
2	70	90
2	15	84
2	64	67
2	148	99
2	94	74
2	27	28
2	80	9
2	99	92
2	85	31
2	30	14
2	17	88
2	109	88
2	46	93
2	53	84
2	129	89
2	3	93
2	16	55
2	14	79
2	7	78
2	126	27
3	95	55
3	41	37
3	75	52
3	118	38
3	72	33
3	56	57
3	77	54
3	125	79
3	90	18
3	93	72
3	120	74
3	74	70
3	9	90
3	7	27
3	50	98
3	6	47
3	101	37
3	115	76
3	81	85
3	96	54
3	100	70
3	105	52
3	122	51
3	13	18
3	114	67
3	59	49
3	51	73
3	80	74
3	52	93
3	4	79
3	78	42
3	82	41
3	98	36
3	86	98
3	5	6
3	11	99
3	42	64
3	67	17
3	151	44
3	103	30
3	71	86
3	10	88
3	65	39
3	149	41
3	123	20
3	91	40
3	54	24
3	112	38
3	99	10
3	142	25
3	43	96
3	83	94
3	153	48
3	15	36
3	70	77
3	141	97
3	19	67
3	46	7
3	152	97
3	60	75
3	63	54
3	158	32
3	44	35
3	32	45
3	69	39
3	73	27
3	102	99
3	147	82
3	34	27
3	68	44
3	104	82
3	64	21
3	24	24
3	150	63
3	97	19
3	136	77
3	57	81
3	133	44
3	92	43
4	79	81
4	59	29
4	126	85
4	44	53
4	58	42
4	120	91
4	42	67
4	69	16
4	102	14
4	113	93
4	78	76
4	119	88
4	61	52
4	111	21
4	110	7
4	10	97
4	93	42
4	98	65
4	63	78
4	85	89
4	8	40
4	16	26
4	82	90
4	156	93
4	88	39
4	96	65
4	48	17
4	122	68
4	107	65
4	109	46
4	53	43
4	115	13
4	153	93
4	152	77
4	144	88
4	149	96
4	43	26
4	94	71
4	87	57
4	18	30
4	49	77
4	81	5
4	123	64
4	91	19
4	12	46
4	20	97
4	51	53
4	92	71
4	157	65
4	80	68
4	25	37
4	114	26
4	77	68
4	74	49
4	95	9
4	141	34
4	147	80
4	104	73
4	146	29
4	66	11
4	14	6
4	138	86
4	33	9
4	103	44
4	112	52
4	105	25
4	142	87
5	120	50
5	86	50
5	52	89
5	114	26
5	44	30
5	96	79
5	62	8
5	56	52
5	57	27
5	118	65
5	91	26
5	112	92
5	98	91
5	83	30
5	125	38
5	126	10
5	50	9
5	55	84
5	90	41
5	158	95
5	64	49
5	16	12
5	87	57
5	10	37
5	69	51
5	110	57
5	12	88
5	8	63
5	108	54
5	82	94
5	105	65
5	154	14
5	92	57
5	21	59
5	76	52
5	65	87
5	109	89
5	150	19
5	17	65
5	104	22
5	9	70
5	77	67
5	115	13
5	27	92
5	53	24
5	84	88
5	61	92
5	102	86
5	119	53
5	144	53
5	46	18
5	88	17
5	19	19
5	113	54
5	117	64
5	49	95
5	70	69
5	66	83
5	151	25
5	6	36
5	28	86
5	74	52
5	81	7
5	159	83
5	24	22
5	15	34
5	116	74
5	142	60
5	26	10
5	32	100
5	75	70
5	11	56
5	130	17
5	22	98
5	101	91
6	47	82
6	116	87
6	54	29
6	63	94
6	108	93
6	123	24
6	53	95
6	58	60
6	122	87
6	52	41
6	100	52
6	50	69
6	98	80
6	115	15
6	120	41
6	84	87
6	11	80
6	71	27
6	104	96
6	62	53
6	82	15
6	68	15
6	83	83
6	87	89
6	97	85
6	119	80
6	93	73
6	73	61
6	153	66
6	8	25
6	128	62
6	125	55
6	109	86
6	152	68
6	49	8
6	9	14
6	10	77
6	69	33
6	22	42
6	20	98
6	157	34
6	110	23
6	117	40
6	121	87
6	65	42
6	103	23
6	30	19
6	144	98
6	146	26
6	60	79
6	18	85
6	16	34
6	19	99
6	23	18
6	51	90
6	106	88
6	151	21
6	156	92
6	158	83
6	80	29
6	85	52
7	75	74
7	73	59
7	55	86
7	50	35
7	46	93
7	120	81
7	59	47
7	56	53
7	112	55
7	115	70
7	93	62
7	87	38
7	11	28
7	86	50
7	122	72
7	48	33
7	117	36
7	83	62
7	106	54
7	79	73
7	45	69
7	8	86
7	96	71
7	110	39
7	88	34
7	154	96
7	22	46
7	58	15
7	98	9
7	101	46
7	152	9
7	67	43
7	64	88
7	128	69
7	49	49
7	153	56
7	89	71
7	25	55
7	72	74
7	158	54
7	16	31
7	51	83
7	69	33
7	10	89
7	81	12
7	74	57
7	65	96
7	123	23
7	27	21
7	84	91
7	62	6
7	23	73
7	85	10
7	33	75
7	30	14
7	52	29
7	137	97
7	15	27
7	61	27
7	107	6
7	124	55
7	12	23
7	92	40
7	108	26
7	151	90
7	113	23
7	34	82
7	63	9
7	39	45
7	127	84
8	119	37
8	98	88
8	96	61
8	106	45
8	82	32
8	94	23
8	97	17
8	53	37
8	65	63
8	118	9
8	117	24
8	48	25
8	62	8
8	123	54
8	52	63
8	64	63
8	113	44
8	125	55
8	13	54
8	69	88
8	104	46
8	73	16
8	63	45
8	84	78
8	72	21
8	14	13
8	74	92
8	128	57
8	129	46
8	124	59
8	151	47
8	95	67
8	116	81
8	149	43
8	56	84
8	120	43
8	11	26
8	25	88
8	109	76
8	159	42
8	12	22
8	102	76
8	150	48
8	47	80
8	33	87
8	90	58
8	114	58
8	54	25
8	142	13
8	153	14
8	100	34
8	29	73
8	115	97
8	76	43
8	92	59
8	110	30
8	127	73
8	77	19
8	10	88
8	91	10
8	87	84
8	43	65
8	133	81
8	32	61
8	121	6
8	44	90
8	111	85
8	135	83
9	91	48
9	49	55
9	94	65
9	108	55
9	102	83
9	114	81
9	112	18
9	64	98
9	59	25
9	93	22
9	10	45
9	85	36
9	61	28
9	14	79
9	57	83
9	113	20
9	124	16
9	82	34
9	97	44
9	115	22
9	17	95
9	24	46
9	104	40
9	52	86
9	75	43
9	63	39
9	81	27
9	65	85
9	88	96
9	154	22
9	73	42
9	99	69
9	58	55
9	151	21
9	62	15
9	101	55
9	20	8
9	148	92
9	153	82
9	87	69
9	86	61
9	123	36
9	32	13
9	146	27
9	68	40
9	110	81
9	127	86
9	107	71
9	157	72
9	23	20
9	31	28
9	83	23
9	55	64
9	40	12
9	41	46
9	117	5
9	140	38
9	137	77
9	126	77
9	142	16
9	12	99
9	27	62
9	100	37
9	21	37
9	26	18
10	62	69
10	95	63
10	70	19
10	66	38
10	108	90
10	105	80
10	109	50
10	110	22
10	101	99
10	59	17
10	131	81
10	64	18
10	96	93
10	14	52
10	87	59
10	16	73
10	114	63
10	92	40
10	74	39
10	107	96
10	12	34
10	52	40
10	126	11
10	48	63
10	17	13
10	19	46
10	123	98
10	127	25
10	77	15
10	21	40
10	157	77
10	11	89
10	93	50
10	154	35
10	94	6
10	18	12
10	125	71
10	104	66
10	97	33
10	100	51
10	103	8
10	54	29
10	117	44
10	118	96
10	149	73
10	112	7
10	152	72
10	81	18
10	13	60
10	67	47
10	25	75
10	115	79
10	119	92
10	150	23
10	151	91
10	80	48
10	142	79
10	146	29
10	61	29
10	86	62
10	30	73
10	28	71
10	15	26
10	145	32
10	158	77
10	102	92
10	155	40
10	55	84
10	57	73
10	147	61
10	47	74
10	148	68
11	87	19
11	96	62
11	12	54
11	71	36
11	98	52
11	104	39
11	99	20
11	54	76
11	92	62
11	118	83
11	57	44
11	125	86
11	15	77
11	70	69
11	86	6
11	73	27
11	109	67
11	77	69
11	81	71
11	108	6
11	18	95
11	100	11
11	56	45
11	23	24
11	80	14
11	59	76
11	22	56
11	159	45
11	68	86
11	19	87
11	72	78
11	123	53
11	89	16
11	82	54
11	119	46
11	158	78
11	106	77
11	58	46
11	69	58
11	130	92
11	122	21
11	85	77
11	151	5
11	25	41
11	27	85
11	79	15
11	90	71
11	76	70
11	24	79
11	131	95
11	120	60
11	112	12
11	147	61
11	128	62
11	78	30
11	150	79
11	53	76
11	83	79
11	145	68
11	121	90
11	103	14
11	94	91
11	75	80
11	129	45
11	113	80
11	39	51
11	65	77
11	97	60
11	36	21
11	107	42
11	117	31
11	45	92
12	111	79
12	67	36
12	71	79
12	117	81
12	125	36
12	129	78
12	64	18
12	99	99
12	62	45
12	50	90
12	51	94
12	113	61
12	107	45
12	76	54
12	74	18
12	72	6
12	118	84
12	61	42
12	18	30
12	121	66
12	95	55
12	128	49
12	87	12
12	97	92
12	102	65
12	131	92
12	68	52
12	69	86
12	73	77
12	106	37
12	16	32
12	82	74
12	109	98
12	13	85
12	94	43
12	77	44
12	124	19
12	33	52
12	54	98
12	119	13
12	63	22
12	36	98
12	157	92
12	105	47
12	101	12
12	86	91
12	17	56
12	153	17
12	78	79
12	39	59
12	30	78
12	56	89
12	144	87
12	75	90
12	152	70
12	155	48
12	120	27
12	154	46
12	148	9
12	158	46
12	38	54
12	140	32
12	147	75
12	159	51
13	74	59
13	79	64
13	127	58
13	134	31
13	97	71
13	107	33
13	105	34
13	17	5
13	87	22
13	96	59
13	63	10
13	62	14
13	77	18
13	119	19
13	78	9
13	85	10
13	95	8
13	121	69
13	133	9
13	84	34
13	103	63
13	23	11
13	120	82
13	123	29
13	68	51
13	130	33
13	115	99
13	94	73
13	55	92
13	67	43
13	129	14
13	100	26
13	91	79
13	30	92
13	104	16
13	59	19
13	126	22
13	72	38
13	82	78
13	109	22
13	56	32
13	155	96
13	22	76
13	152	59
13	33	61
13	128	49
13	158	35
13	118	75
13	53	6
13	52	95
13	93	96
13	16	47
13	125	70
13	58	13
13	66	32
13	73	9
13	19	77
13	153	29
13	60	98
13	140	98
13	44	49
13	70	11
13	143	26
13	151	58
13	31	43
13	92	48
14	102	66
14	110	66
14	96	59
14	93	55
14	135	6
14	18	42
14	125	13
14	73	30
14	111	50
14	60	85
14	87	23
14	101	77
14	53	88
14	65	54
14	69	22
14	79	70
14	106	92
14	63	72
14	76	47
14	124	86
14	64	28
14	114	70
14	130	18
14	27	7
14	58	11
14	133	12
14	113	77
14	108	69
14	94	87
14	103	64
14	117	78
14	72	64
14	68	95
14	81	23
14	99	77
14	97	37
14	20	74
14	112	26
14	78	70
14	82	91
14	55	21
14	156	29
14	98	49
14	77	26
14	22	20
14	115	84
14	120	32
14	70	15
14	131	11
14	37	71
14	75	48
14	88	76
14	28	43
14	29	27
14	123	34
14	62	31
14	66	32
14	21	12
14	71	79
14	86	7
14	147	45
14	44	80
14	26	37
14	54	77
14	52	62
14	92	92
14	35	95
14	140	71
15	117	52
15	115	56
15	101	54
15	54	43
15	83	56
15	84	48
15	110	55
15	71	47
15	116	95
15	65	8
15	134	17
15	111	14
15	121	53
15	95	24
15	113	96
15	67	17
15	100	56
15	68	80
15	72	49
15	131	63
15	17	22
15	105	81
15	119	16
15	78	78
15	23	95
15	69	30
15	22	100
15	92	82
15	26	36
15	73	22
15	32	65
15	133	48
15	157	43
15	61	64
15	159	21
15	60	18
15	99	64
15	33	23
15	87	12
15	81	19
15	39	44
15	130	86
15	40	15
15	97	56
15	16	65
15	24	42
15	108	59
15	93	99
15	77	13
15	127	92
15	30	49
15	128	64
15	158	29
15	34	59
15	58	25
15	106	51
15	75	51
15	114	46
15	49	71
15	56	58
15	146	8
15	88	20
15	152	64
15	118	68
15	103	77
16	129	15
16	82	38
16	124	61
16	109	93
16	128	30
16	135	15
16	88	87
16	61	99
16	97	63
16	98	19
16	18	29
16	80	7
16	59	12
16	23	16
16	71	93
16	93	32
16	81	86
16	77	69
16	116	31
16	107	61
16	111	33
16	92	90
16	115	41
16	91	94
16	64	28
16	100	9
16	101	30
16	66	45
16	104	68
16	121	54
16	78	24
16	31	93
16	84	63
16	96	63
16	85	20
16	19	65
16	33	6
16	22	17
16	54	60
16	103	66
16	73	21
16	125	82
16	138	55
16	67	81
16	157	61
16	17	60
16	58	10
16	60	53
16	136	70
16	30	17
16	105	92
16	123	13
16	134	21
16	36	44
16	42	34
16	65	18
16	57	57
16	86	67
16	37	98
16	75	94
16	63	99
16	152	79
16	48	11
16	126	72
16	119	74
16	150	89
16	153	11
16	143	77
16	28	92
16	26	7
16	79	94
16	142	59
16	133	93
17	78	63
17	69	91
17	71	27
17	126	62
17	75	51
17	129	91
17	119	36
17	102	83
17	74	63
17	89	80
17	94	98
17	123	60
17	112	63
17	100	6
17	115	59
17	55	20
17	65	50
17	23	81
17	103	84
17	134	17
17	132	27
17	62	20
17	127	52
17	105	40
17	107	72
17	26	18
17	21	14
17	124	43
17	120	57
17	79	35
17	80	65
17	92	97
17	67	97
17	28	21
17	86	14
17	29	87
17	157	63
17	113	98
17	82	26
17	111	37
17	95	75
17	73	52
17	133	9
17	130	85
17	84	88
17	152	34
17	35	46
17	153	73
17	20	34
17	31	31
17	56	68
17	64	15
17	83	35
17	159	75
17	97	92
17	24	91
17	106	85
17	138	38
17	58	30
17	114	88
17	33	83
17	125	32
17	118	55
17	122	77
17	39	23
17	87	93
17	37	31
17	77	46
18	88	79
18	109	57
18	69	76
18	80	23
18	20	82
18	79	44
18	92	53
18	131	29
18	118	68
18	133	38
18	110	88
18	75	22
18	60	93
18	130	39
18	138	65
18	21	38
18	71	12
18	123	33
18	106	29
18	137	63
18	85	92
18	57	97
18	89	98
18	91	27
18	87	50
18	124	46
18	70	23
18	61	8
18	64	74
18	74	33
18	90	67
18	76	87
18	34	100
18	30	46
18	33	93
18	121	10
18	83	34
18	37	92
18	128	32
18	139	97
18	125	15
18	102	21
18	135	93
18	98	35
18	29	12
18	86	51
18	111	74
18	62	18
18	26	17
18	63	48
18	119	13
18	101	20
18	38	99
18	32	45
18	77	30
18	113	88
18	116	44
18	122	15
18	59	19
18	46	14
18	65	43
18	95	51
18	50	15
18	66	53
18	105	71
18	47	45
18	96	88
18	155	51
18	144	67
19	107	35
19	87	57
19	72	49
19	133	94
19	76	14
19	113	21
19	138	58
19	105	43
19	70	52
19	109	10
19	100	81
19	126	59
19	22	7
19	130	76
19	80	64
19	101	26
19	117	47
19	95	83
19	75	32
19	27	21
19	131	88
19	28	67
19	58	45
19	124	60
19	74	5
19	88	89
19	25	7
19	135	83
19	33	93
19	66	95
19	90	46
19	121	88
19	110	60
19	119	15
19	20	37
19	67	24
19	35	78
19	114	32
19	24	99
19	89	34
19	65	85
19	85	34
19	157	57
19	73	59
19	34	50
19	38	48
19	81	87
19	98	21
19	115	73
19	92	26
19	102	97
19	37	30
19	42	46
19	59	78
19	106	28
19	123	38
19	36	11
19	86	42
19	148	76
19	40	75
19	71	38
19	132	36
19	111	91
19	122	72
19	141	87
19	26	92
19	32	44
19	96	64
19	118	30
19	136	63
20	87	60
20	85	46
20	119	58
20	138	15
20	73	79
20	89	77
20	102	17
20	126	20
20	58	94
20	77	55
20	78	40
20	97	32
20	99	55
20	93	39
20	95	35
20	116	60
20	106	8
20	63	98
20	60	60
20	69	70
20	135	31
20	118	55
20	76	32
20	28	71
20	32	8
20	123	17
20	75	9
20	104	93
20	129	42
20	136	47
20	35	70
20	113	52
20	38	82
20	59	93
20	108	82
20	133	90
20	36	66
20	82	71
20	62	31
20	159	75
20	140	32
20	72	65
20	94	72
20	156	99
20	152	69
20	27	79
20	74	69
20	30	14
20	114	88
20	132	36
20	24	34
20	120	88
20	43	8
20	139	90
20	151	59
20	46	50
20	39	52
20	25	25
20	42	66
20	128	66
20	153	94
21	86	34
21	77	33
21	70	85
21	140	38
21	62	29
21	103	43
21	25	71
21	79	57
21	80	41
21	126	64
21	108	91
21	81	76
21	61	74
21	115	57
21	72	40
21	28	43
21	109	14
21	120	76
21	87	6
21	74	44
21	84	57
21	73	75
21	114	47
21	96	39
21	104	61
21	135	34
21	29	12
21	89	17
21	129	32
21	105	24
21	121	99
21	133	85
21	24	75
21	99	84
21	128	9
21	137	63
21	132	82
21	124	40
21	85	60
21	118	28
21	122	39
21	117	60
21	113	10
21	78	43
21	22	35
21	38	68
21	76	94
21	71	16
21	127	77
21	60	44
21	48	46
21	106	26
21	142	32
21	68	12
21	34	20
21	159	55
21	158	5
21	45	5
21	42	23
21	98	19
21	52	37
21	91	90
21	40	80
21	130	79
21	131	20
21	92	58
21	63	78
21	35	13
21	51	41
22	82	76
22	72	24
22	65	97
22	85	74
22	89	13
22	103	57
22	67	93
22	144	77
22	124	87
22	64	53
22	62	66
22	128	42
22	132	72
22	136	43
22	91	91
22	112	86
22	73	97
22	29	69
22	100	28
22	119	45
22	27	88
22	92	57
22	130	75
22	74	90
22	131	91
22	28	70
22	122	89
22	96	66
22	123	58
22	102	68
22	84	98
22	137	95
22	111	85
22	33	48
22	81	84
22	37	25
22	127	78
22	23	63
22	66	25
22	63	6
22	38	10
22	118	51
22	32	88
22	34	46
22	98	45
22	35	91
22	69	94
22	125	30
22	68	8
22	76	93
22	105	44
22	157	25
22	83	43
22	87	52
22	49	86
22	115	44
22	79	96
22	129	43
22	75	73
22	39	95
22	134	66
22	121	68
22	42	57
23	118	56
23	80	9
23	98	16
23	107	69
23	100	8
23	99	72
23	111	82
23	145	96
23	106	76
23	97	17
23	89	20
23	121	74
23	124	27
23	72	82
23	67	63
23	144	38
23	108	28
23	33	35
23	105	23
23	83	51
23	62	67
23	61	83
23	71	72
23	27	88
23	137	66
23	127	32
23	96	54
23	85	61
23	63	96
23	115	8
23	94	52
23	36	45
23	88	9
23	133	55
23	122	23
23	28	66
23	116	39
23	136	57
23	101	19
23	69	65
23	104	38
23	25	9
23	134	84
23	139	59
23	76	58
23	95	39
23	129	62
23	68	59
23	141	14
23	43	40
23	44	56
23	93	77
23	109	33
23	91	97
23	138	72
23	125	76
23	29	18
23	132	48
23	26	80
23	86	100
23	39	99
23	70	70
23	66	26
24	141	15
24	100	5
24	104	95
24	105	98
24	123	37
24	116	47
24	138	27
24	96	88
24	79	85
24	98	34
24	136	28
24	94	34
24	101	47
24	144	86
24	75	59
24	131	33
24	142	76
24	145	69
24	102	94
24	126	77
24	127	11
24	113	91
24	63	33
24	132	93
24	70	63
24	92	57
24	80	72
24	89	20
24	115	43
24	87	33
24	111	35
24	25	60
24	43	60
24	66	85
24	73	34
24	84	77
24	90	35
24	130	74
24	108	93
24	117	91
24	38	88
24	143	21
24	119	76
24	74	27
24	88	100
24	49	56
24	82	86
24	103	56
24	28	62
24	45	37
24	124	58
24	46	23
24	69	49
24	30	65
24	129	79
24	137	23
24	77	24
24	33	91
24	128	89
24	133	31
24	91	24
24	114	20
25	73	30
25	111	15
25	107	79
25	68	47
25	77	39
25	88	49
25	98	52
25	145	71
25	95	67
25	93	69
25	84	83
25	67	13
25	142	17
25	72	91
25	139	75
25	30	81
25	63	33
25	78	91
25	144	100
25	92	62
25	27	31
25	79	50
25	106	83
25	28	50
25	87	68
25	115	49
25	147	59
25	40	7
25	65	34
25	41	85
25	74	30
25	108	79
25	26	8
25	86	99
25	146	10
25	109	69
25	71	97
25	76	43
25	64	96
25	138	57
25	121	53
25	70	92
25	129	70
25	125	32
25	101	92
25	126	26
25	38	16
25	69	45
25	134	40
25	80	5
25	99	86
25	130	17
25	36	63
25	158	96
25	97	20
25	131	33
25	103	87
25	58	31
25	140	23
25	136	35
25	33	43
25	112	84
25	48	38
26	108	45
26	123	89
26	27	96
26	82	13
26	125	23
26	126	25
26	64	11
26	101	94
26	129	61
26	120	73
26	109	74
26	116	12
26	131	25
26	147	15
26	139	82
26	72	81
26	145	73
26	70	75
26	73	52
26	35	41
26	121	99
26	105	63
26	79	39
26	74	70
26	75	88
26	142	10
26	89	92
26	135	20
26	30	73
26	32	75
26	71	47
26	102	16
26	134	66
26	39	97
26	138	88
26	133	88
26	76	72
26	114	70
26	83	14
26	68	90
26	99	43
26	98	92
26	100	29
26	104	29
26	91	88
26	77	99
26	130	34
26	115	27
26	88	24
26	136	30
26	141	55
26	28	65
26	146	19
26	90	9
26	140	72
26	137	10
26	57	81
26	48	46
26	47	15
26	29	38
26	112	71
27	93	10
27	71	90
27	84	39
27	74	22
27	121	87
27	147	17
27	119	25
27	65	26
27	32	93
27	94	18
27	98	28
27	97	19
27	29	18
27	113	35
27	79	38
27	107	24
27	102	69
27	136	84
27	89	26
27	82	5
27	109	49
27	114	42
27	105	86
27	72	50
27	127	82
27	36	50
27	106	90
27	129	27
27	76	79
27	131	90
27	132	64
27	130	40
27	101	29
27	34	41
27	103	84
27	30	12
27	43	15
27	91	99
27	148	56
27	133	72
27	138	87
27	99	68
27	66	30
27	52	79
27	69	91
27	112	45
27	35	64
27	73	86
27	156	64
27	80	54
27	53	99
27	60	7
27	44	19
27	46	11
27	31	26
27	96	74
27	142	70
28	107	42
28	79	23
28	93	12
28	141	32
28	118	62
28	75	48
28	111	57
28	110	64
28	124	6
28	72	94
28	102	74
28	114	51
28	87	69
28	115	69
28	84	10
28	131	82
28	120	52
28	97	68
28	81	26
28	142	41
28	30	17
28	66	71
28	122	21
28	90	43
28	130	36
28	101	24
28	138	15
28	139	18
28	33	78
28	80	64
28	127	60
28	148	15
28	117	48
28	38	69
28	34	77
28	48	35
28	68	74
28	43	55
28	119	20
28	98	86
28	149	73
28	71	29
28	129	57
28	140	7
28	123	16
28	53	70
28	49	27
28	94	74
28	60	75
28	104	37
28	112	13
28	116	67
28	135	92
28	144	19
28	92	10
28	46	40
28	95	99
28	44	36
28	99	32
28	105	96
28	152	75
29	115	20
29	105	60
29	131	74
29	103	36
29	137	59
29	145	28
29	114	68
29	150	39
29	100	79
29	96	47
29	113	31
29	130	13
29	146	46
29	88	78
29	144	83
29	99	85
29	109	85
29	73	47
29	106	67
29	139	15
29	149	78
29	122	95
29	41	13
29	111	66
29	136	39
29	90	92
29	148	18
29	31	86
29	108	56
29	116	65
29	77	93
29	91	53
29	32	48
29	141	85
29	143	84
29	68	16
29	48	24
29	134	84
29	35	7
29	93	58
29	120	41
29	78	70
29	43	6
29	87	57
29	117	55
29	102	5
29	129	44
29	70	88
29	147	37
29	47	58
29	72	71
29	95	10
29	101	27
29	159	95
29	42	65
29	138	62
29	151	99
29	38	94
29	85	34
29	44	85
29	156	24
30	112	60
30	109	39
30	102	11
30	80	97
30	123	65
30	119	39
30	33	28
30	104	93
30	72	28
30	35	29
30	89	56
30	31	9
30	116	74
30	132	25
30	69	35
30	151	68
30	147	81
30	101	93
30	78	22
30	92	94
30	146	67
30	139	8
30	126	29
30	44	67
30	98	47
30	100	8
30	110	19
30	36	91
30	96	90
30	121	34
30	105	12
30	70	63
30	141	7
30	49	54
30	38	78
30	143	32
30	103	42
30	113	11
30	84	28
30	124	96
30	134	53
30	97	11
30	128	25
30	90	94
30	115	73
30	125	86
30	73	8
30	87	16
30	62	14
30	63	58
30	122	13
30	45	75
30	43	79
30	88	71
30	133	20
30	55	74
30	41	34
31	93	79
31	84	81
31	127	65
31	131	72
31	105	13
31	88	17
31	73	56
31	116	87
31	126	68
31	32	41
31	129	45
31	123	63
31	143	20
31	144	9
31	111	69
31	81	25
31	35	50
31	132	9
31	135	56
31	113	48
31	148	87
31	100	84
31	83	9
31	117	11
31	70	28
31	107	88
31	130	37
31	152	5
31	91	74
31	136	32
31	46	12
31	77	66
31	146	87
31	43	83
31	86	45
31	149	6
31	139	65
31	48	21
31	36	67
31	52	78
31	128	63
31	151	13
31	114	44
31	57	32
31	71	41
31	37	48
31	138	18
31	142	28
31	49	38
31	124	32
31	153	67
31	96	27
31	147	99
31	61	48
31	53	100
31	33	79
31	94	78
31	137	57
31	158	78
32	144	62
32	73	69
32	113	79
32	152	23
32	146	98
32	107	79
32	87	72
32	89	66
32	93	51
32	154	88
32	97	90
32	102	78
32	99	56
32	117	50
32	105	6
32	94	85
32	114	53
32	70	41
32	75	15
32	119	13
32	42	19
32	116	36
32	82	67
32	79	36
32	132	55
32	39	56
32	121	53
32	151	19
32	131	57
32	72	70
32	47	17
32	46	6
32	128	12
32	90	22
32	130	54
32	148	61
32	53	96
32	78	70
32	140	51
32	77	63
32	115	52
32	145	7
32	129	52
32	41	47
32	59	39
32	74	65
32	51	46
32	55	94
32	108	72
32	135	98
32	81	26
32	133	73
32	127	11
32	149	73
32	64	27
32	45	56
32	109	67
32	142	59
32	118	16
32	37	31
32	157	85
33	91	79
33	92	70
33	99	35
33	104	68
33	72	72
33	126	80
33	130	50
33	134	41
33	140	59
33	105	31
33	71	50
33	100	67
33	88	36
33	89	60
33	106	94
33	96	11
33	120	20
33	148	40
33	153	39
33	137	5
33	117	46
33	122	25
33	142	42
33	112	19
33	41	80
33	133	55
33	141	59
33	78	45
33	43	60
33	101	96
33	80	95
33	103	39
33	123	79
33	97	41
33	119	79
33	111	70
33	145	79
33	129	40
33	135	70
33	77	16
33	81	42
33	116	33
33	128	72
33	35	83
33	47	31
33	110	85
33	75	66
33	115	80
33	44	40
33	152	42
33	52	93
33	86	24
33	93	98
33	49	44
33	94	43
33	55	75
33	74	67
33	82	84
33	132	79
33	90	82
33	150	72
33	48	18
33	143	85
33	39	25
33	118	86
33	154	8
34	81	53
34	141	43
34	107	83
34	84	21
34	109	58
34	76	46
34	87	72
34	79	87
34	80	88
34	88	64
34	151	99
34	93	48
34	75	43
34	149	14
34	40	33
34	119	20
34	125	57
34	128	31
34	85	35
34	106	77
34	117	97
34	104	54
34	147	87
34	45	29
34	47	19
34	100	71
34	124	14
34	90	72
34	42	18
34	41	54
34	133	19
34	126	94
34	35	91
34	95	31
34	44	42
34	43	69
34	92	96
34	94	86
34	120	19
34	121	17
34	97	73
34	155	80
34	153	96
34	56	25
34	111	86
34	38	54
34	114	37
34	86	55
34	62	54
34	138	52
34	74	86
34	131	52
34	78	89
34	116	46
34	135	65
34	58	27
34	59	11
34	148	80
34	66	21
34	63	54
34	48	27
34	108	87
35	81	17
35	140	33
35	89	24
35	105	66
35	37	86
35	156	58
35	139	94
35	143	63
35	97	22
35	138	89
35	103	33
35	117	11
35	151	64
35	85	61
35	153	84
35	98	44
35	147	100
35	76	58
35	142	70
35	152	7
35	102	29
35	136	53
35	48	65
35	122	42
35	112	78
35	125	38
35	47	82
35	131	94
35	115	57
35	121	38
35	120	91
35	49	58
35	128	86
35	92	73
35	55	10
35	149	42
35	56	6
35	84	16
35	135	61
35	146	22
35	91	17
35	100	20
35	116	36
35	118	48
35	50	69
35	132	99
35	62	30
35	110	44
35	111	12
35	86	14
35	104	100
35	106	95
35	150	97
35	114	90
35	157	60
35	46	94
35	36	91
35	88	9
35	133	19
36	127	83
36	143	85
36	132	98
36	89	62
36	158	56
36	102	74
36	120	70
36	146	32
36	134	64
36	86	37
36	82	35
36	104	9
36	131	86
36	88	97
36	98	45
36	112	52
36	74	76
36	118	9
36	141	80
36	76	20
36	153	74
36	90	31
36	123	19
36	119	57
36	139	40
36	103	96
36	79	39
36	53	68
36	122	28
36	42	90
36	155	95
36	48	45
36	92	41
36	130	93
36	81	99
36	93	56
36	38	75
36	140	44
36	41	38
36	99	73
36	47	55
36	94	61
36	58	31
36	75	53
36	113	100
36	78	43
36	133	60
36	44	55
36	37	34
36	46	84
36	68	78
36	67	73
36	136	45
36	107	12
37	107	35
37	155	31
37	135	10
37	133	79
37	141	27
37	86	35
37	140	7
37	81	10
37	108	8
37	112	23
37	116	68
37	123	42
37	157	41
37	76	68
37	121	35
37	115	51
37	150	85
37	149	66
37	99	87
37	126	85
37	41	26
37	118	40
37	113	85
37	103	41
37	117	11
37	159	46
37	79	25
37	152	52
37	110	80
37	151	16
37	128	75
37	132	27
37	104	65
37	85	20
37	97	17
37	87	17
37	106	62
37	111	6
37	105	29
37	139	31
37	143	23
37	43	66
37	124	74
37	49	8
37	136	19
37	120	67
37	154	9
37	60	10
37	137	71
37	130	12
37	93	26
37	92	69
37	129	71
37	146	98
37	45	34
37	131	59
38	129	44
38	101	41
38	106	22
38	136	94
38	81	59
38	120	98
38	152	14
38	146	45
38	105	5
38	113	15
38	100	49
38	158	11
38	39	97
38	95	47
38	145	97
38	103	73
38	42	85
38	121	85
38	40	36
38	93	84
38	131	25
38	123	59
38	102	17
38	153	49
38	104	9
38	114	47
38	126	75
38	111	72
38	85	66
38	108	64
38	97	79
38	130	87
38	133	38
38	89	5
38	156	22
38	142	19
38	77	91
38	58	28
38	132	98
38	150	99
38	155	50
38	98	63
38	83	63
38	122	85
38	53	52
38	80	93
38	45	88
38	99	20
38	157	28
38	55	8
38	124	74
38	76	37
38	137	28
38	119	100
38	141	45
38	94	26
38	56	98
38	50	42
38	92	31
38	127	7
39	137	67
39	83	85
39	99	63
39	103	47
39	153	6
39	108	34
39	151	55
39	91	70
39	159	45
39	104	99
39	109	14
39	42	29
39	92	34
39	133	54
39	79	66
39	85	63
39	89	96
39	106	92
39	124	65
39	119	25
39	41	93
39	138	59
39	101	99
39	115	88
39	93	43
39	107	98
39	45	69
39	113	38
39	84	22
39	114	97
39	149	21
39	125	62
39	144	64
39	157	47
39	141	97
39	100	13
39	134	99
39	122	19
39	150	23
39	77	65
39	95	72
39	87	19
39	129	20
39	158	40
39	53	59
39	55	19
39	80	8
39	127	77
39	46	10
39	142	42
39	155	96
39	60	22
39	68	58
39	54	59
39	123	34
39	143	63
39	135	19
39	147	61
39	117	28
39	66	32
39	94	37
40	126	15
40	127	41
40	143	12
40	83	50
40	134	48
40	107	30
40	91	99
40	147	78
40	137	32
40	142	16
40	115	79
40	90	76
40	122	93
40	157	30
40	101	64
40	140	83
40	82	38
40	49	44
40	87	64
40	139	94
40	94	38
40	86	85
40	78	74
40	45	21
40	50	89
40	131	56
40	130	78
40	53	37
40	54	80
40	58	22
40	110	61
40	84	5
40	114	76
40	151	8
40	100	24
40	158	64
40	159	36
40	41	63
40	96	13
40	52	82
40	120	94
40	60	48
40	138	90
40	148	48
40	117	99
40	102	16
40	153	34
40	56	6
40	42	12
40	95	38
40	88	87
40	47	33
40	111	83
40	99	14
40	55	11
40	69	91
40	46	18
40	62	38
40	51	80
40	80	20
40	149	89
40	128	73
40	92	82
40	59	6
40	125	93
41	133	27
41	42	55
41	115	70
41	157	67
41	118	47
41	80	9
41	122	55
41	120	67
41	83	53
41	99	53
41	110	48
41	91	86
41	113	24
41	134	16
41	90	84
41	85	95
41	109	88
41	119	59
41	86	31
41	144	51
41	84	98
41	57	9
41	97	93
41	53	8
41	104	42
41	125	19
41	96	88
41	138	85
41	129	96
41	89	32
41	155	44
41	102	35
41	132	5
41	154	37
41	48	85
41	106	88
41	114	22
41	112	85
41	55	50
41	69	9
41	62	83
41	67	84
41	137	9
41	158	19
41	44	31
41	92	43
41	98	90
41	108	17
41	136	7
41	94	35
41	60	99
41	58	49
41	140	73
41	43	17
41	103	8
41	111	33
42	131	45
42	103	67
42	104	51
42	140	60
42	156	89
42	106	32
42	116	100
42	132	27
42	45	84
42	109	91
42	86	36
42	141	60
42	85	81
42	95	96
42	110	92
42	144	69
42	102	54
42	115	63
42	120	82
42	98	71
42	49	17
42	126	10
42	90	91
42	112	23
42	119	47
42	93	37
42	149	76
42	153	85
42	58	34
42	60	95
42	117	90
42	97	94
42	135	92
42	81	71
42	107	14
42	57	16
42	147	68
42	118	26
42	89	46
42	43	12
42	111	31
42	159	98
42	44	68
42	121	92
42	136	17
42	154	48
42	157	36
42	71	37
42	88	87
42	72	82
42	145	32
42	84	59
42	55	25
42	139	58
42	114	44
42	51	76
42	124	45
43	143	97
43	149	44
43	83	72
43	112	37
43	104	6
43	90	43
43	82	100
43	106	60
43	44	33
43	118	44
43	103	76
43	132	7
43	110	68
43	99	34
43	122	18
43	87	35
43	49	43
43	130	36
43	131	88
43	92	52
43	145	19
43	155	65
43	142	90
43	48	39
43	100	34
43	89	32
43	121	34
43	129	20
43	133	80
43	152	60
43	105	98
43	94	83
43	61	50
43	60	44
43	127	81
43	59	64
43	120	19
43	53	5
43	123	46
43	146	89
43	86	51
43	153	65
43	151	79
43	77	78
43	97	50
43	138	7
43	70	99
43	85	33
44	141	6
44	93	33
44	133	12
44	156	34
44	109	93
44	103	92
44	119	77
44	131	85
44	121	84
44	83	54
44	82	23
44	85	38
44	107	11
44	117	32
44	110	41
44	158	95
44	46	60
44	91	99
44	136	39
44	97	13
44	150	81
44	149	87
44	112	82
44	88	86
44	105	36
44	94	50
44	51	92
44	99	5
44	100	23
44	106	88
44	125	97
44	59	97
44	142	24
44	144	35
44	152	52
44	155	15
44	153	83
44	63	9
44	132	22
44	52	58
44	139	77
44	62	6
44	104	29
44	90	89
44	108	43
44	120	85
44	45	64
44	56	45
44	124	18
44	116	8
44	57	100
44	92	36
44	74	54
44	127	18
44	137	49
44	147	41
44	151	84
44	134	92
44	79	30
44	53	13
44	129	24
44	80	55
45	92	14
45	97	75
45	86	13
45	100	61
45	46	80
45	114	53
45	48	97
45	117	46
45	49	97
45	47	86
45	124	77
45	155	63
45	159	85
45	153	17
45	125	72
45	132	15
45	88	52
45	115	62
45	106	54
45	126	13
45	136	10
45	104	96
45	96	85
45	112	19
45	133	62
45	54	15
45	99	97
45	130	17
45	83	35
45	110	16
45	135	44
45	116	53
45	60	68
45	142	93
45	154	91
45	107	81
45	141	91
45	137	100
45	118	98
45	50	39
45	134	97
45	89	77
45	121	94
45	56	64
45	144	59
45	128	89
45	152	31
45	91	52
45	101	8
45	63	21
45	85	75
45	122	20
45	111	13
45	94	45
45	120	79
45	109	86
45	76	49
45	78	24
45	59	86
45	98	44
45	52	7
45	55	72
46	138	92
46	95	20
46	124	26
46	148	96
46	90	99
46	111	20
46	137	48
46	147	63
46	151	19
46	156	39
46	101	41
46	130	72
46	133	41
46	154	43
46	96	32
46	103	91
46	131	10
46	108	32
46	139	39
46	92	32
46	120	90
46	110	92
46	88	79
46	102	79
46	112	26
46	54	99
46	158	33
46	136	89
46	51	81
46	52	46
46	97	60
46	135	89
46	116	97
46	150	69
46	127	54
46	118	49
46	60	38
46	86	39
46	105	85
46	115	46
46	104	17
46	129	64
46	66	79
46	69	36
46	113	25
46	140	83
46	91	26
46	98	86
46	84	8
46	87	84
46	155	40
46	65	23
46	144	23
46	72	59
46	125	59
46	47	49
46	152	75
47	88	40
47	115	33
47	128	62
47	143	53
47	144	19
47	50	57
47	89	15
47	104	49
47	114	78
47	155	46
47	53	80
47	124	73
47	52	85
47	97	76
47	109	27
47	123	89
47	102	50
47	133	24
47	111	78
47	126	70
47	158	43
47	145	53
47	51	23
47	131	98
47	146	52
47	141	51
47	110	86
47	101	53
47	118	33
47	90	70
47	107	98
47	154	21
47	69	66
47	159	99
47	106	74
47	93	28
47	48	50
47	58	61
47	147	9
47	87	10
47	137	25
47	138	31
47	73	61
47	150	66
47	132	37
47	103	30
47	119	13
47	77	43
47	54	47
48	119	62
48	134	52
48	114	40
48	117	44
48	146	19
48	157	98
48	133	67
48	103	83
48	108	46
48	158	30
48	152	91
48	136	44
48	90	60
48	115	19
48	116	70
48	140	80
48	92	38
48	128	93
48	141	53
48	94	96
48	123	36
48	138	40
48	122	86
48	107	86
48	102	81
48	63	67
48	50	54
48	127	49
48	64	72
48	71	40
48	153	8
48	118	54
48	156	22
48	111	40
48	148	47
48	67	49
48	142	74
48	97	25
48	61	78
48	66	60
48	87	51
48	126	11
48	75	29
48	96	48
48	68	30
48	78	80
48	99	19
48	143	77
48	110	27
48	147	61
48	109	10
48	69	43
49	89	67
49	106	67
49	108	42
49	135	53
49	98	7
49	123	13
49	158	60
49	99	24
49	145	78
49	140	26
49	126	46
49	144	81
49	125	9
49	96	95
49	152	77
49	128	59
49	117	48
49	115	91
49	55	50
49	146	81
49	92	51
49	133	82
49	132	49
49	120	17
49	151	23
49	109	67
49	62	37
49	107	86
49	67	78
49	53	54
49	153	81
49	110	77
49	91	46
49	131	49
49	149	87
49	105	79
49	114	16
49	124	65
49	136	12
49	63	98
49	97	67
49	157	46
49	54	37
49	134	83
49	159	68
49	76	19
49	139	81
49	58	83
49	147	6
49	64	54
49	69	42
49	71	73
49	122	21
50	145	72
50	98	71
50	150	100
50	125	26
50	127	6
50	144	46
50	126	56
50	55	45
50	124	85
50	94	28
50	152	75
50	128	33
50	104	24
50	132	35
50	159	68
50	97	31
50	60	14
50	101	25
50	139	96
50	119	10
50	120	18
50	118	96
50	56	99
50	102	37
50	93	27
50	140	82
50	154	16
50	54	32
50	134	70
50	68	70
50	142	57
50	148	56
50	52	45
50	143	98
50	151	33
50	73	76
50	59	13
50	121	58
50	96	57
50	158	68
50	58	60
50	62	91
50	63	55
50	78	87
50	89	86
50	122	26
50	123	41
50	117	88
50	82	15
50	149	67
50	90	24
50	61	45
50	133	12
51	135	23
51	119	11
51	148	98
51	141	29
51	153	95
51	136	79
51	117	69
51	54	66
51	94	55
51	108	30
51	145	59
51	155	85
51	159	90
51	107	37
51	55	5
51	144	22
51	106	79
51	118	8
51	142	91
51	124	19
51	58	8
51	125	21
51	140	60
51	156	88
51	146	92
51	139	81
51	99	35
51	57	59
51	115	90
51	134	26
51	151	55
51	95	87
51	98	61
51	137	21
51	111	47
51	104	23
51	93	37
51	101	80
51	138	57
51	56	88
51	62	90
51	102	9
51	90	7
51	121	41
51	154	77
51	59	21
51	149	48
51	70	90
51	89	37
51	109	30
51	63	98
51	143	59
51	96	51
51	120	14
51	150	56
51	86	8
52	99	87
52	137	96
52	100	11
52	90	91
52	139	89
52	105	85
52	154	5
52	150	63
52	127	99
52	122	42
52	143	88
52	98	81
52	119	10
52	133	39
52	93	38
52	108	67
52	124	93
52	94	45
52	107	66
52	109	99
52	62	10
52	132	24
52	63	84
52	68	80
52	56	21
52	104	92
52	138	88
52	130	38
52	55	65
52	144	55
52	135	39
52	121	80
52	134	62
52	158	33
52	53	52
52	116	83
52	117	71
52	111	41
52	78	50
52	118	55
52	79	48
52	65	25
52	97	49
52	115	83
52	156	78
52	106	42
52	66	77
52	96	99
52	151	94
52	71	21
53	132	27
53	92	61
53	137	60
53	110	15
53	150	10
53	158	42
53	55	16
53	115	71
53	128	87
53	120	30
53	102	98
53	93	95
53	117	33
53	103	46
53	94	98
53	57	89
53	140	67
53	145	37
53	104	61
53	96	51
53	147	25
53	114	56
53	54	11
53	111	39
53	97	33
53	139	97
53	95	75
53	60	24
53	122	13
53	127	41
53	131	30
53	121	9
53	64	33
53	108	18
53	75	43
53	123	39
53	125	78
53	113	68
53	99	30
53	118	97
53	143	46
53	159	88
53	151	49
53	101	58
53	155	17
53	77	95
53	146	66
53	71	85
53	79	86
53	133	49
53	76	73
53	85	22
53	61	60
53	67	73
53	116	15
53	91	51
53	84	64
53	119	10
54	141	88
54	106	64
54	121	63
54	131	25
54	97	11
54	151	18
54	124	93
54	145	99
54	146	53
54	136	32
54	101	57
54	126	79
54	129	64
54	119	46
54	102	41
54	153	36
54	112	40
54	108	53
54	117	61
54	122	16
54	98	25
54	62	63
54	64	15
54	96	89
54	133	18
54	113	37
54	114	64
54	93	37
54	59	32
54	110	27
54	56	25
54	99	12
54	109	81
54	154	15
54	70	92
54	104	26
54	67	9
54	68	85
54	147	62
54	156	61
54	61	9
54	75	88
54	139	62
54	78	80
54	57	46
54	55	78
54	152	71
54	63	19
54	143	79
54	135	60
54	111	60
54	107	51
54	72	57
54	76	41
54	83	6
54	87	22
54	86	100
54	95	78
54	103	34
54	132	18
54	81	92
55	153	23
55	128	41
55	95	29
55	120	39
55	104	46
55	94	14
55	107	39
55	136	51
55	144	71
55	123	63
55	158	86
55	96	13
55	148	59
55	156	9
55	159	86
55	103	99
55	129	77
55	69	85
55	97	69
55	127	72
55	60	74
55	152	16
55	114	50
55	63	58
55	70	68
55	126	54
55	121	75
55	131	75
55	139	50
55	142	43
55	143	60
55	146	17
55	64	75
55	76	15
55	116	45
55	112	61
55	58	20
55	109	44
55	113	30
55	73	71
55	79	85
55	93	82
55	111	5
55	85	18
55	67	66
55	56	54
55	98	94
55	80	25
55	149	67
55	90	47
55	124	82
55	118	21
56	130	25
56	121	87
56	102	88
56	129	21
56	125	64
56	103	5
56	137	67
56	119	46
56	100	71
56	154	85
56	159	97
56	118	63
56	110	75
56	59	89
56	95	68
56	99	77
56	60	89
56	145	34
56	149	32
56	152	98
56	58	44
56	64	42
56	140	84
56	148	67
56	57	95
56	147	22
56	153	40
56	156	6
56	131	23
56	96	31
56	63	44
56	113	35
56	132	67
56	143	91
56	133	95
56	111	41
56	68	58
56	70	97
56	77	93
56	146	21
56	107	68
56	109	21
56	66	46
56	76	29
56	97	34
56	104	6
56	138	92
56	67	23
56	136	10
56	124	99
56	69	82
56	85	55
56	144	91
56	80	17
56	128	81
56	83	11
57	152	96
57	117	30
57	147	80
57	58	49
57	134	49
57	110	60
57	100	74
57	140	25
57	148	12
57	145	11
57	119	30
57	123	82
57	136	19
57	137	41
57	133	65
57	131	19
57	126	53
57	114	82
57	141	97
57	62	19
57	142	57
57	156	64
57	108	29
57	71	76
57	118	92
57	154	46
57	158	44
57	151	13
57	124	97
57	127	60
57	113	41
57	138	75
57	146	50
57	128	20
57	68	72
57	122	54
57	69	76
57	96	14
57	106	29
57	97	29
57	76	38
57	112	31
57	88	73
57	101	68
57	89	48
57	66	65
57	75	60
57	90	95
57	155	44
57	73	56
58	150	22
58	138	6
58	148	91
58	112	7
58	60	12
58	120	12
58	147	24
58	62	81
58	61	36
58	65	30
58	153	38
58	132	12
58	140	85
58	146	91
58	97	20
58	98	95
58	137	95
58	68	91
58	119	39
58	133	96
58	134	81
58	144	16
58	149	31
58	131	33
58	129	57
58	126	19
58	100	71
58	108	84
58	77	7
58	99	98
58	72	20
58	141	61
58	64	67
58	81	18
58	75	50
58	156	74
58	105	16
58	118	31
58	66	97
58	114	76
58	110	15
58	127	46
58	158	17
58	152	70
58	145	39
58	71	78
58	136	43
58	79	19
58	102	76
58	154	39
58	109	14
59	130	26
59	60	87
59	146	55
59	112	49
59	143	68
59	62	68
59	118	44
59	111	37
59	61	74
59	138	59
59	147	36
59	109	77
59	66	41
59	97	95
59	157	26
59	106	26
59	120	92
59	105	76
59	98	75
59	151	53
59	119	51
59	78	27
59	77	95
59	110	65
59	127	88
59	100	6
59	69	33
59	99	73
59	145	51
59	104	35
59	71	17
59	82	65
59	115	20
59	85	73
59	139	8
59	122	17
59	150	49
59	67	78
59	76	12
59	84	85
59	108	52
59	72	16
59	135	10
59	159	77
59	91	28
59	65	65
60	159	35
60	114	64
60	99	18
60	158	19
60	127	63
60	153	53
60	109	80
60	135	38
60	131	10
60	107	8
60	108	46
60	156	30
60	151	65
60	65	30
60	133	58
60	140	49
60	121	90
60	116	20
60	141	79
60	137	46
60	146	67
60	117	6
60	120	13
60	71	51
60	112	87
60	143	53
60	129	79
60	69	23
60	61	10
60	157	86
60	75	80
60	155	50
60	130	67
60	111	8
60	98	73
60	152	62
60	81	28
60	132	20
60	62	65
60	88	62
60	89	30
60	145	10
60	115	50
60	66	98
60	126	87
60	106	93
60	64	17
60	105	75
60	113	46
61	111	90
61	128	30
61	108	90
61	118	21
61	100	7
61	114	64
61	120	31
61	121	9
61	132	81
61	104	50
61	143	89
61	140	98
61	127	80
61	105	13
61	129	86
61	69	77
61	148	88
61	136	81
61	150	28
61	146	64
61	62	22
61	99	75
61	110	29
61	130	61
61	131	37
61	79	35
61	123	72
61	117	66
61	154	66
61	66	71
61	144	31
61	135	53
61	75	7
61	72	60
61	81	17
61	103	43
61	115	10
61	71	12
61	65	63
61	157	96
61	106	29
61	86	53
61	78	62
61	142	80
61	70	72
61	125	13
61	67	18
62	132	39
62	115	39
62	117	45
62	121	13
62	141	55
62	63	62
62	127	38
62	134	62
62	138	53
62	104	92
62	119	97
62	148	95
62	131	26
62	136	93
62	114	75
62	64	74
62	126	98
62	71	92
62	130	89
62	72	93
62	140	47
62	69	10
62	103	91
62	74	25
62	124	23
62	68	42
62	152	5
62	118	79
62	109	100
62	111	51
62	156	8
62	66	48
62	129	86
62	86	47
62	79	72
62	155	55
62	135	54
62	75	90
62	81	73
62	145	61
62	120	55
62	107	41
62	89	99
62	123	31
62	142	97
62	125	20
62	101	70
62	80	60
63	115	5
63	152	10
63	142	70
63	153	67
63	102	45
63	103	37
63	143	80
63	144	38
63	145	24
63	140	42
63	125	55
63	110	50
63	135	62
63	126	30
63	148	38
63	64	76
63	137	87
63	158	96
63	71	94
63	106	47
63	131	9
63	68	80
63	149	26
63	151	21
63	120	77
63	155	70
63	133	84
63	139	42
63	159	75
63	128	43
63	73	34
63	130	88
63	154	47
63	85	99
63	104	50
63	114	53
63	78	22
63	116	63
63	117	27
63	79	69
63	150	32
63	122	36
63	109	29
63	105	96
63	108	70
63	112	91
63	91	78
63	121	95
64	105	36
64	139	79
64	153	20
64	132	7
64	156	20
64	67	49
64	146	93
64	128	27
64	111	97
64	144	81
64	136	70
64	115	90
64	77	26
64	130	81
64	78	94
64	124	77
64	150	59
64	135	5
64	68	83
64	118	40
64	108	65
64	126	65
64	83	78
64	114	38
64	102	43
64	129	93
64	148	95
64	155	41
64	154	75
64	72	28
64	93	93
64	138	62
64	107	96
64	141	83
64	65	92
64	96	99
64	74	29
64	121	32
64	71	48
64	159	62
64	103	84
64	84	66
64	89	93
64	113	33
64	142	69
64	116	40
64	145	19
65	122	52
65	107	65
65	156	12
65	121	51
65	155	91
65	143	72
65	134	9
65	105	95
65	120	48
65	157	16
65	144	62
65	147	97
65	119	49
65	127	52
65	145	53
65	108	29
65	132	57
65	66	69
65	135	46
65	125	62
65	142	90
65	106	92
65	151	16
65	159	53
65	110	75
65	138	82
65	78	40
65	128	98
65	83	90
65	73	50
65	129	83
65	153	44
65	67	53
65	112	62
65	113	75
65	79	52
65	89	62
65	140	72
65	114	75
65	71	47
65	118	46
65	126	23
65	149	91
65	124	53
65	146	20
65	152	47
65	137	25
65	133	98
65	141	68
65	139	95
66	127	54
66	136	24
66	159	67
66	107	10
66	139	30
66	116	25
66	121	19
66	128	63
66	71	81
66	150	52
66	104	32
66	70	51
66	151	61
66	158	65
66	68	44
66	146	91
66	106	8
66	131	39
66	72	12
66	115	15
66	73	84
66	113	31
66	140	85
66	85	25
66	109	41
66	133	94
66	81	63
66	142	35
66	75	51
66	67	31
66	88	43
66	122	97
66	74	66
66	129	97
66	135	11
66	152	5
66	82	13
66	90	28
66	78	68
66	120	15
67	157	66
67	145	42
67	158	54
67	147	77
67	124	60
67	143	61
67	105	54
67	136	63
67	118	48
67	108	7
67	131	60
67	125	83
67	129	25
67	137	68
67	77	32
67	156	65
67	70	62
67	127	54
67	150	35
67	128	50
67	113	96
67	142	80
67	112	64
67	139	49
67	79	89
67	133	31
67	126	94
67	134	58
67	109	51
67	138	43
67	71	58
67	82	34
67	68	59
67	144	15
67	115	61
67	69	21
67	73	84
67	152	57
67	90	13
67	96	90
67	93	23
67	97	7
67	146	17
67	81	82
67	98	67
67	85	12
67	75	91
67	121	29
67	101	7
67	78	67
67	87	72
67	104	45
68	144	63
68	130	52
68	147	87
68	69	49
68	109	13
68	148	36
68	134	50
68	122	12
68	126	86
68	142	35
68	149	62
68	157	10
68	114	99
68	73	43
68	156	19
68	75	45
68	106	54
68	111	46
68	154	28
68	140	15
68	80	33
68	83	28
68	71	88
68	113	76
68	158	41
68	79	78
68	107	89
68	89	24
68	117	55
68	81	8
68	127	45
68	88	97
68	112	82
68	76	17
68	128	33
68	143	36
68	129	89
68	92	73
68	70	47
68	151	56
68	115	74
68	93	64
68	91	78
68	74	77
68	95	62
68	78	27
68	150	22
69	129	45
69	144	80
69	113	65
69	125	39
69	142	94
69	152	18
69	132	41
69	137	29
69	138	14
69	140	96
69	154	76
69	114	62
69	117	74
69	120	74
69	143	62
69	107	100
69	155	9
69	108	91
69	135	85
69	72	58
69	150	22
69	124	48
69	76	91
69	151	68
69	146	58
69	149	20
69	119	45
69	79	77
69	85	59
69	121	45
69	115	17
69	122	35
69	141	92
69	112	95
69	93	71
69	71	27
69	130	44
69	127	92
69	74	54
69	128	41
69	99	14
69	133	26
69	73	73
69	96	76
69	70	41
69	92	38
69	139	45
69	89	84
70	146	43
70	112	7
70	157	79
70	140	14
70	130	34
70	118	22
70	141	29
70	114	59
70	135	32
70	76	11
70	74	9
70	154	85
70	151	35
70	145	97
70	72	35
70	159	71
70	126	87
70	84	90
70	83	95
70	139	47
70	116	38
70	81	10
70	115	12
70	75	21
70	138	36
70	73	55
70	134	100
70	158	15
70	142	10
70	150	49
70	71	26
70	147	88
70	79	72
70	87	25
70	121	57
70	156	21
70	143	42
70	91	67
70	155	20
70	132	58
70	110	15
70	128	53
70	149	40
70	102	24
70	82	81
70	100	23
70	131	47
70	137	88
70	105	64
70	104	47
71	142	47
71	126	20
71	119	91
71	136	65
71	140	27
71	72	72
71	122	21
71	149	25
71	150	68
71	113	67
71	139	45
71	152	66
71	154	42
71	134	96
71	157	10
71	144	11
71	112	49
71	82	57
71	87	98
71	146	37
71	115	86
71	79	78
71	118	59
71	88	47
71	78	85
71	151	89
71	93	58
71	123	88
71	80	31
71	110	31
71	138	58
71	97	61
71	125	96
71	155	37
71	89	77
71	94	21
71	153	41
71	85	75
71	103	16
71	83	73
71	130	93
71	104	64
72	148	52
72	111	37
72	116	39
72	119	83
72	123	9
72	126	86
72	74	56
72	149	86
72	129	65
72	139	83
72	128	80
72	138	15
72	121	61
72	143	61
72	134	11
72	142	26
72	85	50
72	81	13
72	78	42
72	82	26
72	155	36
72	159	81
72	156	81
72	137	43
72	87	8
72	132	17
72	94	39
72	150	100
72	86	22
72	80	50
72	144	86
72	75	35
72	151	53
72	96	62
72	153	77
72	90	47
72	157	30
72	112	100
72	105	25
72	88	90
72	83	18
72	98	76
73	120	62
73	144	65
73	139	12
73	146	63
73	128	58
73	133	73
73	113	35
73	130	11
73	124	88
73	80	19
73	136	60
73	138	8
73	112	44
73	127	70
73	78	79
73	157	28
73	154	35
73	134	93
73	81	95
73	148	67
73	147	97
73	123	31
73	76	11
73	116	14
73	156	77
73	77	20
73	155	47
73	132	96
73	141	34
73	159	25
73	149	16
73	89	63
73	96	81
73	97	30
73	135	32
73	143	47
73	142	29
73	117	38
73	131	96
73	84	74
73	125	100
73	79	54
74	148	65
74	118	57
74	156	38
74	150	94
74	132	77
74	121	73
74	122	98
74	128	53
74	151	52
74	112	71
74	75	16
74	84	39
74	131	43
74	149	55
74	79	88
74	114	41
74	123	94
74	130	53
74	120	40
74	88	22
74	155	17
74	119	91
74	145	55
74	116	88
74	124	10
74	80	50
74	143	65
74	133	39
74	94	25
74	135	55
74	147	27
74	126	69
74	144	11
74	103	69
74	97	12
74	76	64
74	136	35
74	102	91
74	134	6
74	158	15
74	141	52
75	134	63
75	141	38
75	144	60
75	155	7
75	142	30
75	115	24
75	157	7
75	77	89
75	146	53
75	80	92
75	137	98
75	159	73
75	116	38
75	124	26
75	154	91
75	118	86
75	86	47
75	83	57
75	150	29
75	119	53
75	156	71
75	123	69
75	129	83
75	138	92
75	158	80
75	125	65
75	92	83
75	120	50
75	88	11
75	131	41
75	87	37
75	151	73
75	117	49
75	139	40
75	94	63
75	126	19
75	147	60
75	132	24
75	79	16
75	105	81
75	100	95
75	106	43
76	124	57
76	134	69
76	118	16
76	151	47
76	79	7
76	145	31
76	127	81
76	125	82
76	130	28
76	147	17
76	144	39
76	126	64
76	115	42
76	135	99
76	131	13
76	129	63
76	139	79
76	94	19
76	138	99
76	155	84
76	87	70
76	120	91
76	146	12
76	96	44
76	81	28
76	116	27
76	152	86
76	86	47
76	133	92
76	123	96
76	98	24
76	88	66
76	93	82
76	104	44
76	154	32
76	103	52
76	114	17
77	142	96
77	123	57
77	141	72
77	153	77
77	129	80
77	119	89
77	132	85
77	121	96
77	130	32
77	131	7
77	87	13
77	155	99
77	78	20
77	144	87
77	137	20
77	89	36
77	136	22
77	143	37
77	134	22
77	157	67
77	96	55
77	138	10
77	126	19
77	154	16
77	81	79
77	122	42
77	98	42
77	135	79
77	124	94
77	91	12
77	133	67
77	103	42
77	158	21
77	88	15
77	152	47
77	85	64
77	99	48
77	120	15
77	146	56
78	144	63
78	129	77
78	138	99
78	140	83
78	127	8
78	149	57
78	145	81
78	121	71
78	80	51
78	137	44
78	118	37
78	120	81
78	84	27
78	157	82
78	119	53
78	122	29
78	88	6
78	148	54
78	139	51
78	123	23
78	155	91
78	146	20
78	117	68
78	79	19
78	125	66
78	101	6
78	152	59
78	142	35
78	81	77
78	92	31
78	105	45
78	131	65
78	95	8
78	135	23
78	99	23
78	110	38
78	150	21
78	89	93
79	124	16
79	159	74
79	133	51
79	123	18
79	147	55
79	122	9
79	118	22
79	127	83
79	117	47
79	157	58
79	130	89
79	151	74
79	87	60
79	85	38
79	121	50
79	134	83
79	125	65
79	145	8
79	131	31
79	89	16
79	135	70
79	95	24
79	88	68
79	93	70
79	146	51
79	99	52
79	119	27
79	154	29
79	84	70
79	86	53
79	83	82
79	155	66
79	138	65
79	81	38
79	105	33
79	109	40
79	107	55
79	90	8
79	153	76
79	115	64
80	155	83
80	125	26
80	83	34
80	147	39
80	150	58
80	87	70
80	126	39
80	127	24
80	145	98
80	94	90
80	86	40
80	149	23
80	92	20
80	99	81
80	121	60
80	97	11
80	118	58
80	82	40
80	138	28
80	96	76
80	129	12
80	157	40
80	102	25
80	137	28
80	89	50
80	103	70
80	105	91
81	121	14
81	137	58
81	136	32
81	140	49
81	122	73
81	138	89
81	135	37
81	146	34
81	134	5
81	86	91
81	82	95
81	132	35
81	149	60
81	88	74
81	87	79
81	144	99
81	143	61
81	100	75
81	101	39
81	95	27
81	119	100
81	125	80
81	104	9
81	93	65
81	108	96
81	154	55
81	124	7
81	89	98
81	109	66
82	139	19
82	134	50
82	147	38
82	133	12
82	153	73
82	149	77
82	155	29
82	120	97
82	151	74
82	146	85
82	88	72
82	150	65
82	132	86
82	144	32
82	156	56
82	128	53
82	131	61
82	96	85
82	90	59
82	130	62
82	109	90
82	102	21
82	87	67
82	158	18
82	99	17
82	125	86
82	142	40
82	137	86
82	112	46
82	143	61
82	105	82
82	100	22
82	101	75
82	113	50
82	129	7
82	141	58
83	122	93
83	124	38
83	84	81
83	129	30
83	85	20
83	152	44
83	148	14
83	123	46
83	125	45
83	136	67
83	138	13
83	87	91
83	95	81
83	121	56
83	132	48
83	126	23
83	134	8
83	143	11
83	97	45
83	157	62
83	158	57
83	135	74
83	153	64
83	140	65
83	98	27
83	100	23
83	137	52
83	107	85
83	90	92
83	142	99
83	127	22
83	159	43
83	106	9
83	145	70
83	94	6
84	142	78
84	151	20
84	135	79
84	147	61
84	126	24
84	86	15
84	134	41
84	129	94
84	93	68
84	157	86
84	122	46
84	100	40
84	96	44
84	89	55
84	124	85
84	87	22
84	136	85
84	140	49
84	138	8
84	103	87
84	97	72
84	154	61
84	156	58
84	85	60
84	112	96
84	133	79
84	114	56
84	115	61
84	104	13
84	128	72
84	144	19
84	91	46
84	132	51
84	131	42
84	145	89
84	119	89
85	132	87
85	145	16
85	143	60
85	152	30
85	128	47
85	136	10
85	144	55
85	155	74
85	158	52
85	154	62
85	151	13
85	138	76
85	125	12
85	91	67
85	130	40
85	141	11
85	149	11
85	159	50
85	126	64
85	150	81
85	156	70
85	107	48
85	106	48
85	86	75
85	139	63
85	99	89
85	140	86
85	129	82
85	120	97
86	135	88
86	136	94
86	156	94
86	159	66
86	152	56
86	134	13
86	89	16
86	140	25
86	90	82
86	155	40
86	154	98
86	124	57
86	88	48
86	133	22
86	153	16
86	157	24
86	96	17
86	125	24
86	128	16
86	145	91
86	148	49
86	101	93
86	126	56
86	147	97
86	137	27
86	158	84
86	143	51
86	104	21
86	95	6
86	103	69
86	118	41
86	87	25
86	97	51
86	102	33
86	129	38
86	130	28
87	125	75
87	135	39
87	133	75
87	139	83
87	131	13
87	128	69
87	148	83
87	92	99
87	150	53
87	155	75
87	143	85
87	138	41
87	129	29
87	127	35
87	146	22
87	101	36
87	104	21
87	102	75
87	152	29
87	96	16
87	145	10
87	137	37
87	134	24
87	98	51
87	89	78
87	95	37
87	159	64
87	94	34
87	147	13
87	158	47
87	112	57
87	130	32
87	154	74
87	109	27
87	100	51
87	140	19
87	113	52
87	142	44
87	151	92
87	144	76
87	123	25
88	158	43
88	155	61
88	151	64
88	157	90
88	129	13
88	90	79
88	137	90
88	141	35
88	128	90
88	144	47
88	150	55
88	96	61
88	133	73
88	146	7
88	143	13
88	159	16
88	138	79
88	105	33
88	130	92
88	94	46
88	136	41
88	92	44
88	126	15
88	135	32
88	149	93
88	89	100
88	116	8
88	91	7
88	139	59
88	115	31
88	102	51
88	110	20
89	134	79
89	158	77
89	139	57
89	153	15
89	96	16
89	133	69
89	132	15
89	127	81
89	131	34
89	155	98
89	143	47
89	93	94
89	144	74
89	102	97
89	135	49
89	107	47
89	159	9
89	141	88
89	140	84
89	108	77
89	109	27
89	145	34
89	146	64
89	103	21
89	137	46
89	106	21
89	98	74
89	119	27
89	130	80
89	94	58
89	142	96
90	131	66
90	152	46
90	147	12
90	132	35
90	153	84
90	143	87
90	140	45
90	135	74
90	156	9
90	144	56
90	136	11
90	92	80
90	138	83
90	159	54
90	141	80
90	95	26
90	98	59
90	155	21
90	103	27
90	128	76
90	94	91
90	109	32
90	96	33
90	118	37
90	110	20
90	91	65
90	120	72
90	107	45
90	119	98
91	145	5
91	134	78
91	159	49
91	132	82
91	133	31
91	99	34
91	143	55
91	151	30
91	136	69
91	150	9
91	101	66
91	103	79
91	158	38
91	94	44
91	131	82
91	142	89
91	112	34
91	152	8
91	92	19
91	104	34
91	95	41
91	137	49
91	107	95
91	119	50
91	157	92
91	113	68
91	135	17
91	140	100
92	145	44
92	136	35
92	138	43
92	148	40
92	131	80
92	157	10
92	141	68
92	142	8
92	97	43
92	101	90
92	139	56
92	94	5
92	93	84
92	153	86
92	98	30
92	159	31
92	106	75
92	102	71
92	132	85
92	155	68
92	147	97
92	107	93
92	133	98
92	137	77
92	95	14
92	109	87
92	118	46
92	146	9
92	144	51
92	123	91
92	156	41
92	96	64
92	108	60
92	126	31
92	140	93
93	144	21
93	141	70
93	142	42
93	146	8
93	131	65
93	150	96
93	135	67
93	98	17
93	143	20
93	134	25
93	157	81
93	148	69
93	147	52
93	136	94
93	105	10
93	149	36
93	159	83
93	95	42
93	140	28
93	111	23
93	145	87
93	103	25
93	101	27
93	154	36
93	155	31
93	117	78
93	132	21
93	151	6
93	100	49
93	108	7
93	133	33
93	120	92
94	150	17
94	139	50
94	151	73
94	148	57
94	154	44
94	140	17
94	98	98
94	104	22
94	146	61
94	102	31
94	132	93
94	152	7
94	97	28
94	111	34
94	137	26
94	147	15
94	134	9
94	100	52
94	96	31
94	122	9
94	116	97
94	117	72
94	133	44
94	118	97
94	125	66
95	144	9
95	142	20
95	97	35
95	146	57
95	137	32
95	154	37
95	153	82
95	157	48
95	100	39
95	155	80
95	105	8
95	141	88
95	148	78
95	101	49
95	96	30
95	111	11
95	139	47
95	149	60
95	158	39
95	107	35
95	109	74
95	113	54
95	98	62
95	103	98
95	133	44
95	102	86
95	112	20
95	138	21
95	126	21
95	124	30
95	106	90
95	116	55
96	137	41
96	150	14
96	155	60
96	152	73
96	156	95
96	145	69
96	158	36
96	159	78
96	153	47
96	138	53
96	101	34
96	109	93
96	104	42
96	111	80
96	146	75
96	136	84
96	142	71
96	116	24
96	103	56
96	113	15
96	105	77
96	99	79
96	143	32
96	121	85
96	123	98
96	112	83
96	118	29
96	141	57
96	128	47
96	148	25
96	149	15
97	143	89
97	137	92
97	139	62
97	141	30
97	99	13
97	149	26
97	135	10
97	104	15
97	103	69
97	111	27
97	110	74
97	146	60
97	147	43
97	105	87
97	100	10
97	144	72
97	155	57
97	114	49
97	150	59
97	152	62
97	101	48
97	98	48
97	142	86
97	117	16
97	107	77
98	155	54
98	158	73
98	152	81
98	138	55
98	153	37
98	106	62
98	146	24
98	137	15
98	145	99
98	114	84
98	156	29
98	116	48
98	101	32
98	108	17
98	141	62
98	159	50
98	102	25
98	105	85
98	113	67
98	154	68
98	104	15
98	123	75
98	139	39
98	157	36
99	159	98
99	137	51
99	150	99
99	105	18
99	106	98
99	147	11
99	144	81
99	154	13
99	158	56
99	109	20
99	138	13
99	146	100
99	104	42
99	116	11
99	122	89
99	103	56
99	108	18
99	124	26
99	125	97
99	110	45
99	119	43
99	111	75
99	148	9
99	121	70
99	128	22
99	155	73
99	157	95
100	140	7
100	149	19
100	147	27
100	159	80
100	145	16
100	141	19
100	143	9
100	148	41
100	108	71
100	157	40
100	103	88
100	117	22
100	151	15
100	104	88
100	156	14
100	110	36
100	101	76
100	118	30
100	106	99
100	158	23
100	109	88
100	146	59
100	124	69
100	119	95
100	127	61
100	128	13
100	115	93
101	156	18
101	145	61
101	104	88
101	146	90
101	153	78
101	155	54
101	109	55
101	141	41
101	152	30
101	143	99
101	108	15
101	142	88
101	148	23
101	106	20
101	107	98
101	102	10
101	157	49
101	111	88
101	158	74
101	159	87
101	118	78
101	139	45
101	105	32
101	140	40
101	114	64
101	154	41
101	112	72
101	120	49
101	151	71
102	140	57
102	149	83
102	151	28
102	145	32
102	159	70
102	147	27
102	150	59
102	106	83
102	153	19
102	116	44
102	103	28
102	112	99
102	156	33
102	109	44
102	152	37
102	141	37
102	105	97
102	123	46
102	157	76
102	107	6
102	104	44
102	125	24
102	119	28
102	143	35
102	154	41
102	148	46
102	120	26
102	129	82
103	104	56
103	153	29
103	152	66
103	158	26
103	155	36
103	151	60
103	110	85
103	105	87
103	107	87
103	142	31
103	147	60
103	141	30
103	143	29
103	149	32
103	106	82
103	121	79
103	145	9
103	126	90
103	159	43
103	156	42
103	157	24
103	122	96
103	109	87
103	118	25
103	129	91
103	125	35
103	120	89
103	127	77
103	108	26
104	154	45
104	159	91
104	152	18
104	158	96
104	155	22
104	118	49
104	109	8
104	108	43
104	123	22
104	156	97
104	153	13
104	142	56
104	146	44
104	144	91
104	114	80
104	110	89
104	107	18
104	150	57
104	125	88
104	149	99
104	126	54
104	119	75
105	159	77
105	157	89
105	156	17
105	155	27
105	106	16
105	149	38
105	152	9
105	109	47
105	118	52
105	147	21
105	144	33
105	110	28
105	113	87
105	124	19
105	143	95
105	123	34
105	146	71
105	137	94
105	141	61
106	146	22
106	150	59
106	107	17
106	151	72
106	108	91
106	109	48
106	157	28
106	117	92
106	123	28
106	124	91
106	147	30
106	127	61
106	156	47
106	129	59
106	121	24
106	159	54
106	137	65
106	118	17
106	110	79
106	126	53
107	108	9
107	111	43
107	152	20
107	149	76
107	146	39
107	158	68
107	116	69
107	112	78
107	120	36
107	153	74
107	126	64
107	154	26
107	150	97
107	131	61
107	119	67
107	148	83
107	136	55
107	109	31
107	113	46
107	115	68
107	117	67
108	149	37
108	159	34
108	154	99
108	158	83
108	156	11
108	157	23
108	114	64
108	152	23
108	109	32
108	118	95
108	122	19
108	127	43
108	148	75
108	147	29
108	128	79
108	113	13
108	131	56
108	112	6
108	150	90
108	138	71
109	149	34
109	152	96
109	150	23
109	122	31
109	119	94
109	113	80
109	116	60
109	125	53
109	123	26
109	111	56
109	118	41
109	158	73
109	115	86
109	147	54
109	148	32
109	112	35
109	155	6
109	133	99
109	114	72
110	156	43
110	154	22
110	117	94
110	113	69
110	111	72
110	114	63
110	148	99
110	112	32
110	115	43
110	126	82
110	153	80
110	151	88
110	125	30
110	149	25
110	132	25
110	127	64
110	157	17
110	131	58
110	134	25
110	119	5
110	121	31
110	144	40
111	154	51
111	149	61
111	151	6
111	159	96
111	158	98
111	124	35
111	116	9
111	123	56
111	156	87
111	112	87
111	114	93
111	122	36
111	131	76
111	127	72
111	117	30
111	113	84
111	129	74
111	120	34
111	136	11
112	153	68
112	114	21
112	151	55
112	120	28
112	119	36
112	154	34
112	158	71
112	117	43
112	118	91
112	126	76
112	129	41
112	128	40
112	144	29
112	132	15
113	155	52
113	127	83
113	158	14
113	119	33
113	157	57
113	116	69
113	151	50
113	129	29
113	135	59
113	138	56
113	152	87
113	142	87
113	156	57
113	134	36
113	143	37
113	126	82
113	124	41
113	131	39
113	132	17
114	154	52
114	159	33
114	122	74
114	125	9
114	157	64
114	124	35
114	133	72
114	115	32
114	118	28
114	131	46
114	153	70
114	141	53
114	132	24
114	120	51
114	130	63
114	158	24
114	127	51
114	145	80
114	126	47
114	147	53
115	158	27
115	159	63
115	124	62
115	130	10
115	121	81
115	118	50
115	139	48
115	140	17
115	157	99
115	134	41
115	144	20
115	122	19
115	141	32
116	158	61
116	156	76
116	120	52
116	157	98
116	159	69
116	126	86
116	128	74
116	133	7
116	136	21
116	132	68
116	138	10
116	141	61
116	155	69
116	127	97
116	124	51
116	145	51
116	118	60
117	156	91
117	120	45
117	123	59
117	157	75
117	127	42
117	132	74
117	124	21
117	125	90
117	155	45
117	144	89
117	133	67
117	134	74
117	137	27
117	119	32
117	152	71
118	157	72
118	156	7
118	128	43
118	124	82
118	132	53
118	126	39
118	122	27
118	120	5
118	119	96
118	139	97
118	123	92
118	125	20
118	130	16
118	147	96
119	158	91
119	124	97
119	136	82
119	133	47
119	135	76
119	149	78
120	122	13
120	121	7
120	158	65
120	124	10
120	128	49
120	131	41
120	159	68
120	137	90
120	139	76
120	146	60
120	145	61
120	140	39
120	125	90
120	133	90
121	124	39
121	128	36
121	134	20
121	122	10
121	141	44
121	126	81
121	125	75
121	130	12
121	137	12
121	148	48
121	131	84
121	135	45
121	150	43
122	127	12
122	123	94
122	126	64
122	124	81
122	130	65
122	133	100
122	136	92
122	135	100
122	140	96
122	131	40
122	139	90
122	134	77
122	129	67
122	154	50
122	132	27
122	150	53
123	133	69
123	124	45
123	136	62
123	135	91
123	131	60
123	148	52
123	137	46
123	140	78
123	141	63
123	127	52
123	139	10
124	126	49
124	129	55
124	132	17
124	139	93
124	135	95
124	141	94
124	133	62
124	125	80
124	130	60
124	155	9
125	134	85
125	129	36
125	131	6
125	145	12
125	141	92
125	142	87
125	137	52
125	126	97
126	134	85
126	129	64
126	140	33
126	141	41
126	130	49
126	137	35
126	133	40
126	144	38
126	143	54
126	128	46
126	150	66
127	129	66
127	131	75
127	143	22
127	145	31
127	150	52
127	133	74
127	149	9
127	155	18
127	135	99
127	159	61
127	137	29
127	130	7
128	129	8
128	132	50
128	135	80
128	143	30
128	144	38
128	147	66
128	141	75
128	155	69
128	158	42
129	130	80
129	139	31
129	138	28
129	136	27
129	133	62
129	143	87
129	150	9
129	146	96
129	132	68
129	149	8
129	134	21
129	148	63
129	135	48
129	157	97
130	132	65
130	141	5
130	143	79
130	140	7
130	136	28
130	146	53
130	133	99
130	145	44
130	134	40
130	153	97
130	137	99
131	132	91
131	135	97
131	134	55
131	137	7
131	141	29
131	144	83
131	140	83
131	152	71
131	145	71
131	150	89
131	142	88
131	153	60
132	134	60
132	133	17
132	135	77
132	149	92
132	152	97
132	141	62
132	145	58
132	148	50
132	151	32
132	150	68
132	153	71
132	137	79
133	134	7
133	145	63
133	137	17
133	154	75
133	135	18
133	150	71
133	136	79
133	141	20
133	146	82
134	136	19
134	135	44
134	139	49
134	140	21
134	145	90
134	137	61
134	154	72
134	144	71
134	146	93
134	152	13
134	142	18
134	138	80
134	156	17
135	139	77
135	143	41
135	137	21
135	136	5
135	142	13
135	147	72
135	141	24
135	156	99
135	138	46
135	145	57
135	157	75
135	148	70
136	143	15
136	142	98
136	137	32
136	144	87
136	151	7
136	147	70
136	146	16
136	145	80
137	142	83
137	138	43
137	151	54
137	153	69
137	158	90
137	144	30
137	139	41
137	159	19
137	156	37
137	154	72
138	142	78
138	141	86
138	140	91
138	157	98
138	149	67
138	139	33
138	156	28
138	153	54
138	146	45
138	154	50
138	148	31
138	143	26
139	143	21
139	144	31
139	142	32
139	149	35
139	152	97
139	147	48
139	150	87
139	154	86
139	156	85
139	146	96
139	157	62
139	145	16
139	153	52
139	140	44
139	158	36
140	141	60
140	146	87
140	148	84
140	150	10
140	155	20
140	151	55
140	143	51
140	144	53
140	149	52
140	159	88
140	158	98
140	152	62
141	142	11
141	157	68
141	148	94
141	143	45
141	146	7
141	154	98
141	147	26
141	155	42
141	153	59
141	152	90
142	150	21
142	147	40
142	144	86
142	154	97
142	157	27
142	146	95
142	156	88
143	153	74
143	156	42
143	148	24
143	151	55
143	144	75
143	149	36
143	150	63
143	154	46
144	147	53
144	145	99
144	153	59
144	152	5
144	149	40
144	155	71
144	159	88
144	150	63
144	154	32
144	158	55
145	149	12
145	148	17
145	153	75
145	155	87
145	156	5
145	154	70
146	147	28
146	153	87
146	155	80
146	156	12
146	149	21
146	152	49
147	149	62
147	152	10
147	148	11
147	156	47
147	150	53
147	154	69
147	157	66
148	149	96
148	151	68
148	152	73
149	150	20
149	154	95
149	152	41
149	157	50
149	151	87
149	156	79
149	155	31
150	151	56
150	157	65
150	159	20
150	153	9
150	158	49
151	152	29
151	156	31
151	154	43
151	157	12
151	158	83
151	155	81
152	157	87
152	153	47
153	154	72
153	155	37
153	159	12
154	157	51
154	156	29
155	159	31
155	156	89
155	157	46
156	159	30
156	158	89
156	157	17
157	158	43
157	159	65
