NAME: W_SPARSE_180_36
n: 180
m: 3240
0	109	89
0	1	51
0	144	41
0	115	56
0	142	25
0	156	79
0	35	87
0	33	66
0	79	24
0	129	15
0	108	58
0	145	52
0	75	35
0	116	98
0	146	10
0	84	28
0	69	34
0	96	98
0	54	30
0	25	41
0	41	64
0	61	30
0	76	29
0	22	43
0	19	50
0	56	16
0	60	30
0	6	50
0	3	77
0	155	21
0	2	84
0	174	49
0	158	52
0	70	16
0	134	70
0	159	17
0	49	52
0	164	44
0	37	44
1	149	44
1	132	46
1	89	10
1	117	31
1	77	64
1	158	22
1	155	30
1	61	98
1	75	60
1	52	83
1	69	44
1	6	34
1	44	52
1	100	38
1	103	97
1	51	19
1	140	48
1	143	18
1	36	47
1	172	8
1	124	10
1	39	73
1	54	10
1	59	80
1	174	11
1	34	68
1	122	45
1	135	79
1	66	54
1	115	51
1	9	38
2	48	94
2	101	63
2	145	90
2	50	40
2	143	11
2	103	68
2	157	97
2	60	88
2	54	82
2	128	20
2	123	22
2	72	62
2	10	48
2	3	28
2	32	26
2	65	56
2	81	11
2	129	32
2	172	83
2	8	44
2	66	64
2	57	31
2	71	71
2	141	12
2	118	65
2	7	61
2	21	77
2	22	60
2	42	27
2	62	72
2	121	28
2	64	69
2	23	50
2	154	27
3	82	10
3	94	23
3	37	96
3	51	79
3	140	48
3	26	60
3	148	93
3	162	40
3	106	49
3	117	50
3	111	93
3	121	63
3	163	6
3	77	58
3	64	75
3	45	61
3	108	70
3	128	58
3	8	20
3	131	79
3	78	100
3	79	14
3	97	81
3	133	83
3	58	37
3	126	10
3	15	48
3	35	21
3	11	12
3	23	89
3	72	28
3	34	20
3	44	59
3	68	47
3	74	79
3	95	41
3	138	86
3	156	27
4	88	77
4	140	7
4	145	43
4	158	91
4	109	98
4	115	68
4	70	21
4	59	38
4	127	86
4	68	12
4	32	73
4	110	33
4	131	64
4	67	86
4	78	87
4	132	60
4	149	69
4	108	10
4	151	42
4	155	98
4	113	57
4	147	77
4	5	81
4	172	56
4	43	46
4	162	49
4	178	10
4	90	35
4	82	76
5	60	27
5	35	30
5	128	45
5	137	14
5	110	51
5	34	69
5	117	85
5	145	59
5	119	80
5	111	22
5	159	8
5	103	89
5	98	28
5	44	96
5	114	73
5	64	90
5	126	36
5	80	17
5	32	87
5	14	98
5	56	27
5	15	17
5	33	74
5	67	69
5	89	27
5	46	41
5	85	16
5	155	99
5	38	30
5	116	14
5	123	54
5	140	63
5	16	76
5	36	81
5	129	77
5	41	60
5	96	38
5	142	30
5	153	12
5	27	21
5	18	84
5	77	10
5	121	32
6	150	42
6	41	10
6	115	57
6	27	96
6	122	90
6	59	100
6	151	95
6	87	42
6	33	56
6	111	44
6	138	21
6	64	98
6	108	17
6	37	33
6	107	42
6	45	88
6	78	34
6	142	91
6	125	22
6	156	52
6	84	96
6	69	86
6	39	92
6	68	84
6	167	68
6	36	16
6	89	27
6	171	9
6	35	52
6	49	16
7	60	70
7	46	37
7	106	74
7	80	31
7	130	51
7	52	24
7	55	89
7	104	99
7	156	76
7	58	8
7	150	28
7	138	12
7	127	15
7	82	15
7	108	17
7	151	19
7	33	15
7	28	99
7	137	24
7	161	34
7	87	7
7	39	30
7	118	67
7	103	78
7	146	25
7	69	26
7	166	87
7	165	74
7	15	17
7	158	99
7	157	51
7	124	24
7	95	83
7	86	56
7	83	55
7	47	76
7	84	51
8	88	87
8	87	82
8	53	13
8	77	27
8	39	35
8	91	60
8	50	47
8	128	87
8	115	16
8	131	6
8	30	98
8	95	25
8	126	78
8	136	80
8	142	86
8	78	80
8	153	71
8	135	72
8	133	20
8	36	67
8	46	88
8	159	11
8	59	89
8	70	28
8	144	65
8	15	37
8	119	65
8	74	66
8	56	7
8	10	60
8	146	19
8	55	35
8	83	26
8	99	96
9	74	15
9	42	48
9	58	51
9	91	11
9	165	13
9	31	66
9	39	92
9	119	63
9	158	58
9	142	10
9	108	18
9	114	77
9	90	93
9	167	8
9	35	11
9	59	82
9	78	84
9	117	86
9	85	65
9	48	62
9	106	46
9	178	89
9	105	63
9	134	99
9	12	47
9	97	41
9	179	23
9	73	9
9	30	63
9	13	62
9	98	11
9	124	15
9	150	33
9	71	9
9	40	72
9	69	16
9	52	60
9	133	57
9	160	44
10	58	75
10	73	29
10	165	77
10	127	37
10	112	10
10	36	43
10	129	31
10	128	67
10	98	95
10	34	89
10	136	61
10	40	54
10	92	93
10	125	99
10	97	97
10	31	81
10	120	26
10	85	41
10	35	66
10	96	12
10	50	9
10	164	99
10	133	41
10	103	98
10	162	43
10	54	84
10	149	19
10	144	45
10	170	61
10	138	59
10	14	87
10	108	85
10	101	9
10	26	91
10	57	50
10	94	87
10	111	66
11	143	59
11	53	50
11	47	74
11	76	52
11	129	14
11	69	18
11	160	99
11	164	10
11	148	90
11	37	45
11	104	59
11	130	70
11	92	14
11	113	81
11	152	29
11	30	12
11	161	59
11	18	38
11	35	12
11	46	96
11	52	30
11	142	93
11	158	76
11	70	14
11	14	21
11	98	45
11	124	92
11	42	80
11	125	52
11	120	28
11	24	52
11	71	57
11	43	57
11	95	61
11	96	31
11	163	68
12	145	40
12	163	18
12	42	85
12	124	30
12	83	31
12	109	47
12	129	68
12	108	34
12	88	33
12	154	27
12	40	94
12	73	95
12	106	86
12	169	19
12	122	20
12	51	29
12	165	21
12	75	8
12	53	94
12	101	46
12	149	50
12	58	95
12	80	99
12	150	55
12	55	14
12	91	16
12	49	93
12	112	73
12	18	50
12	148	34
12	153	95
12	85	52
12	172	44
12	114	13
12	107	38
12	177	18
12	23	23
12	142	91
13	126	79
13	61	24
13	108	80
13	162	92
13	114	20
13	65	32
13	135	81
13	149	56
13	91	69
13	156	15
13	132	75
13	52	81
13	136	44
13	173	68
13	64	13
13	83	43
13	68	85
13	104	14
13	137	89
13	37	64
13	164	8
13	90	38
13	123	36
13	87	23
13	25	83
13	119	94
13	59	6
13	116	37
13	21	12
13	73	84
13	93	97
13	51	85
13	29	75
14	51	11
14	98	34
14	168	56
14	121	99
14	126	28
14	167	40
14	135	53
14	127	66
14	97	85
14	171	91
14	35	16
14	138	85
14	149	7
14	134	15
14	42	76
14	84	58
14	95	87
14	86	40
14	81	90
14	119	16
14	44	48
14	41	14
14	72	25
14	79	33
14	145	20
14	89	88
14	90	28
14	91	21
14	85	81
14	106	13
14	77	79
14	114	77
14	144	23
14	48	65
14	70	29
14	158	58
15	155	79
15	175	28
15	127	51
15	79	61
15	58	54
15	122	32
15	173	10
15	103	47
15	153	22
15	139	35
15	45	61
15	54	51
15	81	66
15	149	73
15	154	58
15	133	72
15	38	32
15	91	80
15	82	79
15	61	68
15	16	85
15	47	5
15	115	54
15	128	81
15	65	65
15	152	65
15	150	54
15	162	7
15	66	81
15	67	35
15	100	53
15	160	11
15	46	61
15	75	49
16	166	23
16	58	88
16	39	6
16	110	85
16	54	50
16	96	98
16	167	11
16	52	34
16	40	52
16	50	9
16	146	86
16	49	34
16	63	9
16	169	76
16	56	20
16	86	90
16	70	68
16	48	28
16	42	13
16	38	9
16	65	37
16	148	42
16	104	100
16	98	77
16	80	16
16	149	75
16	45	71
16	108	98
16	35	80
16	158	52
16	154	39
16	155	22
17	99	77
17	81	7
17	94	57
17	176	94
17	46	88
17	60	95
17	103	38
17	140	51
17	114	92
17	118	30
17	96	18
17	106	24
17	121	26
17	122	28
17	143	85
17	145	28
17	164	73
17	41	20
17	43	58
17	25	45
17	160	31
17	57	14
17	56	95
17	149	45
17	42	58
17	71	82
17	83	81
17	53	40
17	31	53
17	167	6
17	177	75
17	86	55
17	146	54
17	155	56
17	59	17
17	44	72
18	134	10
18	86	46
18	149	98
18	109	45
18	82	14
18	65	67
18	140	93
18	113	73
18	83	80
18	164	9
18	125	51
18	52	50
18	50	9
18	117	67
18	39	62
18	172	60
18	78	14
18	53	17
18	90	100
18	137	44
18	147	98
18	88	21
18	104	38
18	144	43
18	69	88
18	170	64
18	28	35
18	20	79
18	26	6
18	56	53
18	141	80
18	40	25
18	93	19
18	138	93
18	46	9
19	147	73
19	134	36
19	89	24
19	67	12
19	107	21
19	22	48
19	117	75
19	20	87
19	130	97
19	178	94
19	129	44
19	24	76
19	170	92
19	115	19
19	111	75
19	148	90
19	135	32
19	172	78
19	76	89
19	141	20
19	72	6
19	95	8
19	96	34
19	105	79
19	143	41
19	145	96
19	163	25
19	28	57
19	34	39
19	136	47
19	85	78
19	80	45
19	142	7
19	128	86
20	78	69
20	172	39
20	128	57
20	122	97
20	61	72
20	67	22
20	45	100
20	143	9
20	49	15
20	129	94
20	95	72
20	97	76
20	175	96
20	85	34
20	62	90
20	170	96
20	99	89
20	29	62
20	59	56
20	155	67
20	179	86
20	115	54
20	24	43
20	41	8
20	57	50
20	91	74
20	23	51
20	121	52
20	132	88
20	161	22
21	49	49
21	83	28
21	85	39
21	176	95
21	42	31
21	70	69
21	142	19
21	41	35
21	130	85
21	150	28
21	72	35
21	71	10
21	25	96
21	78	97
21	175	58
21	109	45
21	160	11
21	153	99
21	145	41
21	99	53
21	103	30
21	169	28
21	80	50
21	125	15
21	141	10
21	171	64
21	126	82
21	94	69
21	121	81
21	116	61
21	64	6
21	144	17
21	179	27
21	155	95
21	88	42
21	101	52
21	177	87
21	76	85
21	95	96
21	113	47
22	170	33
22	46	70
22	84	29
22	146	88
22	72	15
22	138	37
22	130	25
22	66	36
22	65	70
22	135	95
22	83	35
22	70	38
22	53	9
22	166	42
22	113	79
22	31	39
22	153	45
22	87	82
22	75	16
22	50	64
22	131	31
22	121	74
22	88	26
22	120	43
22	96	93
22	42	82
22	157	48
22	30	99
22	149	59
22	68	77
23	128	28
23	148	83
23	159	88
23	74	77
23	85	14
23	81	37
23	145	36
23	68	9
23	109	65
23	155	80
23	166	48
23	116	43
23	69	77
23	140	35
23	59	72
23	30	100
23	84	94
23	89	76
23	82	84
23	105	75
23	29	69
23	168	68
23	125	80
23	60	42
23	39	9
24	144	25
24	70	81
24	125	62
24	141	67
24	160	35
24	153	23
24	86	23
24	99	82
24	151	97
24	89	79
24	147	96
24	170	19
24	149	74
24	53	93
24	116	69
24	173	18
24	29	14
24	56	33
24	66	37
24	121	99
24	159	20
24	76	55
24	61	66
24	168	78
24	69	8
24	63	66
24	104	14
24	105	57
24	140	27
24	43	84
24	45	12
24	178	61
24	110	48
24	154	14
24	74	88
24	167	28
25	140	89
25	150	81
25	102	97
25	66	100
25	51	81
25	75	40
25	162	47
25	47	44
25	105	81
25	174	77
25	59	20
25	131	76
25	87	69
25	46	50
25	171	49
25	130	44
25	155	49
25	79	97
25	35	75
25	144	76
25	85	99
25	169	35
25	161	15
25	139	55
25	165	28
25	179	80
25	31	75
25	115	86
25	160	56
25	58	82
25	62	56
25	65	59
25	114	80
25	49	6
25	69	17
25	88	34
25	96	87
26	82	55
26	164	26
26	61	26
26	97	71
26	170	79
26	153	61
26	79	15
26	123	34
26	160	26
26	77	10
26	96	47
26	142	32
26	168	59
26	176	75
26	122	40
26	116	24
26	120	81
26	151	71
26	94	99
26	115	77
26	167	10
26	55	11
26	62	20
26	99	25
26	86	65
26	138	36
26	121	61
26	92	74
26	102	43
26	175	56
26	141	66
26	54	57
26	111	38
26	129	85
26	64	83
26	136	36
26	32	65
26	81	86
27	110	76
27	55	38
27	71	93
27	28	36
27	85	35
27	136	65
27	135	48
27	73	39
27	70	52
27	58	39
27	132	49
27	46	8
27	101	8
27	129	72
27	147	79
27	166	65
27	52	30
27	69	35
27	105	48
27	153	71
27	99	53
27	34	18
27	76	92
27	98	38
27	31	12
27	117	72
27	113	10
27	146	8
27	92	91
27	161	13
27	79	18
27	94	88
27	67	40
28	72	76
28	123	43
28	71	84
28	154	12
28	122	9
28	165	5
28	125	64
28	69	6
28	61	70
28	118	58
28	146	98
28	92	46
28	83	94
28	162	13
28	166	16
28	93	36
28	109	56
28	173	21
28	78	75
28	35	5
28	179	80
28	153	12
28	50	43
28	149	34
28	81	45
28	168	99
28	152	17
28	68	55
28	155	59
28	64	87
28	117	50
29	115	57
29	56	79
29	77	62
29	131	8
29	148	93
29	58	48
29	178	77
29	121	55
29	71	76
29	113	73
29	135	68
29	130	93
29	110	24
29	51	60
29	70	98
29	103	72
29	93	12
29	151	74
29	150	86
29	66	98
29	143	79
29	128	88
29	48	76
29	33	78
29	94	80
29	138	8
29	162	71
29	32	36
29	40	32
29	59	22
29	152	82
29	170	66
29	54	87
29	173	32
30	76	59
30	31	89
30	161	29
30	164	70
30	56	74
30	65	81
30	71	80
30	80	83
30	59	61
30	87	49
30	108	94
30	93	45
30	156	92
30	136	9
30	157	77
30	149	71
30	139	32
30	72	69
30	113	50
30	163	44
30	124	49
30	134	97
30	66	16
30	142	29
30	51	69
30	169	40
30	95	33
30	104	54
30	54	71
30	41	65
30	37	87
31	163	44
31	159	34
31	50	73
31	126	6
31	120	28
31	95	91
31	35	75
31	75	9
31	34	9
31	165	39
31	172	57
31	86	87
31	161	84
31	176	18
31	103	74
31	97	72
31	56	74
31	179	23
31	129	32
31	60	52
31	72	66
31	51	94
31	154	74
31	43	37
31	54	30
32	129	94
32	169	67
32	156	69
32	158	70
32	135	100
32	73	88
32	114	27
32	139	7
32	155	10
32	77	56
32	86	68
32	116	95
32	141	86
32	152	22
32	150	46
32	165	22
32	117	51
32	69	45
32	125	81
32	63	10
32	87	85
32	146	78
32	84	70
32	154	28
32	36	86
32	159	86
32	78	24
32	113	39
32	97	10
32	51	67
33	174	14
33	133	87
33	70	28
33	149	94
33	132	29
33	131	44
33	156	50
33	157	100
33	37	88
33	95	69
33	68	28
33	139	87
33	109	11
33	107	89
33	57	18
33	80	39
33	143	76
33	147	28
33	56	32
33	127	96
33	159	96
33	67	70
33	124	86
33	100	24
33	106	37
33	121	11
33	125	30
33	113	96
33	91	16
33	82	16
33	86	7
33	58	68
34	125	8
34	172	56
34	177	78
34	108	98
34	101	95
34	128	56
34	94	76
34	123	61
34	69	40
34	134	51
34	37	10
34	71	84
34	106	37
34	165	89
34	167	34
34	176	12
34	132	74
34	38	78
34	112	10
34	68	43
34	74	27
34	173	11
34	124	21
34	80	78
34	85	66
34	107	44
34	42	81
34	70	29
34	153	91
34	143	76
34	59	36
34	86	35
35	114	91
35	133	30
35	179	86
35	112	9
35	100	80
35	144	8
35	115	14
35	98	47
35	162	11
35	88	93
35	85	36
35	176	41
35	60	7
35	64	58
35	157	54
35	134	90
35	172	89
35	121	82
35	59	33
35	148	40
35	159	42
35	71	76
35	36	25
35	37	60
35	143	24
35	151	26
35	52	30
36	135	23
36	126	49
36	104	54
36	83	86
36	130	71
36	120	24
36	139	75
36	159	12
36	38	64
36	112	61
36	152	48
36	164	97
36	96	88
36	158	60
36	174	70
36	86	88
36	175	30
36	176	51
36	143	88
36	40	66
36	49	93
36	100	13
36	111	62
36	55	27
36	95	61
36	125	20
36	56	64
37	109	18
37	172	59
37	115	85
37	140	80
37	165	86
37	171	10
37	169	77
37	167	80
37	130	85
37	133	10
37	162	15
37	63	51
37	62	74
37	104	24
37	41	61
37	118	6
37	170	7
37	134	25
37	106	16
37	101	75
37	152	54
37	166	37
37	175	13
37	96	43
37	173	69
37	72	70
37	119	72
37	141	13
38	72	46
38	67	52
38	104	91
38	126	75
38	95	73
38	57	80
38	80	54
38	172	30
38	121	14
38	179	80
38	122	15
38	136	14
38	174	91
38	143	52
38	108	43
38	128	73
38	131	67
38	96	12
38	98	69
38	81	16
38	147	74
38	110	73
38	94	62
38	115	38
39	100	51
39	173	74
39	174	18
39	161	80
39	156	90
39	75	10
39	130	57
39	125	21
39	101	99
39	81	90
39	164	88
39	78	67
39	137	64
39	76	60
39	108	11
39	131	89
39	66	18
39	141	28
39	45	29
39	93	82
39	146	67
39	67	45
39	86	98
39	111	80
39	103	86
39	150	71
40	67	43
40	62	66
40	41	20
40	140	88
40	148	38
40	170	67
40	160	66
40	120	20
40	72	31
40	92	6
40	105	11
40	109	35
40	83	52
40	130	53
40	77	32
40	177	18
40	71	14
40	82	79
40	179	7
41	110	60
41	131	82
41	43	37
41	115	67
41	44	68
41	144	68
41	149	32
41	105	92
41	137	10
41	155	9
41	75	89
41	97	32
41	122	69
41	148	62
41	91	83
41	96	81
41	121	71
41	143	20
41	124	78
41	119	73
41	86	59
41	163	80
41	174	77
41	177	89
41	54	44
41	70	84
42	84	43
42	97	89
42	67	76
42	44	36
42	71	51
42	95	31
42	152	5
42	163	100
42	100	48
42	169	97
42	115	47
42	148	8
42	130	55
42	173	80
42	89	82
42	72	64
42	45	75
42	87	87
42	62	75
42	48	33
42	111	92
42	107	42
42	131	11
42	165	14
42	109	40
42	164	23
42	50	21
43	148	24
43	95	28
43	114	76
43	69	84
43	96	6
43	140	54
43	71	69
43	143	39
43	85	57
43	67	55
43	172	19
43	123	71
43	178	43
43	118	81
43	87	51
43	147	71
43	156	86
43	149	66
43	78	65
43	174	41
43	173	22
43	154	64
43	89	100
43	112	41
43	162	34
43	126	32
43	63	74
43	109	51
43	77	98
43	83	79
44	68	49
44	138	7
44	177	31
44	87	82
44	169	16
44	107	96
44	168	45
44	122	87
44	98	31
44	170	47
44	90	66
44	151	75
44	67	93
44	152	81
44	111	81
44	50	21
44	141	13
44	54	72
44	63	19
44	108	55
44	118	12
44	154	16
44	167	9
44	49	52
44	78	74
44	134	24
44	106	17
44	140	21
44	164	75
44	52	33
45	146	87
45	76	95
45	72	76
45	90	80
45	102	44
45	123	46
45	162	42
45	46	15
45	173	38
45	138	57
45	73	39
45	150	43
45	49	31
45	145	64
45	53	15
45	110	70
45	115	90
45	51	20
45	157	80
45	113	60
45	136	30
45	131	83
45	177	55
45	101	54
45	80	71
45	160	30
45	57	29
45	169	72
45	141	21
45	178	19
46	124	91
46	135	95
46	151	29
46	90	69
46	76	71
46	103	69
46	117	67
46	177	46
46	50	29
46	47	62
46	66	70
46	110	54
46	171	84
46	164	62
46	146	87
46	88	40
46	159	23
46	68	83
46	79	44
46	96	42
46	105	26
46	125	47
46	143	10
46	148	52
46	129	100
46	175	95
46	72	81
47	152	63
47	161	83
47	99	48
47	118	32
47	95	95
47	105	25
47	74	28
47	87	88
47	157	11
47	113	85
47	115	33
47	114	37
47	73	36
47	50	56
47	163	25
47	100	28
47	109	91
47	132	23
47	97	73
47	90	96
47	160	66
47	123	12
47	130	22
47	120	45
47	169	76
48	143	12
48	99	15
48	105	11
48	125	50
48	71	93
48	116	34
48	152	27
48	142	10
48	84	93
48	147	29
48	73	83
48	86	57
48	124	61
48	169	48
48	102	18
48	129	47
48	107	61
48	122	44
48	70	46
48	88	59
48	157	48
48	110	43
48	100	86
48	109	87
48	58	76
48	167	70
48	123	79
48	128	48
49	96	76
49	146	99
49	92	9
49	122	10
49	123	9
49	52	99
49	98	87
49	159	11
49	173	18
49	151	97
49	112	78
49	127	62
49	170	23
49	117	91
49	162	99
49	69	6
49	150	54
49	106	99
49	177	36
49	110	49
49	138	72
49	157	25
49	169	32
49	54	29
49	167	46
49	56	68
49	50	16
50	110	56
50	91	78
50	167	33
50	106	65
50	102	51
50	160	77
50	164	52
50	107	44
50	157	54
50	132	42
50	116	66
50	95	96
50	176	38
50	120	44
50	55	40
50	171	75
50	76	51
50	119	65
50	71	82
50	60	72
50	179	96
50	142	29
50	100	59
50	121	38
51	88	43
51	92	40
51	119	60
51	174	16
51	71	45
51	138	82
51	178	68
51	139	78
51	80	73
51	123	82
51	179	51
51	158	29
51	91	60
51	116	55
51	165	88
51	120	45
51	107	6
51	72	75
51	89	52
51	125	47
51	114	57
52	78	55
52	153	69
52	171	47
52	109	55
52	82	74
52	103	22
52	111	93
52	99	18
52	152	16
52	56	18
52	144	33
52	145	59
52	138	38
52	114	26
52	108	17
52	179	77
52	91	36
52	76	60
52	59	65
52	71	25
52	143	23
52	84	81
52	170	19
52	92	25
52	129	96
52	102	19
52	63	76
52	75	40
53	156	10
53	159	68
53	73	60
53	143	68
53	126	25
53	124	87
53	111	14
53	86	69
53	57	88
53	82	97
53	147	88
53	55	29
53	148	20
53	118	6
53	171	16
53	90	72
53	152	54
53	80	52
53	84	94
53	88	76
53	141	40
53	151	69
53	122	45
53	149	56
53	125	21
53	58	87
53	134	25
53	179	47
53	138	6
53	109	46
53	137	25
53	170	21
54	89	12
54	147	96
54	91	69
54	144	24
54	176	57
54	111	48
54	154	26
54	128	39
54	104	54
54	177	96
54	156	17
54	77	66
54	113	63
54	161	20
54	129	82
54	64	86
54	93	73
54	149	76
54	103	67
54	121	99
54	98	72
54	150	53
54	90	33
54	157	55
55	87	92
55	152	56
55	124	29
55	148	98
55	143	93
55	121	45
55	95	56
55	59	73
55	163	81
55	153	95
55	82	19
55	112	49
55	150	13
55	103	51
55	146	97
55	165	61
55	164	51
55	63	64
55	60	82
55	151	76
55	56	64
55	171	98
55	113	39
56	75	18
56	90	7
56	117	87
56	174	48
56	88	43
56	158	22
56	159	32
56	130	76
56	124	98
56	76	26
56	82	25
56	166	43
56	114	6
56	98	38
56	164	27
56	87	6
56	108	55
56	64	65
56	127	81
56	68	80
56	83	68
57	144	14
57	163	31
57	83	18
57	99	48
57	147	52
57	178	80
57	166	18
57	106	63
57	165	96
57	172	58
57	88	34
57	63	49
57	97	26
57	140	58
57	59	36
57	84	39
57	79	59
57	122	74
57	160	73
57	61	85
57	171	7
57	156	10
57	169	54
57	58	48
57	153	73
57	136	86
58	117	67
58	95	69
58	101	35
58	166	76
58	88	8
58	110	69
58	87	66
58	120	46
58	173	50
58	161	15
58	81	95
58	63	98
58	151	77
58	106	10
58	177	13
58	118	17
58	111	15
58	128	76
58	174	17
58	130	14
58	144	68
58	79	60
58	145	40
59	92	82
59	89	17
59	160	56
59	61	45
59	97	35
59	142	100
59	137	8
59	164	17
59	163	80
59	139	69
59	112	43
59	101	66
59	86	10
59	162	93
59	121	32
59	135	30
59	134	66
59	65	17
59	127	93
59	166	51
60	130	36
60	132	18
60	164	77
60	84	36
60	137	36
60	153	69
60	117	92
60	66	35
60	118	55
60	62	87
60	166	53
60	63	99
60	85	26
60	165	59
60	88	99
60	114	23
60	163	39
60	101	55
60	95	17
60	156	60
60	90	40
60	113	79
60	108	22
60	112	54
60	116	49
60	146	6
60	69	17
60	179	34
60	171	56
61	139	19
61	64	84
61	172	75
61	156	38
61	91	34
61	168	67
61	115	70
61	113	88
61	93	27
61	98	93
61	151	86
61	75	49
61	136	9
61	116	64
61	135	8
61	70	17
61	97	48
61	179	21
61	89	98
62	165	57
62	155	57
62	124	45
62	64	76
62	113	78
62	140	84
62	162	48
62	153	24
62	95	50
62	132	69
62	170	7
62	90	92
62	150	25
62	101	41
62	158	45
62	167	80
62	98	50
62	117	63
62	66	99
62	139	33
63	152	17
63	147	26
63	106	91
63	165	75
63	102	89
63	169	32
63	119	37
63	98	62
63	120	12
63	121	84
63	134	46
63	129	46
63	145	62
63	89	83
63	174	57
63	151	73
63	91	22
63	107	7
63	177	46
63	141	81
63	115	62
63	132	8
63	64	79
63	127	23
63	159	34
63	103	40
63	131	51
64	114	91
64	167	61
64	110	47
64	100	35
64	152	13
64	69	34
64	129	80
64	153	43
64	133	56
64	171	36
64	149	70
64	168	66
64	163	98
64	68	72
64	106	40
64	115	41
64	169	82
64	131	97
64	119	77
64	93	90
64	125	83
65	159	97
65	107	38
65	104	78
65	152	40
65	176	22
65	169	79
65	111	86
65	110	81
65	91	45
65	147	58
65	73	72
65	101	25
65	154	77
65	175	70
65	123	6
65	67	18
65	78	21
65	87	24
65	134	93
65	138	75
65	113	87
65	128	73
65	179	57
66	159	63
66	90	41
66	101	86
66	96	15
66	154	16
66	131	85
66	176	46
66	163	43
66	108	66
66	150	63
66	165	63
66	143	80
66	170	33
66	124	76
66	68	31
66	112	48
66	153	81
66	138	36
66	139	28
66	172	20
67	130	30
67	157	25
67	166	48
67	170	65
67	128	8
67	117	7
67	155	80
67	161	74
67	125	88
67	178	100
67	68	23
67	113	90
67	164	33
67	167	13
67	165	5
67	152	66
67	91	95
67	89	8
67	87	19
67	147	96
67	78	47
67	109	6
67	127	79
67	162	84
68	138	84
68	108	87
68	155	52
68	154	14
68	103	80
68	72	39
68	98	91
68	99	76
68	171	39
68	74	55
68	129	52
68	134	17
68	128	53
68	113	36
68	176	7
68	73	50
68	133	57
68	147	91
68	79	64
68	121	91
68	145	64
68	160	54
68	77	18
68	101	44
68	81	89
68	126	18
68	114	55
68	164	11
69	142	44
69	175	77
69	134	74
69	113	42
69	126	21
69	152	40
69	112	13
69	170	42
69	114	50
69	130	64
69	168	26
69	90	47
69	156	9
69	120	19
69	108	26
69	133	29
69	74	76
69	132	60
69	136	81
69	82	43
69	76	49
69	155	74
69	84	22
69	161	45
70	155	79
70	121	99
70	94	99
70	132	84
70	168	53
70	107	26
70	123	62
70	138	87
70	93	76
70	148	98
70	78	32
70	164	90
70	141	36
70	106	42
71	178	91
71	151	24
71	93	13
71	153	11
71	174	12
71	75	41
71	157	28
71	159	61
71	116	49
71	101	91
71	163	98
71	117	41
71	102	49
71	129	40
71	176	12
71	73	32
71	98	50
71	125	21
71	95	89
71	107	95
71	171	20
71	113	97
71	104	55
71	105	37
71	80	72
71	130	37
71	118	60
72	160	75
72	129	74
72	106	90
72	170	39
72	149	40
72	147	7
72	156	87
72	172	47
72	175	80
72	107	84
72	77	42
72	145	47
72	110	50
72	101	33
72	117	74
72	159	40
72	138	48
72	178	46
72	81	64
72	168	49
72	122	86
72	82	80
72	176	56
72	98	36
72	167	57
72	132	47
73	97	37
73	126	58
73	160	71
73	179	99
73	95	40
73	128	84
73	110	15
73	164	64
73	119	34
73	106	7
73	170	92
73	96	95
73	111	98
73	75	94
73	83	30
73	172	22
73	173	40
73	121	45
73	86	81
73	147	13
73	107	18
74	112	88
74	122	89
74	147	26
74	155	44
74	131	87
74	145	64
74	178	9
74	105	17
74	156	45
74	81	78
74	100	12
74	115	17
74	143	14
74	134	60
74	136	93
74	175	39
74	76	98
74	96	37
74	149	22
74	164	30
74	95	90
74	133	62
74	159	94
74	117	45
74	163	34
74	82	40
75	162	68
75	114	8
75	166	36
75	174	45
75	179	64
75	152	37
75	175	56
75	99	9
75	127	66
75	131	74
75	156	66
75	134	14
75	157	86
75	111	49
75	85	47
75	79	33
75	104	85
75	147	18
75	122	79
75	123	55
76	179	11
76	137	24
76	101	81
76	134	52
76	136	84
76	105	22
76	130	9
76	119	52
76	161	69
76	123	14
76	82	6
76	170	73
76	155	23
76	102	5
76	86	22
76	99	55
76	129	93
77	140	6
77	148	49
77	154	22
77	155	40
77	102	73
77	168	38
77	105	52
77	177	62
77	87	61
77	114	55
77	170	59
77	149	18
77	120	40
77	128	24
77	163	49
77	138	37
77	176	25
78	107	88
78	136	58
78	80	22
78	156	94
78	163	45
78	166	22
78	162	44
78	159	28
78	122	26
78	149	10
78	79	91
78	86	60
78	157	32
78	169	9
78	160	98
78	140	58
78	109	56
78	137	94
78	146	22
78	113	96
78	129	6
79	136	45
79	161	54
79	132	62
79	148	8
79	170	46
79	144	56
79	118	46
79	175	96
79	150	44
79	156	45
79	168	44
79	140	79
79	86	79
79	123	43
79	165	85
79	152	43
79	109	48
79	98	68
80	112	43
80	121	77
80	106	42
80	105	77
80	152	88
80	99	64
80	141	83
80	169	32
80	177	34
80	86	97
80	88	58
80	84	73
80	178	33
80	154	36
80	103	78
80	160	63
80	164	88
80	91	78
80	168	25
80	124	91
80	165	11
80	130	63
81	112	59
81	150	97
81	107	53
81	146	58
81	123	73
81	172	53
81	115	14
81	103	45
81	160	26
81	176	16
81	89	21
81	137	39
81	92	85
81	179	88
81	83	66
81	114	40
81	157	6
82	108	79
82	118	18
82	129	26
82	172	26
82	104	64
82	123	47
82	120	18
82	84	83
82	131	39
82	178	80
82	102	90
82	139	78
82	170	19
82	142	18
82	140	98
82	152	33
82	133	17
83	140	19
83	177	69
83	170	33
83	161	32
83	171	61
83	144	38
83	164	63
83	126	23
83	162	30
83	89	91
83	138	76
83	150	60
83	84	49
83	92	48
83	109	35
83	114	97
84	158	25
84	167	85
84	107	14
84	120	16
84	104	34
84	125	77
84	114	79
84	142	80
84	105	14
84	130	50
84	163	84
84	116	9
84	128	33
84	147	61
84	143	66
84	127	62
84	169	82
84	141	18
84	88	99
84	150	91
84	172	14
84	174	21
84	148	87
84	135	96
85	132	59
85	108	48
85	121	8
85	176	43
85	115	67
85	106	76
85	169	68
85	167	95
85	174	68
85	152	90
85	163	89
85	110	24
85	114	95
85	109	48
85	166	70
85	168	74
85	158	62
85	147	60
85	159	20
86	146	65
86	173	86
86	177	48
86	153	97
86	133	93
86	137	6
86	118	60
86	143	8
86	122	18
86	159	76
86	87	41
86	179	52
86	98	55
86	139	46
87	136	98
87	146	81
87	158	67
87	115	42
87	131	35
87	170	34
87	111	76
87	112	12
87	168	53
87	143	94
87	119	86
87	156	76
87	107	42
87	123	70
87	89	51
87	130	35
87	164	80
87	106	10
87	92	81
87	110	62
87	120	70
87	175	45
87	179	84
88	114	25
88	171	92
88	156	58
88	159	32
88	122	86
88	134	49
88	140	80
88	179	91
88	109	34
88	115	78
88	148	57
88	150	71
88	141	57
88	121	49
88	103	28
88	100	36
88	158	29
88	145	70
88	177	67
89	161	29
89	141	52
89	138	80
89	164	77
89	142	15
89	119	93
89	172	66
89	133	89
89	179	39
89	115	86
89	139	42
89	148	86
89	168	57
89	171	24
89	160	72
89	126	35
89	162	25
89	112	20
89	117	23
89	143	67
89	111	25
89	163	19
89	165	99
89	91	61
89	96	18
90	162	59
90	150	52
90	127	12
90	118	22
90	129	77
90	167	13
90	119	8
90	175	44
90	176	70
90	154	67
90	131	13
90	92	16
90	161	72
90	163	25
90	168	49
90	172	90
90	110	21
90	98	57
90	101	74
90	94	95
90	160	69
90	93	79
91	131	33
91	160	64
91	171	59
91	113	23
91	110	7
91	120	54
91	143	54
91	151	81
91	169	91
91	116	99
91	123	93
91	147	85
91	135	81
91	146	48
92	144	65
92	128	37
92	119	14
92	113	49
92	93	92
92	131	83
92	143	72
92	116	54
92	167	6
92	97	35
92	138	11
92	130	51
92	121	37
92	102	22
93	123	15
93	112	61
93	143	71
93	95	75
93	122	58
93	169	40
93	173	98
93	153	58
93	115	9
93	128	24
93	113	71
93	172	91
93	116	43
93	156	92
93	151	47
93	125	7
93	100	44
93	160	74
93	99	53
93	124	73
93	129	59
93	159	22
94	149	94
94	167	21
94	141	13
94	124	14
94	97	66
94	158	15
94	166	17
94	100	78
94	154	60
94	153	86
94	134	41
94	150	73
94	117	16
94	137	31
94	157	35
94	178	36
94	171	14
94	129	50
94	126	15
94	151	65
94	140	45
94	101	32
95	119	36
95	139	92
95	156	16
95	162	84
95	129	33
95	155	60
95	127	15
95	130	69
95	179	77
95	152	65
95	133	28
95	169	96
95	114	19
95	131	78
95	160	74
95	98	57
95	153	25
95	132	95
95	103	99
95	118	51
95	96	81
95	143	45
95	134	45
95	117	76
96	158	84
96	97	6
96	179	92
96	142	23
96	141	44
96	139	31
96	155	21
96	137	16
96	104	18
96	126	93
96	130	44
96	119	38
96	116	45
96	129	93
96	164	20
96	100	22
96	145	49
96	112	7
96	136	21
96	165	61
96	169	56
96	178	53
97	132	51
97	99	38
97	139	91
97	144	42
97	162	54
97	157	53
97	165	62
97	177	32
97	104	44
97	142	27
97	126	64
97	159	93
97	175	95
97	151	21
97	164	29
97	108	88
98	168	60
98	170	48
98	172	41
98	161	60
98	171	43
98	146	83
98	102	12
98	151	78
98	144	15
98	164	18
98	158	20
98	110	49
98	124	48
98	106	5
98	155	80
99	158	78
99	131	60
99	151	13
99	102	60
99	140	47
99	162	32
99	154	80
99	179	31
99	103	74
99	126	39
99	159	46
99	174	64
99	134	31
99	118	40
99	170	35
99	164	56
100	160	12
100	121	24
100	148	25
100	150	81
100	147	62
100	141	69
100	132	100
100	128	69
100	137	25
100	174	69
100	122	61
100	153	41
100	102	46
100	162	62
100	165	50
100	134	58
100	146	92
100	151	34
101	153	45
101	102	96
101	160	65
101	177	20
101	147	63
101	104	91
101	140	21
101	179	52
101	163	10
101	173	80
101	106	85
101	139	21
101	125	18
101	169	34
101	120	89
101	161	60
101	116	41
101	138	87
102	151	46
102	139	9
102	147	22
102	176	19
102	134	36
102	122	82
102	107	61
102	163	41
102	127	92
102	106	39
102	144	19
102	175	94
102	146	96
102	112	81
102	168	29
102	173	93
102	131	54
102	129	26
102	132	90
102	160	21
102	130	59
102	174	91
103	152	100
103	104	44
103	125	57
103	157	63
103	139	87
103	137	82
103	122	63
103	111	57
103	129	73
103	124	50
103	114	31
103	162	81
103	172	36
103	115	70
104	145	60
104	135	92
104	146	67
104	127	18
104	126	94
104	140	70
104	141	6
104	169	99
104	139	23
104	125	56
104	142	71
104	111	46
104	156	94
104	123	71
104	164	30
104	172	51
104	147	48
104	151	7
105	151	86
105	159	72
105	127	37
105	110	47
105	174	61
105	166	61
105	114	11
105	168	10
105	135	97
105	149	42
105	121	85
105	144	35
106	168	97
106	149	65
106	161	87
106	134	83
106	114	58
106	159	5
106	135	72
106	111	51
106	150	23
106	152	27
107	162	19
107	151	94
107	167	32
107	145	88
107	140	9
107	113	13
107	115	52
107	126	78
107	133	20
107	173	46
107	114	97
107	168	53
107	174	39
107	154	39
107	137	54
107	149	77
107	152	16
107	147	83
107	112	40
108	145	98
108	135	14
108	146	82
108	162	76
108	138	81
108	122	47
108	142	16
108	128	74
109	162	41
109	142	32
109	131	6
109	134	12
109	151	43
109	179	52
109	177	66
109	144	100
109	117	76
109	153	56
109	166	71
109	172	97
109	118	14
109	128	63
110	167	55
110	174	5
110	141	57
110	135	77
110	157	26
110	155	45
110	149	85
110	148	21
110	111	16
110	169	40
110	137	33
110	145	17
110	146	95
110	175	14
110	161	79
110	176	42
110	178	21
110	160	32
111	155	66
111	170	8
111	165	69
111	174	60
111	130	12
111	161	72
111	136	20
111	153	99
112	165	45
112	114	70
112	136	16
112	144	60
112	133	21
112	178	53
112	159	48
112	162	68
112	140	86
112	171	71
113	149	10
113	136	45
113	140	40
113	139	42
113	162	99
113	146	79
113	152	48
113	158	80
113	144	27
113	138	7
113	177	50
113	122	39
114	169	96
114	165	39
114	138	93
114	154	80
114	174	7
114	160	38
114	133	72
114	145	6
114	155	33
114	168	62
114	118	66
114	124	59
114	122	89
114	176	83
114	173	78
114	161	84
115	148	72
115	154	94
115	139	60
115	152	34
115	165	45
115	169	64
115	177	29
115	167	94
115	166	29
115	144	88
116	158	15
116	154	79
116	178	6
116	149	37
116	139	80
116	179	91
116	155	29
116	119	97
116	150	95
116	173	92
116	153	29
116	137	74
116	163	79
116	143	17
116	170	66
116	127	79
116	148	39
116	156	47
116	167	23
117	136	97
117	157	80
117	119	60
117	174	36
117	155	82
117	168	66
117	144	28
117	158	89
117	146	69
117	167	16
117	154	96
118	169	18
118	175	45
118	166	96
118	171	27
118	120	82
118	162	34
118	172	60
118	178	44
118	148	94
118	123	60
118	146	10
118	158	11
118	128	44
118	139	23
118	145	70
118	147	36
118	122	97
119	143	97
119	152	39
119	163	94
119	149	60
119	128	97
119	144	16
119	155	83
119	167	89
119	172	97
119	162	88
119	140	97
120	172	79
120	139	25
120	175	68
120	150	83
120	157	83
120	170	10
120	163	100
120	144	46
120	160	13
120	161	50
120	131	60
120	142	17
120	178	5
120	166	61
120	141	21
120	133	14
121	141	62
121	122	96
121	151	93
121	161	42
121	177	39
121	169	44
121	133	45
122	159	20
122	158	6
122	153	69
122	173	79
122	133	96
122	166	49
122	152	81
122	131	52
122	143	51
122	134	14
122	149	27
123	144	15
123	155	54
123	128	44
123	149	83
123	124	67
123	174	60
123	130	30
123	167	89
123	154	85
124	168	84
124	172	49
124	178	80
124	150	24
124	179	39
124	173	100
124	127	33
124	161	61
124	174	43
124	151	23
124	149	72
124	162	38
125	160	36
125	154	74
125	168	78
125	167	28
125	163	71
125	165	20
125	152	95
125	169	80
125	131	88
125	130	35
125	134	22
126	170	56
126	167	45
126	159	21
126	131	37
126	171	38
126	148	83
126	127	29
126	149	100
126	168	6
127	147	58
127	168	95
127	149	96
127	172	72
127	154	48
127	176	74
127	157	17
127	166	13
127	128	91
127	155	86
127	138	15
127	133	78
128	132	99
128	154	55
128	178	75
128	167	82
128	158	85
128	152	80
128	175	40
128	131	85
129	177	86
129	148	21
129	158	31
129	136	14
129	150	56
129	164	91
129	135	51
129	134	97
129	161	45
130	179	52
130	152	36
130	149	84
130	165	7
130	135	85
130	133	12
130	164	26
130	151	5
130	171	18
131	163	15
131	164	63
131	151	71
131	140	77
131	155	72
131	172	74
131	174	84
131	152	50
131	168	68
132	178	33
132	174	99
132	170	19
132	133	46
132	137	95
132	176	55
132	172	51
133	165	68
133	174	32
133	175	57
133	135	52
133	156	28
133	160	18
133	139	35
133	167	8
133	155	79
134	178	19
134	153	85
134	173	71
134	174	58
134	169	45
134	138	26
134	171	43
134	139	34
134	158	57
135	138	56
135	158	42
135	163	60
135	155	29
135	167	49
135	141	69
135	162	69
135	144	9
136	166	48
136	170	21
136	172	49
136	175	92
136	165	25
136	168	26
136	143	71
136	162	14
136	173	61
136	158	53
136	161	11
136	148	97
137	177	38
137	178	55
137	176	92
137	147	8
137	169	81
137	179	85
137	144	57
137	157	16
137	164	78
137	153	54
138	175	77
138	177	94
138	168	40
138	161	71
138	167	10
138	149	30
138	146	79
138	144	97
138	179	36
139	168	63
140	144	20
140	162	13
140	163	55
140	147	74
140	164	91
141	163	37
141	174	10
141	144	57
141	173	43
141	157	93
141	176	71
142	163	54
142	162	13
142	173	61
142	148	33
142	174	57
142	145	31
142	150	57
142	172	31
143	164	16
143	172	53
143	149	49
143	178	53
143	175	73
143	170	91
143	151	9
144	166	41
144	145	66
144	178	70
145	168	65
145	169	42
145	171	10
145	175	91
145	176	22
145	147	59
145	159	32
146	170	9
146	173	43
146	177	39
146	166	39
146	178	24
146	152	44
146	176	96
146	167	71
146	153	50
147	177	31
147	149	51
147	168	57
147	176	90
147	160	30
147	179	13
148	150	48
148	151	89
148	178	24
149	179	8
149	171	47
149	153	85
149	172	53
149	154	38
150	156	40
150	151	95
150	157	73
150	161	63
150	166	74
151	179	5
151	172	20
151	161	78
151	174	61
151	177	97
152	176	29
152	173	84
152	175	48
153	154	85
153	168	47
153	176	15
154	155	90
154	177	78
154	158	32
154	166	5
156	159	90
156	179	31
156	169	100
157	176	38
158	179	99
158	177	9
158	170	59
159	161	35
159	164	72
159	171	19
159	165	21
160	166	74
160	170	47
161	164	54
161	169	94
162	170	70
163	169	77
163	168	99
163	174	38
164	170	64
165	169	54
166	172	16
167	178	30
168	171	86
168	172	83
169	172	53
169	179	85
169	176	75
170	177	99
171	173	84
171	177	98
173	176	14
