NAME: W_SPARSE_160_80
n: 160
m: 6400
0	65	22
0	111	77
0	115	5
0	116	93
0	77	87
0	96	45
0	91	98
0	87	73
0	1	76
0	72	66
0	119	54
0	90	73
0	103	63
0	118	82
0	88	16
0	153	26
0	9	23
0	46	53
0	69	60
0	108	65
0	51	80
0	52	70
0	49	13
0	64	27
0	75	38
0	159	59
0	95	76
0	112	60
0	158	22
0	67	13
0	66	33
0	41	32
0	97	24
0	145	62
0	12	25
0	105	8
0	154	91
0	81	97
0	17	28
0	2	14
0	58	98
0	156	61
0	85	64
0	149	72
0	19	56
0	11	84
0	71	69
0	24	21
0	109	11
0	89	58
0	83	61
0	135	80
0	137	82
0	147	69
0	26	68
0	107	85
0	3	17
0	74	41
0	113	40
0	143	47
0	55	71
0	53	6
0	10	84
0	45	73
0	57	8
0	150	61
0	56	94
0	93	60
0	100	58
0	82	80
0	13	10
0	80	33
0	94	70
0	32	51
0	33	49
0	21	8
0	28	99
0	36	89
0	131	70
0	138	66
0	151	77
0	47	76
0	43	94
1	94	24
1	116	92
1	54	76
1	42	96
1	75	25
1	74	56
1	93	47
1	99	79
1	70	35
1	117	7
1	60	53
1	90	83
1	104	9
1	111	14
1	4	89
1	79	11
1	73	14
1	88	61
1	97	74
1	112	92
1	120	70
1	53	72
1	50	31
1	98	35
1	68	58
1	80	25
1	157	25
1	115	44
1	107	18
1	156	79
1	109	83
1	114	20
1	100	58
1	2	15
1	149	69
1	119	79
1	14	35
1	10	23
1	71	32
1	103	85
1	96	39
1	142	55
1	62	59
1	105	41
1	147	23
1	76	52
1	91	51
1	11	19
1	26	28
1	63	36
1	81	80
1	95	14
1	86	79
1	7	100
1	158	30
1	151	91
1	59	26
1	89	38
1	44	49
1	29	41
1	13	28
1	77	65
1	85	73
1	141	84
1	106	34
1	8	44
1	12	99
1	113	53
1	118	38
1	34	19
1	17	79
1	51	37
1	129	89
1	101	37
1	33	81
1	82	56
1	136	66
1	146	31
1	30	19
1	15	30
1	154	76
2	50	61
2	76	36
2	71	97
2	60	40
2	94	62
2	57	91
2	100	18
2	49	70
2	116	20
2	48	41
2	7	74
2	54	66
2	106	79
2	99	10
2	117	9
2	109	39
2	58	75
2	83	55
2	155	93
2	45	43
2	68	50
2	13	36
2	6	79
2	87	20
2	86	50
2	4	54
2	43	17
2	95	63
2	67	54
2	73	52
2	66	12
2	115	19
2	119	25
2	79	68
2	108	65
2	143	41
2	112	93
2	104	88
2	55	81
2	5	73
2	52	26
2	150	16
2	72	9
2	77	94
2	148	75
2	70	63
2	118	21
2	159	11
2	3	22
2	102	21
2	105	36
2	78	76
2	89	31
2	157	91
2	14	26
2	131	31
2	132	7
2	56	48
2	114	76
2	74	22
2	38	25
2	25	55
2	142	66
2	110	81
2	11	23
2	80	66
2	128	30
2	139	15
2	146	67
2	32	17
3	90	49
3	119	19
3	73	17
3	87	56
3	51	58
3	99	19
3	4	74
3	101	70
3	50	78
3	91	24
3	76	7
3	74	70
3	82	71
3	75	45
3	10	32
3	70	88
3	155	31
3	102	76
3	117	96
3	62	98
3	71	45
3	154	50
3	79	65
3	61	34
3	8	26
3	44	69
3	63	73
3	150	32
3	111	9
3	67	43
3	57	44
3	7	42
3	45	84
3	114	36
3	145	27
3	103	70
3	105	60
3	158	19
3	153	43
3	85	31
3	93	78
3	23	65
3	54	97
3	112	36
3	20	81
3	49	66
3	65	62
3	109	52
3	152	25
3	48	14
3	81	12
3	135	54
3	64	71
3	142	50
3	69	57
3	96	38
3	25	58
3	28	99
3	115	46
3	144	55
3	22	77
3	35	20
3	37	70
3	47	22
3	94	99
3	26	19
3	92	67
3	100	17
3	16	73
3	148	14
3	88	92
3	151	24
3	134	54
3	78	25
3	40	99
3	132	31
4	45	87
4	61	6
4	57	76
4	87	48
4	91	83
4	104	18
4	109	41
4	48	96
4	98	46
4	74	60
4	78	76
4	5	58
4	79	99
4	82	38
4	7	43
4	60	34
4	112	74
4	122	16
4	102	40
4	58	29
4	89	34
4	69	35
4	93	41
4	70	33
4	11	81
4	64	44
4	10	77
4	116	87
4	17	93
4	50	95
4	6	67
4	117	50
4	121	68
4	63	58
4	99	30
4	15	55
4	146	15
4	147	77
4	66	44
4	23	49
4	158	23
4	52	11
4	47	99
4	108	31
4	97	22
4	103	60
4	120	86
4	16	67
4	88	93
4	51	26
4	111	72
4	77	30
4	123	51
4	106	92
4	18	34
4	157	63
4	20	78
4	149	85
4	53	12
4	119	59
4	143	68
4	59	35
4	113	47
4	134	27
4	56	49
4	139	61
4	138	11
4	140	52
4	105	57
4	84	58
4	80	80
4	150	82
4	34	12
4	92	48
4	26	14
4	135	47
4	22	86
4	67	36
5	75	21
5	99	58
5	114	66
5	71	45
5	112	36
5	116	97
5	65	34
5	69	13
5	10	87
5	120	54
5	77	98
5	97	76
5	55	20
5	74	52
5	49	42
5	105	16
5	88	78
5	121	38
5	90	9
5	56	92
5	81	61
5	111	71
5	118	96
5	79	80
5	119	14
5	47	93
5	153	9
5	68	53
5	83	100
5	95	57
5	91	71
5	19	46
5	9	87
5	67	89
5	17	31
5	24	21
5	22	9
5	144	93
5	86	80
5	146	95
5	150	6
5	157	12
5	27	93
5	149	27
5	59	45
5	30	46
5	60	95
5	16	44
5	64	21
5	85	10
5	28	53
5	76	87
5	154	96
5	62	34
5	58	62
5	73	11
5	159	78
5	139	33
5	78	21
5	7	85
5	8	43
5	103	20
5	158	26
5	52	9
5	141	47
5	15	48
5	21	74
5	35	93
5	156	84
5	54	7
5	13	10
5	96	49
5	155	30
5	32	48
5	124	81
5	50	99
5	137	65
5	108	23
5	26	63
6	111	87
6	112	97
6	96	64
6	105	22
6	66	34
6	63	30
6	64	23
6	67	29
6	103	96
6	62	11
6	52	94
6	113	89
6	58	91
6	123	85
6	9	73
6	47	30
6	57	49
6	87	33
6	110	71
6	122	61
6	10	80
6	75	6
6	124	52
6	116	12
6	94	52
6	77	59
6	84	37
6	153	45
6	14	24
6	73	9
6	91	11
6	151	41
6	90	62
6	152	44
6	53	34
6	7	18
6	100	69
6	148	45
6	55	27
6	86	98
6	102	33
6	157	24
6	81	32
6	74	11
6	15	10
6	108	67
6	69	26
6	143	58
6	144	75
6	25	81
6	17	14
6	158	38
6	21	66
6	24	85
6	18	34
6	101	87
6	140	52
6	82	18
6	121	55
6	27	89
6	79	61
6	89	85
6	115	51
6	125	31
6	36	49
6	12	64
6	35	60
6	31	6
6	49	46
6	141	62
6	149	93
6	98	17
6	13	20
6	50	94
6	104	67
7	74	23
7	71	59
7	97	72
7	82	43
7	86	66
7	118	50
7	76	53
7	51	61
7	62	62
7	121	36
7	122	73
7	117	75
7	52	27
7	14	13
7	48	15
7	16	77
7	94	76
7	60	58
7	119	31
7	19	64
7	79	54
7	78	7
7	109	61
7	158	51
7	67	61
7	63	24
7	116	67
7	151	39
7	157	83
7	15	96
7	50	82
7	124	41
7	100	32
7	53	67
7	81	50
7	68	42
7	106	10
7	107	34
7	149	50
7	90	56
7	30	91
7	27	6
7	75	10
7	80	25
7	96	73
7	111	14
7	101	55
7	143	48
7	147	79
7	142	27
7	24	47
7	91	23
7	26	31
7	83	35
7	98	46
7	93	89
7	114	58
7	104	5
7	65	100
7	84	81
7	155	55
7	28	22
7	87	47
7	92	79
7	134	92
7	141	98
7	32	20
7	37	77
7	43	80
7	150	79
7	12	39
8	97	66
8	84	23
8	103	44
8	67	23
8	118	79
8	52	28
8	126	73
8	102	59
8	72	55
8	79	70
8	122	42
8	77	58
8	14	59
8	50	91
8	57	96
8	59	30
8	91	94
8	61	89
8	104	31
8	121	80
8	9	48
8	93	85
8	16	68
8	69	6
8	62	62
8	127	90
8	10	97
8	123	47
8	81	32
8	51	62
8	56	59
8	78	32
8	83	70
8	22	36
8	60	47
8	68	22
8	49	71
8	24	24
8	109	13
8	82	42
8	20	48
8	53	98
8	11	19
8	15	6
8	54	70
8	74	27
8	76	68
8	116	100
8	23	84
8	95	43
8	110	78
8	96	81
8	73	70
8	27	44
8	101	100
8	65	13
8	144	71
8	120	27
8	158	5
8	17	38
8	107	14
8	92	12
8	86	95
8	75	92
8	37	83
8	154	66
8	42	74
8	12	43
8	39	11
8	105	74
8	133	95
8	125	69
8	151	79
8	152	60
8	38	81
8	46	28
8	114	94
8	142	76
8	140	63
9	104	22
9	69	83
9	79	14
9	109	82
9	76	63
9	54	82
9	52	28
9	72	82
9	120	49
9	75	84
9	12	16
9	124	7
9	122	15
9	102	51
9	113	55
9	55	57
9	17	18
9	53	13
9	97	75
9	58	25
9	105	18
9	86	31
9	82	87
9	66	82
9	92	31
9	96	22
9	89	46
9	74	95
9	128	69
9	87	58
9	112	72
9	114	36
9	13	73
9	111	26
9	123	78
9	81	92
9	14	25
9	10	69
9	27	40
9	100	61
9	110	8
9	70	66
9	23	66
9	103	33
9	26	49
9	77	79
9	56	46
9	145	94
9	34	67
9	144	11
9	85	42
9	59	22
9	28	60
9	156	21
9	15	44
9	99	62
9	83	45
9	25	47
9	125	22
9	31	54
9	21	64
9	149	69
9	11	8
9	95	68
9	116	48
9	127	81
9	121	8
9	140	75
9	30	59
9	91	38
9	84	41
9	138	45
9	152	33
9	151	15
9	73	98
9	24	71
9	118	38
9	51	34
9	94	82
9	37	97
10	81	94
10	90	41
10	61	69
10	94	75
10	113	60
10	116	58
10	66	92
10	97	19
10	123	69
10	65	93
10	73	93
10	80	85
10	127	15
10	58	71
10	82	60
10	55	33
10	115	30
10	93	74
10	69	51
10	89	83
10	107	96
10	99	64
10	17	49
10	124	37
10	70	6
10	20	30
10	106	18
10	125	42
10	96	13
10	104	93
10	111	65
10	14	51
10	78	17
10	52	29
10	88	96
10	77	94
10	57	34
10	112	43
10	109	67
10	119	39
10	51	32
10	12	99
10	24	61
10	79	94
10	101	22
10	83	88
10	60	49
10	87	83
10	26	66
10	35	84
10	62	36
10	145	88
10	13	27
10	120	94
10	98	6
10	151	29
10	31	56
10	39	86
10	15	94
10	33	96
10	150	13
10	67	92
10	37	46
10	30	72
10	76	68
10	122	86
10	137	60
10	63	28
10	149	36
10	155	16
10	142	53
10	27	95
10	59	52
10	105	40
10	42	54
10	139	6
11	62	37
11	60	28
11	85	61
11	107	13
11	130	99
11	125	22
11	84	96
11	54	23
11	115	90
11	56	37
11	63	97
11	111	68
11	68	13
11	120	95
11	93	93
11	100	44
11	102	55
11	109	68
11	75	87
11	76	98
11	81	63
11	113	50
11	13	32
11	77	97
11	103	43
11	52	84
11	122	17
11	158	76
11	83	88
11	92	7
11	26	93
11	18	35
11	64	29
11	118	93
11	88	43
11	65	77
11	79	15
11	124	20
11	29	32
11	72	80
11	154	92
11	15	44
11	98	89
11	27	35
11	101	27
11	119	31
11	14	5
11	110	26
11	66	75
11	25	16
11	153	58
11	128	37
11	70	51
11	37	7
11	67	14
11	159	59
11	82	48
11	73	79
11	20	62
11	89	53
11	23	80
11	86	73
11	146	71
11	69	82
11	53	20
11	104	97
11	90	51
11	33	62
11	133	85
11	71	19
11	42	70
11	17	13
12	53	90
12	61	100
12	78	83
12	130	59
12	103	9
12	65	83
12	117	8
12	56	74
12	115	72
12	99	99
12	62	9
12	128	65
12	114	97
12	77	73
12	92	95
12	105	79
12	15	8
12	110	14
12	102	100
12	14	79
12	107	32
12	113	89
12	98	14
12	71	99
12	111	88
12	108	30
12	96	9
12	104	74
12	126	45
12	87	59
12	64	41
12	84	92
12	83	29
12	122	53
12	157	83
12	100	17
12	25	44
12	123	87
12	29	85
12	81	59
12	82	13
12	18	45
12	76	54
12	95	61
12	152	30
12	90	15
12	24	9
12	33	81
12	73	12
12	63	14
12	23	75
12	88	57
12	116	45
12	146	27
12	38	69
12	17	22
12	30	61
12	66	79
12	159	81
12	142	97
12	16	79
12	149	62
12	21	70
12	125	81
12	19	72
12	74	70
12	158	84
12	97	67
12	127	64
12	45	38
12	85	64
12	138	55
12	101	42
12	86	55
12	134	88
12	136	88
12	118	89
13	54	39
13	80	66
13	114	14
13	118	88
13	58	54
13	64	77
13	77	27
13	14	15
13	83	6
13	111	42
13	88	82
13	55	79
13	59	86
13	74	91
13	87	24
13	82	32
13	100	71
13	93	98
13	84	98
13	97	87
13	113	55
13	20	96
13	72	52
13	16	56
13	65	49
13	106	95
13	86	21
13	92	10
13	90	35
13	85	15
13	131	90
13	69	57
13	21	74
13	98	97
13	62	12
13	103	68
13	18	39
13	117	33
13	108	42
13	25	52
13	31	26
13	61	36
13	76	43
13	148	17
13	32	33
13	129	73
13	79	98
13	152	7
13	122	47
13	39	28
13	159	65
13	78	9
13	67	22
13	38	64
13	28	70
13	17	46
13	42	85
13	115	78
13	141	36
13	57	5
13	120	35
13	19	75
13	46	7
13	73	76
13	126	99
13	33	67
13	135	36
13	68	84
13	150	7
14	125	13
14	119	74
14	58	80
14	73	81
14	93	28
14	122	78
14	130	60
14	96	70
14	64	80
14	90	61
14	81	15
14	127	34
14	133	59
14	102	26
14	91	17
14	114	58
14	112	39
14	129	73
14	120	32
14	72	21
14	15	90
14	87	46
14	94	67
14	18	46
14	22	37
14	89	77
14	104	53
14	70	27
14	82	64
14	30	38
14	17	40
14	111	35
14	117	46
14	69	59
14	26	61
14	98	97
14	121	10
14	67	98
14	83	7
14	86	49
14	128	55
14	63	85
14	132	6
14	62	81
14	88	55
14	80	6
14	151	50
14	115	35
14	108	45
14	150	72
14	33	27
14	31	58
14	110	45
14	38	21
14	36	26
14	124	89
14	84	98
14	34	42
14	55	21
14	145	37
14	23	82
14	106	81
14	143	52
14	154	77
14	100	84
14	139	15
14	158	23
14	131	96
14	48	56
14	44	79
15	92	90
15	70	81
15	117	17
15	88	51
15	84	59
15	62	63
15	129	91
15	124	89
15	83	90
15	91	55
15	80	100
15	81	12
15	118	44
15	133	11
15	60	61
15	131	65
15	65	73
15	22	90
15	61	43
15	110	91
15	21	38
15	95	73
15	108	51
15	75	99
15	82	55
15	56	19
15	119	51
15	59	98
15	101	12
15	128	98
15	125	84
15	64	31
15	132	86
15	111	29
15	89	19
15	103	19
15	122	83
15	63	12
15	104	27
15	29	76
15	116	93
15	20	31
15	90	75
15	85	44
15	158	89
15	26	12
15	36	40
15	19	21
15	150	24
15	67	25
15	25	31
15	78	97
15	155	17
15	86	77
15	148	21
15	112	76
15	24	33
15	37	62
15	99	14
15	35	38
15	109	8
15	32	83
15	134	10
15	153	50
15	107	93
15	130	98
15	46	35
15	93	49
15	154	54
15	28	55
15	146	74
15	79	95
15	39	60
15	71	57
15	120	32
16	71	47
16	83	58
16	96	25
16	64	87
16	59	30
16	118	76
16	126	68
16	106	10
16	84	43
16	125	40
16	112	63
16	105	99
16	58	59
16	18	71
16	100	52
16	67	26
16	90	42
16	119	67
16	80	13
16	111	29
16	23	43
16	68	18
16	70	99
16	62	41
16	121	79
16	89	55
16	117	19
16	122	42
16	77	84
16	97	29
16	21	92
16	92	77
16	17	75
16	108	19
16	101	35
16	81	23
16	157	16
16	98	49
16	99	24
16	114	38
16	135	13
16	63	66
16	29	15
16	127	9
16	32	87
16	86	52
16	28	91
16	131	78
16	152	26
16	88	15
16	156	62
16	159	52
16	69	65
16	107	26
16	134	64
16	148	23
16	24	88
16	61	72
16	39	32
16	78	17
16	19	47
16	44	79
16	150	32
16	49	53
16	40	85
16	123	93
16	116	37
16	26	6
16	149	74
16	41	90
16	140	86
16	82	81
16	42	82
16	158	7
16	87	93
16	46	45
17	60	41
17	95	9
17	83	61
17	92	51
17	70	64
17	128	31
17	19	15
17	82	30
17	107	23
17	77	15
17	123	81
17	90	93
17	116	33
17	68	72
17	76	65
17	89	57
17	106	60
17	121	89
17	135	91
17	117	21
17	119	77
17	26	26
17	73	62
17	88	29
17	129	47
17	24	88
17	72	67
17	63	85
17	87	86
17	127	12
17	67	77
17	96	67
17	113	41
17	130	91
17	122	91
17	114	99
17	71	90
17	22	86
17	58	88
17	126	80
17	30	47
17	32	88
17	136	72
17	79	66
17	91	48
17	86	29
17	109	54
17	101	91
17	41	86
17	84	5
17	134	25
17	152	62
17	31	16
17	100	40
17	149	46
17	133	14
17	151	73
17	148	57
17	155	6
17	99	64
17	93	46
17	69	67
17	75	52
17	50	51
17	62	18
17	28	42
17	125	55
17	150	21
17	157	79
17	29	20
17	40	49
17	102	70
17	21	54
18	77	15
18	136	70
18	93	14
18	90	80
18	84	59
18	134	56
18	22	97
18	85	22
18	68	71
18	100	76
18	112	74
18	131	74
18	72	69
18	114	59
18	123	68
18	81	42
18	63	32
18	67	84
18	127	45
18	21	49
18	118	25
18	124	70
18	25	56
18	73	15
18	96	59
18	71	42
18	65	48
18	92	14
18	107	65
18	74	20
18	62	43
18	102	55
18	64	88
18	33	82
18	79	23
18	30	28
18	76	16
18	82	68
18	70	20
18	120	79
18	23	44
18	31	96
18	80	13
18	34	85
18	121	40
18	115	36
18	110	38
18	156	64
18	97	71
18	66	54
18	95	33
18	154	29
18	19	75
18	40	54
18	132	57
18	109	25
18	153	32
18	133	57
18	150	89
18	116	32
18	37	11
18	43	100
18	137	5
18	44	77
18	24	53
18	89	22
18	75	72
18	147	9
18	146	74
18	86	69
18	144	61
18	103	73
18	29	93
18	88	56
19	64	43
19	101	8
19	60	84
19	107	7
19	89	94
19	131	92
19	102	23
19	136	31
19	110	97
19	63	81
19	26	5
19	70	43
19	79	34
19	119	58
19	97	87
19	29	46
19	127	26
19	96	27
19	69	79
19	21	43
19	28	12
19	73	72
19	121	44
19	66	80
19	78	33
19	103	30
19	27	18
19	93	13
19	117	94
19	128	10
19	74	12
19	80	30
19	91	30
19	125	21
19	126	33
19	35	96
19	40	27
19	113	60
19	36	18
19	20	80
19	34	96
19	42	92
19	44	94
19	120	81
19	41	52
19	109	16
19	43	79
19	130	72
19	154	33
19	22	19
19	138	49
19	98	50
19	108	55
19	122	16
19	116	23
19	77	19
19	85	45
19	46	20
19	53	58
19	84	66
19	55	43
19	157	90
19	151	97
19	148	60
19	156	82
19	67	47
20	120	68
20	93	67
20	102	35
20	22	99
20	108	54
20	123	71
20	131	36
20	129	88
20	72	81
20	101	64
20	97	74
20	132	85
20	79	63
20	21	86
20	25	45
20	98	57
20	117	48
20	125	85
20	82	17
20	69	38
20	114	13
20	122	95
20	95	81
20	116	23
20	100	27
20	71	37
20	105	23
20	76	94
20	107	86
20	80	35
20	88	50
20	32	82
20	136	9
20	126	18
20	112	37
20	106	24
20	74	65
20	115	29
20	91	28
20	41	20
20	134	61
20	110	67
20	83	11
20	94	20
20	159	56
20	87	79
20	66	11
20	109	81
20	34	74
20	70	7
20	29	36
20	23	89
20	155	99
20	64	94
20	135	60
20	37	26
20	89	42
20	44	43
20	49	84
20	152	68
20	81	89
20	65	87
20	46	73
20	151	90
20	150	52
20	119	16
20	40	69
20	104	37
20	137	63
20	58	64
20	57	42
20	47	23
21	123	43
21	90	76
21	69	46
21	122	64
21	85	69
21	105	64
21	114	48
21	121	62
21	97	99
21	117	90
21	73	80
21	76	85
21	113	25
21	126	70
21	115	64
21	137	64
21	87	48
21	133	76
21	63	58
21	139	39
21	86	12
21	112	75
21	81	58
21	29	63
21	108	29
21	136	51
21	72	43
21	83	22
21	124	98
21	33	77
21	32	61
21	80	55
21	88	82
21	127	90
21	131	63
21	93	79
21	74	40
21	109	77
21	27	46
21	34	72
21	99	16
21	65	76
21	39	28
21	30	89
21	70	59
21	135	48
21	106	25
21	101	91
21	128	17
21	91	65
21	68	51
21	26	38
21	95	69
21	36	37
21	40	8
21	103	71
21	150	27
21	77	15
21	67	65
21	25	75
21	118	84
21	23	26
21	24	60
21	54	66
21	138	54
21	58	56
21	134	63
22	107	65
22	94	56
22	100	99
22	121	18
22	137	26
22	111	96
22	120	5
22	135	96
22	66	81
22	64	70
22	127	100
22	117	83
22	78	47
22	27	90
22	68	49
22	76	35
22	141	60
22	98	32
22	86	23
22	30	12
22	103	90
22	85	94
22	82	44
22	139	51
22	132	44
22	38	85
22	125	63
22	84	84
22	123	93
22	115	27
22	35	78
22	95	98
22	110	99
22	108	80
22	102	52
22	46	70
22	81	88
22	83	66
22	70	63
22	77	14
22	138	94
22	119	34
22	75	51
22	43	16
22	88	43
22	112	59
22	136	34
22	92	75
22	34	69
22	109	78
22	26	66
22	104	30
22	122	21
22	50	48
22	37	95
22	72	46
22	40	68
22	159	23
22	130	86
22	47	95
22	39	26
22	32	31
22	29	38
22	97	7
22	152	96
23	72	8
23	108	40
23	124	15
23	95	99
23	103	100
23	104	89
23	85	5
23	67	96
23	73	40
23	84	73
23	140	16
23	97	98
23	116	62
23	81	55
23	120	44
23	131	79
23	123	87
23	117	32
23	142	19
23	70	49
23	113	80
23	88	24
23	125	59
23	134	34
23	139	62
23	87	42
23	129	22
23	121	49
23	34	62
23	102	96
23	80	89
23	79	47
23	90	82
23	96	91
23	66	40
23	128	48
23	93	18
23	83	84
23	39	75
23	33	17
23	24	42
23	135	30
23	118	31
23	127	55
23	115	56
23	43	85
23	122	70
23	91	42
23	51	66
23	29	79
23	30	79
23	45	72
23	110	26
23	74	9
23	27	15
23	50	29
23	111	6
23	99	61
23	31	9
23	76	78
23	137	87
23	107	9
23	130	65
23	49	93
23	141	9
23	58	49
23	132	58
23	56	89
23	77	45
23	47	52
23	155	93
24	131	21
24	65	28
24	107	68
24	116	85
24	118	19
24	140	94
24	104	8
24	130	39
24	137	67
24	117	16
24	143	38
24	83	30
24	85	33
24	84	64
24	87	84
24	100	6
24	90	36
24	80	59
24	94	39
24	91	92
24	30	93
24	121	95
24	128	43
24	33	12
24	114	51
24	139	56
24	111	95
24	86	68
24	98	53
24	110	65
24	67	14
24	28	62
24	120	29
24	93	21
24	92	94
24	112	73
24	31	77
24	138	70
24	76	35
24	37	62
24	124	66
24	122	72
24	45	82
24	46	26
24	69	64
24	127	5
24	79	61
24	35	32
24	119	12
24	108	57
24	136	9
24	38	37
24	103	94
24	43	84
24	141	40
24	153	97
24	102	55
24	105	20
24	51	14
24	77	29
24	82	41
24	57	98
24	101	76
24	151	54
24	155	82
24	42	36
24	134	100
25	70	44
25	102	92
25	98	38
25	99	80
25	112	60
25	85	70
25	107	56
25	91	45
25	120	39
25	139	62
25	124	92
25	109	22
25	105	6
25	27	29
25	66	9
25	78	58
25	81	78
25	94	30
25	71	74
25	142	52
25	83	63
25	86	9
25	134	29
25	100	84
25	137	96
25	144	68
25	123	25
25	115	76
25	77	16
25	135	64
25	131	81
25	87	21
25	43	64
25	80	33
25	39	83
25	69	94
25	67	36
25	48	42
25	117	11
25	121	88
25	29	62
25	97	39
25	36	9
25	116	17
25	158	51
25	127	18
25	74	74
25	79	40
25	103	30
25	130	27
25	104	84
25	57	57
25	119	7
25	96	55
25	128	94
25	82	19
25	34	97
25	155	34
25	150	81
25	118	52
25	55	33
25	141	75
25	37	56
26	121	78
26	27	53
26	123	32
26	104	31
26	130	11
26	136	16
26	134	52
26	81	56
26	77	72
26	110	77
26	131	39
26	143	84
26	87	24
26	111	47
26	98	85
26	112	48
26	35	54
26	91	86
26	33	89
26	30	24
26	36	57
26	107	85
26	117	26
26	73	52
26	141	31
26	115	14
26	69	93
26	89	78
26	31	75
26	71	86
26	116	39
26	100	16
26	90	51
26	83	11
26	80	13
26	78	47
26	113	18
26	122	64
26	97	98
26	72	24
26	40	42
26	124	62
26	125	10
26	119	34
26	68	75
26	103	36
26	76	66
26	44	95
26	70	93
26	82	92
26	92	78
26	53	90
26	102	9
26	38	47
26	75	17
26	42	24
26	159	94
26	138	44
26	32	45
26	139	64
26	45	17
26	52	49
26	55	56
26	153	38
26	47	33
26	54	66
26	37	53
27	77	77
27	88	28
27	141	55
27	125	73
27	138	72
27	79	77
27	121	14
27	87	79
27	132	58
27	140	68
27	108	31
27	124	32
27	71	81
27	28	81
27	102	21
27	105	36
27	107	68
27	145	18
27	34	65
27	89	98
27	123	21
27	128	36
27	136	41
27	133	79
27	90	64
27	118	23
27	81	74
27	69	47
27	144	16
27	146	79
27	103	65
27	93	33
27	96	17
27	119	76
27	126	74
27	68	33
27	33	43
27	42	90
27	117	76
27	91	74
27	130	79
27	40	51
27	94	48
27	92	46
27	97	66
27	83	70
27	134	54
27	72	6
27	50	9
27	41	13
27	78	10
27	32	97
27	47	94
27	101	55
27	98	10
27	76	85
27	158	72
27	84	26
27	29	82
27	74	64
27	153	46
27	51	73
27	159	65
27	54	78
27	151	47
28	73	48
28	87	77
28	102	59
28	109	49
28	104	47
28	97	52
28	92	42
28	79	90
28	30	39
28	85	43
28	136	16
28	69	47
28	93	24
28	138	49
28	144	85
28	131	57
28	35	28
28	31	61
28	34	27
28	100	13
28	137	37
28	76	60
28	99	9
28	37	71
28	124	71
28	42	56
28	38	45
28	70	16
28	90	87
28	29	64
28	94	10
28	84	6
28	116	89
28	107	48
28	143	19
28	71	75
28	119	81
28	130	16
28	129	96
28	112	49
28	88	86
28	108	70
28	141	75
28	78	9
28	75	17
28	132	86
28	105	67
28	118	58
28	122	22
28	61	46
28	52	41
28	41	38
28	83	5
28	126	97
28	74	70
28	123	15
28	115	55
28	134	72
28	63	50
28	43	25
28	106	97
28	111	24
28	125	90
28	46	61
29	83	28
29	79	30
29	89	94
29	102	15
29	104	97
29	86	56
29	93	93
29	135	8
29	119	33
29	142	75
29	144	8
29	131	53
29	94	67
29	84	87
29	141	25
29	136	55
29	78	12
29	123	65
29	126	23
29	97	56
29	72	96
29	105	97
29	96	83
29	40	47
29	75	9
29	129	55
29	33	14
29	140	24
29	30	84
29	73	77
29	38	5
29	103	62
29	95	92
29	31	46
29	37	49
29	101	39
29	48	74
29	46	66
29	100	6
29	125	80
29	146	57
29	108	95
29	113	75
29	110	88
29	99	9
29	74	37
29	92	26
29	148	95
29	138	89
29	56	13
29	55	87
29	130	21
29	57	18
29	127	69
29	134	36
29	41	41
29	98	40
29	77	6
29	82	50
29	35	12
29	107	34
29	87	61
29	132	67
29	155	65
29	157	68
30	136	25
30	135	90
30	123	42
30	140	68
30	149	9
30	134	49
30	139	45
30	34	50
30	81	84
30	147	91
30	124	40
30	36	93
30	98	96
30	119	91
30	122	8
30	108	72
30	144	70
30	141	79
30	75	16
30	127	99
30	111	34
30	114	75
30	104	28
30	110	64
30	77	10
30	31	68
30	87	54
30	138	12
30	76	18
30	116	34
30	125	66
30	148	77
30	38	91
30	115	91
30	121	96
30	128	10
30	93	89
30	143	37
30	97	44
30	100	21
30	142	92
30	47	84
30	137	16
30	131	72
30	94	7
30	57	87
30	130	97
30	53	10
30	45	93
30	55	99
30	105	75
30	42	65
30	159	14
30	158	73
30	43	81
30	133	57
30	91	64
30	146	90
30	126	14
30	41	20
30	154	84
30	52	9
31	130	43
31	117	41
31	33	43
31	114	16
31	142	49
31	112	27
31	74	65
31	76	67
31	109	54
31	88	29
31	105	88
31	144	34
31	87	76
31	121	92
31	108	94
31	131	20
31	36	9
31	84	40
31	128	88
31	34	11
31	146	72
31	100	85
31	40	98
31	134	9
31	118	80
31	135	54
31	101	48
31	44	96
31	136	32
31	147	64
31	104	28
31	35	12
31	96	80
31	132	97
31	129	73
31	48	92
31	32	21
31	85	28
31	37	25
31	49	36
31	127	23
31	77	15
31	46	62
31	90	59
31	126	10
31	86	94
31	107	73
31	51	87
31	98	11
31	122	15
31	52	75
31	103	55
31	125	80
31	57	13
31	73	78
31	113	42
31	119	37
31	47	88
31	55	45
31	91	77
31	99	92
31	45	77
31	138	12
31	106	12
31	89	35
31	93	79
31	111	77
31	95	84
32	76	63
32	86	25
32	77	70
32	126	53
32	117	80
32	95	17
32	116	89
32	135	5
32	89	49
32	94	41
32	139	94
32	148	91
32	82	16
32	113	49
32	123	43
32	142	80
32	75	93
32	122	60
32	99	46
32	37	51
32	109	31
32	112	91
32	46	36
32	133	79
32	114	84
32	91	58
32	105	22
32	45	11
32	118	40
32	78	96
32	103	8
32	144	48
32	145	54
32	124	27
32	90	81
32	101	40
32	34	28
32	147	31
32	48	100
32	42	18
32	52	82
32	40	33
32	136	35
32	138	25
32	80	6
32	38	90
32	84	36
32	132	30
32	143	10
32	125	15
32	129	30
32	49	29
32	65	81
32	107	23
32	111	98
32	127	11
32	33	100
32	54	35
32	73	67
33	75	42
33	150	52
33	81	28
33	84	59
33	147	12
33	115	20
33	145	17
33	34	72
33	152	23
33	35	74
33	97	25
33	137	79
33	37	73
33	129	11
33	95	30
33	130	75
33	41	11
33	108	94
33	85	26
33	149	21
33	113	34
33	100	43
33	82	68
33	118	85
33	76	97
33	144	44
33	131	96
33	83	48
33	42	97
33	151	71
33	52	37
33	112	81
33	93	81
33	77	28
33	138	90
33	141	74
33	135	76
33	107	56
33	57	80
33	36	30
33	38	61
33	105	67
33	119	48
33	139	40
33	111	14
33	126	48
33	120	16
33	148	77
33	88	72
33	146	43
33	49	69
33	99	43
33	56	97
33	90	44
33	132	7
33	64	27
33	66	30
33	70	15
33	80	43
33	44	81
33	79	16
33	50	70
33	69	61
33	116	81
34	150	7
34	146	56
34	83	57
34	95	55
34	80	80
34	122	70
34	86	42
34	99	77
34	111	69
34	147	92
34	78	68
34	138	46
34	100	58
34	125	54
34	130	44
34	38	29
34	36	46
34	90	7
34	136	62
34	121	23
34	153	41
34	85	99
34	105	66
34	77	8
34	117	7
34	42	24
34	48	94
34	39	32
34	129	20
34	152	90
34	139	78
34	51	85
34	116	34
34	92	71
34	106	63
34	53	42
34	124	26
34	114	25
34	148	50
34	50	61
34	81	25
34	89	92
34	123	29
34	109	87
34	133	14
34	113	26
34	88	32
34	94	37
34	43	87
34	144	82
34	87	29
34	60	81
34	107	20
34	55	76
34	79	92
34	76	73
34	41	13
34	57	13
34	126	55
34	131	80
34	61	72
34	82	100
34	91	75
34	112	100
34	59	85
34	149	81
34	137	34
34	135	47
34	45	99
34	118	87
35	135	37
35	126	99
35	139	18
35	103	86
35	97	32
35	94	70
35	99	38
35	125	30
35	124	40
35	39	42
35	118	68
35	37	61
35	106	45
35	112	90
35	144	37
35	152	30
35	133	46
35	147	56
35	115	46
35	91	19
35	82	82
35	150	100
35	43	44
35	95	11
35	93	30
35	141	24
35	128	25
35	88	26
35	109	20
35	86	88
35	134	44
35	137	79
35	121	49
35	110	23
35	54	82
35	51	29
35	96	27
35	36	39
35	40	91
35	149	50
35	52	18
35	78	53
35	53	47
35	85	64
35	45	65
35	80	23
35	111	25
35	42	23
35	62	30
35	83	21
35	131	98
35	107	11
35	154	9
35	100	49
35	148	73
35	46	11
35	120	15
35	60	7
35	136	20
35	140	6
35	119	69
35	102	13
35	132	94
35	55	92
35	67	42
35	44	17
35	142	13
36	126	17
36	127	68
36	89	54
36	79	40
36	96	71
36	37	84
36	133	54
36	140	98
36	151	17
36	155	76
36	110	91
36	154	96
36	135	78
36	149	8
36	86	64
36	39	35
36	43	65
36	92	29
36	93	68
36	85	26
36	106	33
36	145	15
36	134	89
36	142	71
36	125	19
36	115	66
36	49	22
36	132	15
36	136	57
36	129	7
36	101	39
36	40	99
36	100	19
36	94	56
36	78	23
36	153	17
36	56	59
36	55	5
36	44	89
36	144	85
36	130	24
36	47	5
36	52	94
36	90	24
36	141	79
36	99	90
36	117	6
36	152	45
36	63	58
36	60	97
36	58	73
36	87	15
36	109	93
36	98	47
36	138	62
36	121	47
36	84	96
36	81	76
36	91	23
36	48	73
36	120	21
36	102	81
36	64	84
36	88	9
36	123	75
36	61	29
36	65	64
36	146	64
37	83	76
37	101	54
37	38	35
37	78	71
37	40	50
37	42	57
37	97	26
37	112	54
37	155	62
37	138	25
37	148	96
37	126	44
37	141	43
37	146	56
37	123	84
37	91	25
37	39	46
37	85	71
37	127	8
37	106	22
37	41	54
37	82	71
37	135	80
37	45	65
37	131	76
37	151	90
37	98	10
37	149	76
37	80	36
37	154	82
37	114	12
37	86	90
37	125	22
37	51	20
37	128	22
37	117	39
37	130	10
37	118	84
37	49	17
37	89	82
37	111	13
37	153	16
37	56	84
37	156	96
37	53	32
37	44	23
37	143	88
37	102	51
37	62	96
37	109	11
37	116	21
37	59	79
37	64	61
37	84	86
38	88	84
38	153	18
38	94	78
38	148	56
38	149	98
38	137	70
38	84	17
38	102	79
38	120	18
38	142	85
38	101	29
38	140	56
38	42	28
38	40	40
38	110	24
38	129	97
38	106	93
38	95	87
38	155	80
38	96	66
38	144	12
38	156	86
38	154	25
38	131	65
38	135	18
38	48	67
38	127	55
38	107	72
38	93	34
38	147	84
38	122	68
38	150	32
38	56	56
38	82	33
38	114	37
38	118	56
38	132	59
38	113	11
38	45	35
38	87	94
38	62	97
38	43	80
38	89	83
38	112	78
38	134	98
38	57	40
38	119	41
38	51	35
38	104	81
38	123	93
38	117	22
38	50	22
38	85	33
38	151	8
38	128	29
38	59	48
38	64	38
38	72	11
38	92	93
38	54	98
38	61	32
38	136	94
39	94	79
39	109	28
39	151	73
39	131	20
39	116	89
39	141	42
39	117	92
39	115	53
39	108	65
39	157	8
39	155	30
39	95	67
39	119	76
39	87	37
39	125	96
39	82	94
39	105	73
39	40	89
39	43	21
39	48	63
39	135	17
39	128	56
39	114	68
39	144	40
39	53	53
39	41	87
39	101	77
39	103	77
39	111	68
39	83	87
39	86	6
39	113	7
39	133	36
39	97	82
39	126	35
39	142	32
39	46	100
39	56	33
39	106	90
39	122	95
39	127	92
39	107	98
39	62	73
39	148	39
39	146	37
39	121	8
39	58	21
39	99	27
39	132	92
39	59	91
39	65	94
39	61	99
39	51	43
39	54	12
39	136	24
39	45	47
39	70	46
39	102	33
39	138	90
39	71	88
39	93	98
39	96	63
39	47	47
40	146	19
40	111	24
40	97	55
40	157	56
40	135	19
40	100	30
40	90	11
40	114	62
40	142	60
40	105	19
40	130	97
40	127	88
40	149	60
40	101	44
40	118	12
40	159	98
40	148	99
40	91	25
40	152	93
40	93	68
40	42	83
40	125	60
40	147	6
40	124	15
40	104	93
40	144	65
40	102	76
40	112	58
40	92	63
40	131	54
40	103	55
40	122	89
40	133	93
40	154	38
40	50	55
40	52	87
40	54	41
40	134	23
40	143	43
40	139	69
40	44	19
40	95	59
40	138	53
40	83	58
40	136	44
40	62	19
40	45	26
40	84	30
40	115	93
40	43	11
40	58	7
40	123	73
40	137	89
40	46	95
40	48	55
40	63	11
40	106	19
40	72	53
40	75	62
40	51	52
40	109	50
40	116	75
40	140	82
41	108	12
41	123	69
41	120	82
41	107	93
41	83	92
41	86	15
41	101	47
41	136	99
41	95	26
41	124	24
41	103	54
41	153	20
41	99	57
41	109	78
41	150	10
41	44	65
41	85	34
41	49	67
41	125	57
41	96	72
41	88	30
41	157	97
41	133	81
41	155	94
41	93	23
41	147	22
41	143	92
41	43	20
41	118	6
41	126	56
41	110	41
41	138	83
41	48	61
41	56	65
41	57	50
41	51	27
41	45	41
41	63	84
41	84	73
41	92	33
41	130	73
41	65	76
41	114	56
41	132	32
41	58	56
41	46	33
41	104	61
41	116	40
41	112	62
41	102	19
41	97	66
41	141	92
41	151	51
41	134	73
41	100	25
41	158	23
41	42	42
41	61	35
41	62	66
41	53	67
41	149	61
42	140	91
42	103	48
42	117	39
42	120	26
42	113	57
42	143	35
42	107	12
42	127	32
42	100	66
42	47	9
42	121	89
42	98	50
42	104	13
42	157	27
42	90	32
42	86	36
42	92	70
42	130	79
42	137	31
42	97	31
42	102	22
42	151	69
42	91	92
42	112	17
42	109	89
42	43	28
42	122	8
42	115	80
42	114	79
42	58	89
42	110	14
42	119	86
42	101	17
42	54	20
42	57	91
42	61	93
42	106	76
42	62	63
42	87	78
42	133	9
42	55	13
42	60	99
42	99	52
42	128	84
42	89	81
42	105	11
42	129	99
42	142	38
42	141	24
42	73	91
42	72	30
42	46	78
42	77	27
42	135	10
42	138	84
42	44	61
42	132	95
42	93	96
42	147	23
43	92	52
43	155	98
43	154	7
43	102	78
43	124	91
43	146	67
43	98	17
43	91	64
43	84	59
43	141	27
43	127	30
43	112	14
43	125	11
43	94	36
43	95	73
43	114	47
43	107	78
43	48	95
43	85	51
43	104	63
43	151	57
43	86	81
43	118	22
43	50	70
43	126	70
43	49	70
43	138	63
43	115	22
43	54	24
43	106	18
43	119	22
43	136	16
43	57	67
43	58	7
43	117	91
43	87	46
43	56	19
43	135	95
43	129	29
43	52	57
43	156	38
43	131	52
43	65	51
43	147	28
43	153	69
43	149	85
43	99	5
43	111	89
43	140	25
43	103	60
43	96	8
43	116	94
43	158	44
43	47	31
43	137	22
43	45	92
43	132	33
43	133	8
43	55	64
43	69	54
43	144	22
43	134	34
43	109	94
43	101	8
43	122	35
43	90	14
43	93	89
44	124	24
44	155	18
44	133	63
44	94	17
44	151	22
44	88	37
44	100	86
44	47	85
44	105	35
44	125	17
44	87	19
44	128	49
44	98	99
44	86	33
44	51	16
44	109	71
44	102	33
44	156	42
44	90	16
44	119	20
44	111	35
44	113	51
44	139	29
44	59	43
44	150	5
44	53	70
44	55	32
44	137	10
44	127	98
44	114	20
44	141	70
44	153	15
44	89	93
44	152	70
44	106	88
44	107	35
44	103	44
44	64	92
44	159	78
44	60	33
44	91	68
44	63	92
44	45	55
44	115	20
44	120	59
44	123	19
44	57	96
44	104	25
44	118	35
44	70	15
44	92	84
44	56	98
44	73	91
44	95	22
44	58	50
44	157	37
44	49	29
44	108	87
44	66	17
44	143	82
44	54	73
44	101	84
44	138	83
44	81	96
44	126	59
44	142	92
44	130	64
44	136	69
45	156	38
45	136	46
45	129	51
45	111	13
45	137	94
45	148	46
45	96	51
45	144	37
45	113	18
45	153	38
45	126	35
45	123	41
45	117	86
45	106	54
45	92	97
45	128	62
45	133	28
45	158	30
45	135	71
45	53	34
45	95	5
45	122	18
45	119	15
45	103	40
45	98	63
45	110	97
45	108	32
45	102	28
45	139	98
45	140	87
45	147	62
45	47	88
45	91	12
45	60	81
45	65	35
45	49	37
45	143	65
45	66	66
45	55	22
45	118	39
45	104	93
45	112	7
45	159	35
45	64	85
45	115	46
45	155	55
45	57	72
45	86	41
45	132	90
45	70	81
45	61	73
45	59	41
45	72	42
45	142	23
45	52	19
45	97	86
45	151	38
45	73	62
45	99	38
45	46	5
45	69	24
45	114	53
45	146	84
45	51	43
45	152	50
46	109	11
46	141	76
46	100	80
46	124	83
46	159	7
46	98	8
46	147	74
46	158	59
46	117	22
46	88	56
46	137	86
46	155	84
46	89	78
46	110	20
46	153	91
46	47	38
46	136	24
46	107	45
46	116	57
46	143	29
46	48	31
46	96	11
46	150	56
46	122	10
46	119	34
46	130	8
46	125	10
46	114	95
46	135	42
46	92	29
46	52	17
46	121	41
46	91	73
46	54	28
46	144	93
46	105	86
46	51	66
46	126	32
46	90	70
46	131	12
46	120	12
46	57	55
46	58	8
46	99	53
46	152	73
46	133	61
46	50	66
46	69	50
46	101	62
46	112	43
46	73	33
46	134	84
46	75	32
46	65	67
46	102	32
46	118	95
46	140	91
46	148	28
46	76	37
46	154	90
46	63	24
46	129	79
46	56	90
46	82	94
46	145	47
47	109	32
47	48	93
47	118	85
47	132	50
47	156	38
47	133	85
47	128	6
47	141	93
47	140	83
47	113	80
47	142	15
47	106	69
47	50	13
47	111	82
47	54	34
47	131	97
47	127	64
47	92	11
47	55	42
47	98	91
47	110	19
47	145	47
47	139	58
47	134	43
47	101	10
47	130	18
47	104	39
47	95	14
47	114	52
47	117	87
47	144	38
47	153	49
47	151	31
47	115	57
47	154	47
47	103	35
47	60	98
47	136	69
47	72	21
47	150	81
47	52	79
47	62	81
47	157	9
47	93	31
47	126	42
47	57	50
47	69	52
47	71	92
47	148	58
47	94	49
47	83	44
47	91	16
47	143	49
47	147	52
47	75	12
48	125	75
48	123	45
48	144	25
48	116	21
48	147	61
48	114	94
48	118	98
48	150	50
48	101	76
48	145	96
48	142	35
48	121	20
48	54	82
48	134	55
48	60	85
48	91	52
48	151	15
48	113	65
48	98	8
48	90	85
48	105	98
48	120	96
48	55	41
48	141	16
48	154	57
48	127	72
48	143	22
48	89	66
48	128	28
48	65	34
48	122	36
48	93	78
48	66	7
48	92	57
48	108	59
48	99	9
48	63	39
48	131	35
48	72	14
48	132	47
48	139	29
48	117	30
48	136	51
48	70	17
48	106	21
48	50	59
48	149	69
48	53	98
48	157	51
48	104	80
48	156	73
48	97	40
48	133	60
49	100	46
49	113	24
49	129	32
49	136	38
49	145	65
49	107	68
49	117	49
49	142	31
49	158	9
49	51	11
49	141	83
49	148	94
49	154	67
49	127	82
49	143	97
49	139	13
49	104	77
49	109	71
49	98	99
49	118	93
49	123	53
49	96	32
49	52	67
49	91	56
49	159	87
49	130	45
49	110	71
49	112	69
49	128	76
49	119	81
49	103	69
49	126	93
49	102	28
49	95	67
49	125	85
49	111	60
49	97	39
49	93	42
49	58	8
49	61	93
49	57	84
49	92	59
49	72	56
49	55	60
49	56	78
49	144	63
49	134	30
49	71	74
49	94	52
49	116	60
49	150	10
49	68	43
49	140	49
49	105	26
49	74	85
49	73	19
49	63	43
49	101	21
49	54	97
49	76	23
49	120	15
49	86	29
49	121	15
49	84	58
49	78	32
49	131	69
50	133	85
50	97	11
50	125	6
50	111	28
50	101	100
50	155	49
50	52	26
50	103	23
50	92	50
50	105	87
50	112	67
50	51	11
50	115	43
50	134	9
50	58	9
50	145	27
50	114	30
50	132	83
50	151	19
50	57	28
50	126	28
50	152	77
50	137	40
50	63	56
50	153	55
50	147	51
50	99	22
50	154	86
50	98	58
50	100	63
50	131	67
50	144	11
50	109	68
50	95	43
50	140	17
50	158	79
50	93	53
50	54	72
50	73	97
50	128	58
50	141	81
50	157	73
50	156	70
50	59	18
50	56	38
50	64	34
50	130	53
50	148	98
50	78	99
50	61	7
50	150	6
50	106	38
50	113	49
50	68	40
50	135	73
50	76	10
50	123	77
50	143	29
50	74	83
50	119	23
50	55	62
51	111	72
51	126	47
51	115	89
51	131	46
51	148	8
51	108	30
51	92	95
51	139	23
51	121	84
51	134	47
51	61	26
51	56	87
51	118	29
51	124	99
51	113	70
51	129	10
51	149	9
51	144	14
51	117	45
51	119	27
51	116	15
51	138	12
51	135	64
51	151	69
51	57	67
51	112	5
51	132	94
51	150	100
51	114	71
51	137	47
51	102	55
51	74	88
51	159	24
51	97	79
51	158	19
51	53	52
51	75	13
51	77	14
51	104	24
51	93	44
51	54	58
51	123	70
51	156	56
51	58	26
51	71	36
51	146	60
51	86	50
51	95	41
51	128	6
51	141	17
51	107	47
51	110	8
51	120	86
51	155	33
51	52	71
52	139	38
52	102	7
52	104	95
52	154	8
52	158	92
52	111	65
52	145	65
52	94	37
52	107	49
52	123	9
52	53	88
52	144	78
52	98	19
52	109	55
52	136	17
52	106	23
52	115	68
52	122	36
52	152	58
52	62	6
52	146	49
52	155	95
52	55	69
52	147	88
52	97	67
52	138	21
52	103	46
52	143	33
52	153	43
52	108	27
52	151	55
52	125	36
52	113	53
52	120	52
52	137	15
52	65	96
52	133	36
52	61	87
52	57	81
52	112	44
52	134	57
52	129	39
52	79	52
52	68	24
52	70	77
52	82	73
52	64	82
52	132	80
52	66	92
52	127	15
52	69	78
52	59	72
52	71	38
52	159	50
52	100	17
52	58	43
52	78	94
52	73	53
52	93	15
53	138	60
53	112	95
53	127	38
53	131	82
53	95	81
53	151	27
53	139	97
53	94	96
53	100	76
53	143	14
53	99	72
53	113	52
53	146	20
53	128	15
53	140	85
53	155	56
53	104	5
53	58	78
53	108	17
53	136	87
53	153	47
53	117	71
53	101	29
53	118	38
53	61	69
53	106	36
53	121	100
53	123	42
53	55	26
53	130	86
53	120	34
53	156	84
53	70	98
53	135	58
53	105	79
53	149	85
53	57	88
53	144	37
53	114	34
53	78	31
53	137	93
53	126	31
53	63	43
53	81	97
53	147	61
53	82	27
53	141	28
53	159	29
53	69	69
53	67	99
53	97	8
53	77	56
53	124	7
53	154	50
53	150	96
53	56	49
53	59	90
53	79	75
53	83	80
53	85	58
54	105	94
54	109	94
54	110	32
54	139	10
54	95	45
54	125	99
54	131	71
54	120	46
54	106	68
54	59	54
54	55	22
54	107	42
54	146	83
54	133	87
54	135	67
54	103	32
54	151	11
54	157	5
54	158	41
54	108	89
54	141	82
54	65	11
54	147	34
54	118	81
54	132	49
54	126	91
54	153	18
54	159	24
54	121	42
54	97	36
54	116	67
54	71	33
54	123	8
54	136	93
54	122	98
54	70	89
54	127	71
54	117	61
54	102	64
54	111	39
54	145	69
54	64	20
54	79	55
54	83	64
54	68	80
54	154	38
54	80	46
54	75	12
54	61	97
54	130	20
54	148	27
54	89	7
54	86	95
54	58	44
54	56	75
54	62	20
55	115	43
55	105	15
55	110	40
55	155	59
55	125	14
55	99	40
55	150	38
55	112	47
55	148	75
55	136	77
55	103	22
55	152	32
55	120	100
55	145	52
55	147	19
55	63	52
55	143	10
55	101	25
55	109	99
55	116	9
55	138	15
55	114	91
55	62	16
55	144	13
55	72	56
55	59	67
55	124	35
55	132	91
55	111	77
55	69	27
55	135	70
55	126	36
55	130	6
55	70	50
55	67	59
55	73	75
55	128	36
55	107	7
55	102	9
55	96	51
55	75	81
55	127	10
55	80	24
55	98	60
55	154	53
55	68	70
55	100	75
55	157	40
55	134	90
56	97	61
56	153	40
56	132	23
56	99	40
56	137	28
56	159	22
56	98	14
56	124	44
56	133	25
56	157	77
56	118	45
56	148	99
56	147	26
56	116	95
56	102	52
56	107	49
56	149	82
56	106	83
56	140	53
56	138	38
56	120	57
56	136	38
56	109	72
56	60	66
56	139	8
56	145	72
56	67	62
56	66	29
56	110	24
56	134	29
56	70	88
56	64	92
56	128	26
56	69	47
56	142	32
56	73	28
56	119	72
56	129	77
56	158	22
56	62	44
56	146	28
56	80	56
56	103	92
56	68	50
56	117	66
56	105	48
56	115	44
56	126	57
56	151	97
56	63	44
56	82	58
56	104	100
56	130	37
56	76	95
56	141	70
57	115	60
57	104	73
57	139	73
57	125	21
57	141	29
57	119	51
57	113	41
57	142	48
57	151	99
57	100	84
57	133	95
57	123	6
57	116	65
57	124	13
57	129	99
57	156	98
57	67	22
57	121	61
57	101	29
57	69	82
57	158	91
57	63	90
57	137	81
57	61	55
57	149	38
57	148	63
57	59	20
57	130	79
57	146	10
57	72	88
57	75	59
57	159	24
57	111	71
57	77	63
57	147	36
57	138	29
57	98	47
57	126	67
57	135	8
57	117	66
57	105	67
57	73	30
57	132	30
57	136	95
57	122	79
57	112	66
57	128	21
57	127	30
57	110	27
57	87	12
57	99	7
57	150	35
57	102	44
57	70	57
57	74	58
57	78	43
57	94	23
57	89	72
58	135	42
58	112	44
58	61	54
58	157	19
58	99	19
58	103	85
58	121	86
58	158	30
58	129	63
58	139	73
58	126	89
58	136	49
58	60	9
58	149	69
58	116	34
58	155	77
58	123	69
58	108	93
58	105	53
58	122	50
58	73	15
58	145	81
58	59	46
58	69	52
58	68	29
58	111	80
58	148	36
58	70	90
58	156	15
58	104	27
58	62	29
58	115	99
58	80	81
58	66	81
58	142	37
58	152	68
58	131	72
58	151	63
58	127	18
58	141	22
58	76	21
58	77	26
58	134	74
58	114	45
58	100	94
58	72	38
58	154	71
58	132	84
58	101	99
58	113	82
58	86	97
58	159	5
58	120	40
58	82	83
58	130	43
58	119	92
59	107	90
59	140	68
59	128	21
59	111	97
59	149	71
59	147	88
59	113	11
59	137	91
59	148	83
59	127	53
59	152	20
59	116	84
59	131	44
59	123	26
59	105	36
59	117	46
59	114	35
59	125	50
59	112	36
59	129	11
59	151	35
59	64	80
59	139	92
59	108	65
59	121	49
59	126	81
59	142	22
59	101	88
59	63	16
59	138	39
59	65	67
59	68	64
59	155	39
59	74	22
59	102	20
59	135	9
59	88	27
59	153	31
59	158	82
59	69	94
59	115	24
59	71	61
59	66	47
59	81	74
60	152	100
60	106	28
60	133	9
60	144	9
60	132	93
60	127	93
60	110	6
60	116	88
60	102	91
60	124	7
60	151	82
60	105	94
60	66	96
60	138	80
60	107	31
60	114	77
60	143	16
60	155	19
60	64	16
60	157	68
60	117	6
60	113	84
60	135	17
60	137	60
60	76	85
60	128	56
60	139	54
60	118	98
60	74	9
60	156	58
60	111	60
60	81	70
60	82	69
60	159	74
60	85	39
60	63	30
60	115	19
60	70	90
60	126	96
60	79	19
60	62	71
60	120	91
60	78	22
60	92	20
60	148	89
60	141	76
60	80	72
60	150	54
60	71	17
60	122	33
60	101	62
60	67	40
60	97	37
60	153	88
60	89	46
60	103	59
61	133	71
61	147	98
61	106	39
61	155	39
61	131	81
61	111	59
61	108	68
61	113	27
61	105	90
61	156	28
61	62	52
61	115	48
61	144	28
61	158	99
61	102	70
61	110	81
61	122	40
61	142	23
61	75	75
61	121	26
61	143	22
61	134	39
61	129	9
61	73	84
61	136	73
61	107	23
61	114	30
61	149	29
61	79	70
61	138	78
61	72	31
61	123	68
61	153	36
61	128	7
61	65	41
61	146	64
61	126	23
61	141	100
61	82	13
61	148	96
61	120	42
61	68	90
61	139	56
61	125	72
61	112	76
61	69	54
61	88	91
61	145	52
61	116	67
61	124	80
61	130	88
61	93	92
61	63	71
61	86	49
61	151	35
61	80	29
62	149	20
62	112	18
62	147	32
62	135	32
62	148	20
62	105	62
62	114	61
62	113	32
62	141	76
62	128	36
62	103	66
62	152	83
62	63	30
62	72	22
62	137	88
62	144	89
62	154	12
62	140	69
62	104	8
62	106	27
62	122	70
62	117	68
62	66	9
62	115	6
62	127	97
62	74	45
62	125	24
62	143	6
62	132	63
62	116	14
62	82	79
62	123	76
62	158	34
62	110	13
62	133	12
62	81	90
62	130	42
62	151	50
62	119	76
62	75	55
62	78	76
62	150	27
62	64	10
62	80	24
62	120	94
62	88	80
62	79	21
62	89	15
62	65	25
62	69	65
62	86	67
62	70	28
62	90	24
62	121	49
62	155	38
62	101	30
62	84	85
62	111	29
62	159	76
63	138	26
63	143	67
63	104	45
63	112	36
63	154	19
63	140	79
63	127	51
63	150	34
63	149	90
63	70	18
63	155	41
63	68	86
63	113	45
63	130	62
63	131	27
63	152	37
63	73	65
63	153	35
63	141	70
63	64	41
63	69	48
63	157	20
63	74	98
63	81	48
63	80	62
63	158	93
63	79	57
63	134	23
63	72	58
63	118	45
63	71	46
63	159	76
63	107	76
63	139	14
63	151	77
63	84	17
63	132	25
63	82	49
63	89	16
63	106	21
63	121	52
63	119	69
63	75	41
63	95	98
63	91	47
63	105	27
63	117	75
63	86	30
63	101	81
63	103	63
64	145	71
64	121	19
64	131	47
64	159	17
64	135	79
64	152	77
64	105	91
64	149	7
64	157	49
64	134	62
64	115	54
64	142	78
64	130	52
64	69	15
64	126	9
64	73	87
64	67	59
64	72	63
64	76	87
64	74	37
64	75	59
64	125	37
64	133	21
64	151	97
64	148	35
64	80	28
64	71	48
64	158	94
64	127	77
64	83	51
64	132	22
64	139	98
64	109	19
64	141	17
64	128	22
64	136	30
64	150	37
64	140	26
64	89	97
64	118	48
64	82	37
64	86	75
64	156	94
64	92	89
64	124	15
64	112	63
64	120	17
64	110	25
64	87	17
64	65	87
64	90	86
64	97	72
64	101	61
64	119	50
64	68	33
64	153	33
64	66	62
65	126	92
65	112	8
65	144	44
65	116	93
65	141	52
65	143	78
65	150	43
65	153	86
65	142	56
65	66	11
65	128	35
65	139	10
65	118	13
65	67	43
65	140	74
65	159	46
65	113	83
65	73	83
65	109	6
65	106	54
65	145	10
65	72	71
65	122	40
65	132	86
65	149	44
65	155	28
65	158	97
65	124	75
65	108	74
65	148	75
65	146	19
65	135	96
65	107	96
65	85	29
65	147	95
65	84	21
65	75	82
65	80	34
65	86	40
65	83	30
65	133	12
65	138	39
65	92	82
65	130	20
65	111	26
65	114	60
65	82	29
65	78	7
65	94	50
65	129	9
65	69	93
65	103	39
65	125	18
65	70	89
66	114	98
66	133	61
66	134	92
66	144	13
66	145	34
66	110	86
66	157	43
66	109	74
66	140	50
66	70	23
66	150	42
66	74	45
66	68	96
66	72	78
66	78	33
66	71	15
66	117	81
66	75	31
66	79	74
66	137	42
66	123	32
66	153	49
66	148	96
66	151	47
66	159	56
66	129	69
66	80	30
66	126	45
66	131	19
66	107	41
66	86	27
66	112	41
66	155	68
66	143	34
66	138	91
66	122	23
66	121	9
66	82	93
66	95	57
66	124	86
66	84	63
66	116	53
66	132	76
66	127	61
66	94	83
66	98	68
66	81	31
66	96	47
66	156	67
66	149	7
66	158	51
67	133	39
67	129	75
67	108	96
67	125	22
67	156	51
67	69	87
67	71	68
67	126	32
67	135	37
67	75	67
67	120	66
67	158	91
67	132	6
67	74	6
67	150	65
67	144	45
67	115	10
67	140	98
67	141	51
67	79	88
67	136	80
67	118	67
67	81	69
67	83	89
67	73	100
67	155	52
67	121	46
67	145	27
67	78	7
67	151	54
67	85	96
67	80	66
67	110	17
67	114	48
67	153	95
67	96	16
67	98	79
67	87	52
67	131	66
67	94	69
67	112	100
67	154	43
67	116	68
67	113	49
67	90	52
67	93	51
67	88	23
67	68	53
67	100	93
68	140	33
68	139	64
68	159	88
68	71	23
68	157	20
68	129	68
68	144	15
68	125	80
68	124	69
68	153	42
68	116	27
68	135	20
68	136	79
68	156	67
68	141	76
68	111	31
68	115	84
68	154	38
68	74	24
68	110	7
68	145	10
68	148	42
68	72	87
68	155	27
68	113	88
68	88	60
68	134	11
68	109	33
68	121	66
68	142	95
68	73	78
68	69	40
68	117	47
68	126	37
68	91	59
68	92	72
68	138	44
68	119	84
68	82	47
68	81	99
68	132	14
68	76	78
68	137	9
68	98	91
68	118	56
68	127	19
68	83	65
68	77	71
68	95	44
69	121	20
69	148	73
69	152	52
69	127	77
69	130	16
69	134	8
69	146	6
69	110	13
69	140	88
69	143	100
69	76	54
69	118	76
69	115	42
69	126	37
69	72	35
69	133	72
69	141	39
69	142	85
69	74	79
69	111	26
69	70	47
69	153	7
69	77	21
69	78	92
69	120	97
69	92	25
69	84	52
69	87	48
69	135	41
69	83	73
69	80	77
69	158	72
69	147	23
69	159	84
69	131	94
69	75	89
69	90	86
69	96	79
70	115	33
70	155	17
70	153	28
70	127	54
70	119	19
70	128	15
70	159	51
70	149	64
70	151	27
70	146	98
70	78	71
70	141	84
70	154	49
70	144	77
70	134	79
70	83	27
70	135	85
70	124	21
70	136	18
70	113	14
70	137	44
70	148	93
70	118	58
70	120	80
70	121	59
70	79	49
70	112	85
70	150	78
70	71	66
70	88	54
70	90	8
70	140	7
70	72	86
70	76	41
70	147	15
70	97	77
70	93	51
70	82	60
70	77	40
70	125	86
70	142	91
70	87	89
70	94	73
70	74	98
70	129	98
70	123	10
70	100	90
70	133	42
70	96	54
70	107	71
70	109	12
70	132	45
71	159	87
71	156	25
71	143	55
71	135	71
71	151	83
71	75	49
71	126	33
71	116	21
71	147	9
71	155	25
71	127	50
71	130	7
71	123	32
71	74	9
71	79	88
71	113	80
71	140	31
71	124	15
71	77	57
71	78	18
71	128	23
71	87	73
71	72	49
71	114	79
71	154	60
71	91	77
71	152	44
71	112	11
71	133	71
71	84	36
71	150	75
71	81	34
71	145	38
71	97	50
71	86	45
71	142	35
71	76	91
71	103	36
71	137	38
71	96	91
71	88	36
71	93	67
71	125	51
71	98	11
71	136	34
71	99	47
72	148	78
72	124	71
72	114	29
72	141	91
72	143	12
72	144	8
72	131	85
72	116	56
72	121	42
72	158	17
72	153	96
72	149	32
72	146	68
72	79	30
72	129	15
72	147	96
72	87	69
72	123	39
72	136	31
72	91	93
72	139	28
72	82	99
72	122	60
72	92	92
72	78	43
72	154	24
72	83	71
72	128	76
72	155	59
72	85	68
72	159	48
72	120	52
72	102	99
72	86	83
72	113	20
72	119	23
72	110	38
72	156	56
72	137	63
72	115	67
72	125	37
73	155	36
73	132	54
73	119	39
73	142	33
73	157	28
73	135	97
73	159	35
73	146	6
73	115	5
73	122	73
73	131	60
73	133	69
73	137	87
73	145	35
73	82	33
73	80	49
73	123	95
73	138	17
73	150	79
73	156	37
73	148	50
73	74	28
73	83	23
73	124	27
73	153	68
73	144	44
73	121	41
73	125	58
73	120	81
73	79	40
73	154	35
73	136	73
73	77	24
73	95	81
73	90	57
73	141	78
73	151	34
73	76	100
73	94	7
73	149	80
73	81	32
73	96	67
73	102	51
73	101	59
73	134	19
73	116	90
73	103	84
73	99	83
73	91	37
73	89	65
74	151	72
74	122	11
74	123	20
74	153	77
74	149	61
74	121	57
74	126	33
74	135	92
74	150	65
74	147	14
74	82	91
74	148	91
74	130	43
74	154	16
74	84	65
74	77	40
74	127	64
74	146	67
74	128	70
74	132	63
74	90	58
74	125	54
74	140	43
74	81	36
74	155	49
74	145	53
74	88	84
74	120	85
74	159	9
74	138	50
74	144	59
74	131	30
74	85	40
74	95	48
74	86	84
74	97	44
74	156	44
74	83	33
74	109	79
74	117	68
74	87	5
74	134	35
74	118	90
74	79	94
74	99	79
74	91	51
75	125	10
75	137	16
75	154	96
75	117	53
75	144	66
75	152	79
75	76	29
75	128	18
75	146	13
75	133	94
75	79	35
75	157	92
75	81	52
75	121	58
75	127	95
75	124	39
75	139	62
75	126	9
75	82	28
75	159	58
75	116	72
75	90	86
75	80	45
75	84	69
75	92	22
75	131	87
75	120	91
75	95	79
75	149	54
75	151	52
75	158	28
75	138	6
75	118	13
75	132	97
75	100	35
75	87	75
75	119	31
75	129	41
75	147	55
75	77	50
75	98	88
75	110	84
75	148	84
75	108	51
75	122	94
75	104	79
75	130	25
75	102	47
75	88	33
75	109	77
76	118	6
76	124	95
76	129	37
76	151	66
76	152	31
76	119	92
76	78	90
76	154	23
76	82	21
76	80	10
76	138	77
76	147	28
76	137	69
76	86	65
76	130	37
76	142	47
76	141	7
76	132	52
76	153	50
76	122	29
76	143	61
76	159	66
76	158	91
76	95	40
76	140	22
76	156	74
76	144	82
76	83	99
76	117	70
76	133	67
76	128	64
76	149	5
76	100	47
76	89	68
76	102	44
76	111	21
76	105	6
76	84	81
76	121	16
76	123	32
76	103	46
76	90	83
77	146	42
77	124	7
77	138	42
77	136	80
77	118	49
77	119	18
77	134	39
77	151	48
77	131	94
77	156	96
77	132	9
77	147	55
77	142	9
77	123	78
77	148	45
77	82	28
77	81	74
77	92	44
77	78	55
77	143	94
77	93	46
77	79	27
77	121	92
77	157	52
77	145	38
77	139	95
77	127	81
77	91	94
77	126	87
77	154	54
77	97	50
77	153	37
77	158	31
77	140	7
77	122	52
77	135	81
77	94	66
77	113	24
77	149	93
77	115	59
78	149	54
78	125	50
78	142	27
78	122	94
78	138	56
78	126	15
78	120	15
78	133	46
78	154	18
78	136	38
78	127	91
78	82	64
78	79	80
78	143	86
78	83	42
78	139	15
78	140	51
78	157	30
78	89	64
78	90	5
78	135	40
78	96	75
78	84	17
78	158	38
78	156	51
78	152	96
78	80	35
78	103	66
78	85	18
78	146	38
78	137	67
78	87	72
78	92	83
78	106	63
78	109	63
78	86	34
78	88	34
78	123	23
78	155	45
78	98	30
78	141	72
79	80	37
79	157	78
79	138	87
79	123	92
79	149	60
79	86	56
79	155	84
79	89	37
79	139	21
79	146	37
79	120	48
79	136	90
79	148	98
79	143	34
79	85	51
79	140	77
79	147	21
79	100	21
79	99	71
79	125	24
79	87	45
79	82	35
79	133	21
79	159	76
79	84	47
79	91	6
79	103	51
79	135	38
79	154	48
79	94	70
79	126	15
79	113	95
79	102	12
79	144	83
79	115	31
79	153	20
79	141	75
79	106	50
79	110	81
80	144	23
80	124	48
80	121	41
80	146	29
80	128	20
80	158	95
80	130	96
80	142	42
80	156	78
80	150	23
80	138	83
80	155	41
80	125	69
80	84	95
80	90	18
80	96	48
80	85	67
80	86	98
80	95	45
80	133	87
80	157	100
80	83	95
80	139	94
80	127	15
80	97	48
80	151	66
80	143	87
80	152	61
80	98	61
80	101	53
80	135	8
80	89	91
81	157	98
81	149	36
81	156	30
81	85	49
81	143	55
81	153	44
81	159	96
81	123	89
81	89	58
81	91	82
81	144	36
81	97	93
81	90	30
81	150	26
81	96	94
81	155	29
81	100	48
81	148	37
81	145	85
81	82	66
81	147	35
81	106	33
81	125	64
81	94	67
81	141	47
81	101	38
81	135	89
81	111	90
81	152	30
81	126	57
81	102	77
81	105	65
81	154	52
81	138	9
81	116	46
81	133	73
81	112	65
81	113	59
81	128	17
82	158	82
82	150	85
82	148	80
82	85	22
82	136	84
82	123	57
82	86	76
82	135	73
82	149	38
82	128	39
82	140	41
82	129	28
82	88	67
82	141	84
82	146	96
82	139	54
82	89	67
82	152	10
82	144	38
82	103	85
82	126	48
82	138	8
82	94	18
82	95	39
82	132	23
82	134	97
82	92	18
82	153	96
82	159	61
82	112	77
82	83	53
82	127	79
82	157	62
82	108	86
83	134	40
83	146	16
83	139	79
83	150	18
83	153	72
83	87	60
83	158	47
83	138	94
83	129	46
83	89	45
83	130	36
83	148	83
83	145	45
83	152	36
83	85	81
83	149	76
83	126	21
83	157	43
83	88	43
83	132	16
83	156	14
83	124	58
83	93	10
83	92	53
83	102	58
83	141	17
83	103	60
83	96	21
83	137	67
83	99	77
83	109	54
83	104	9
83	101	54
83	107	38
83	97	55
83	112	46
83	127	84
84	128	47
84	126	49
84	140	83
84	90	36
84	145	18
84	88	26
84	130	33
84	136	59
84	146	68
84	127	19
84	134	60
84	125	14
84	94	25
84	143	26
84	95	75
84	153	39
84	157	99
84	104	19
84	141	76
84	144	11
84	159	24
84	155	58
84	105	69
84	96	19
84	100	29
84	85	9
84	131	50
84	148	72
84	97	15
84	109	39
84	89	43
84	108	22
84	110	6
84	106	19
84	98	37
84	137	55
84	138	13
84	135	90
84	111	38
85	149	80
85	143	12
85	156	29
85	127	90
85	146	75
85	139	87
85	140	30
85	145	48
85	97	20
85	92	27
85	128	95
85	137	45
85	154	90
85	93	60
85	96	99
85	130	44
85	132	16
85	133	50
85	131	97
85	135	38
85	147	7
85	98	11
85	152	89
85	86	62
85	144	85
85	91	76
85	150	79
85	103	64
85	157	22
85	101	38
85	151	9
85	88	88
85	134	60
85	105	29
86	134	83
86	148	21
86	133	94
86	147	29
86	141	51
86	144	70
86	151	38
86	152	83
86	157	69
86	155	99
86	132	87
86	142	51
86	127	44
86	139	61
86	87	44
86	88	75
86	137	58
86	101	47
86	131	46
86	104	81
86	156	58
86	103	47
86	140	69
86	153	99
86	93	63
86	98	55
86	111	68
86	107	91
86	120	66
86	117	81
86	99	39
86	130	44
86	123	64
86	113	43
86	114	14
86	149	54
87	149	12
87	154	7
87	151	86
87	89	90
87	157	41
87	95	50
87	131	23
87	155	25
87	132	72
87	137	75
87	145	28
87	140	55
87	142	73
87	133	95
87	88	51
87	101	50
87	136	95
87	158	27
87	103	46
87	141	43
87	96	75
87	150	91
87	99	18
87	135	17
87	90	76
87	113	55
87	130	14
87	108	23
87	102	95
87	115	97
87	114	70
87	134	61
87	91	6
87	107	12
87	93	45
87	143	54
87	123	81
87	120	91
87	124	19
87	129	97
88	157	28
88	151	6
88	138	23
88	152	33
88	136	50
88	146	73
88	94	15
88	132	98
88	155	23
88	96	15
88	89	96
88	141	81
88	154	31
88	130	88
88	131	33
88	134	37
88	93	30
88	149	22
88	98	15
88	153	13
88	92	83
88	107	24
88	150	86
88	158	31
88	110	31
88	137	9
88	135	9
88	129	57
88	117	44
88	95	52
88	112	66
88	114	59
88	119	52
88	113	10
88	142	70
88	156	85
89	133	45
89	151	6
89	93	78
89	94	10
89	149	13
89	155	71
89	100	81
89	97	35
89	136	11
89	156	65
89	106	54
89	152	84
89	111	73
89	114	40
89	95	16
89	134	18
89	135	31
89	110	72
89	140	69
89	138	63
89	142	53
89	96	48
89	144	29
89	153	82
89	90	88
89	120	15
90	134	95
90	150	93
90	151	56
90	139	59
90	131	49
90	140	10
90	153	45
90	158	58
90	91	48
90	95	49
90	152	50
90	143	82
90	144	67
90	141	80
90	99	9
90	142	81
90	102	55
90	138	67
90	156	40
90	101	92
90	98	26
90	96	7
90	109	63
90	149	47
90	137	90
90	133	85
90	110	70
90	136	9
90	146	53
90	116	20
90	93	45
90	100	86
90	132	38
90	107	73
90	115	23
90	157	98
90	117	84
90	112	76
90	122	26
90	155	76
90	119	54
91	154	67
91	157	48
91	155	53
91	94	13
91	95	61
91	145	24
91	150	83
91	93	77
91	143	71
91	96	25
91	135	54
91	107	50
91	97	59
91	92	29
91	109	12
91	114	99
91	147	88
91	151	95
91	138	60
91	153	69
91	156	43
91	111	19
91	117	35
91	152	28
91	103	100
91	140	35
91	106	13
91	158	24
92	146	37
92	141	22
92	142	66
92	156	83
92	153	15
92	157	33
92	96	23
92	97	10
92	134	14
92	135	30
92	154	55
92	140	31
92	138	56
92	145	12
92	152	41
92	133	53
92	106	65
92	117	22
92	114	83
92	115	70
92	136	18
92	118	43
92	122	15
92	123	44
92	158	17
92	139	38
92	109	80
92	108	64
92	98	47
93	154	98
93	140	13
93	143	54
93	134	85
93	157	84
93	149	53
93	105	60
93	153	40
93	159	24
93	94	72
93	135	50
93	104	67
93	106	71
93	97	24
93	96	6
93	137	57
93	156	52
93	108	39
93	102	61
93	118	85
93	145	32
93	147	96
93	109	8
93	155	69
93	119	70
93	117	89
93	139	10
93	114	53
93	136	20
93	123	95
93	142	65
93	152	98
94	146	48
94	149	36
94	99	34
94	157	43
94	159	66
94	138	85
94	150	58
94	147	75
94	106	74
94	140	64
94	97	10
94	141	81
94	110	77
94	142	64
94	105	7
94	143	42
94	117	55
94	100	21
94	114	6
94	137	67
94	125	48
94	136	97
94	122	97
94	145	40
94	152	27
94	153	80
95	159	39
95	99	21
95	137	37
95	152	58
95	97	36
95	147	62
95	151	78
95	141	20
95	110	31
95	138	71
95	142	70
95	150	66
95	155	90
95	98	90
95	105	20
95	116	30
95	146	95
95	143	44
95	154	44
95	109	86
95	103	72
95	107	17
95	158	76
95	114	82
95	153	86
95	96	69
95	124	68
95	136	12
95	106	86
95	144	15
96	152	29
96	99	81
96	140	64
96	154	56
96	103	90
96	97	100
96	107	55
96	109	19
96	150	52
96	112	50
96	98	67
96	111	46
96	143	69
96	147	91
96	116	31
96	142	36
96	121	75
96	118	39
96	155	73
96	102	17
96	144	37
96	105	44
96	101	54
96	100	48
97	138	31
97	148	46
97	104	46
97	99	47
97	156	6
97	140	82
97	141	52
97	159	97
97	142	89
97	146	78
97	151	67
97	144	79
97	155	18
97	106	46
97	111	25
97	143	77
97	101	27
97	112	28
97	108	51
97	128	61
97	119	85
97	110	99
98	152	40
98	147	57
98	159	50
98	100	70
98	150	40
98	99	25
98	109	34
98	155	86
98	140	53
98	149	17
98	106	92
98	101	96
98	139	76
98	113	80
98	156	80
98	103	52
98	158	85
98	119	9
98	141	25
98	122	83
98	120	21
98	107	63
98	146	52
98	151	54
98	105	6
98	110	78
98	121	99
98	102	68
98	153	35
98	129	53
99	101	91
99	152	49
99	156	55
99	154	10
99	149	32
99	143	48
99	110	62
99	109	72
99	150	49
99	107	86
99	153	54
99	157	81
99	111	93
99	102	51
99	158	54
99	145	59
99	144	53
99	103	11
99	123	45
99	155	9
99	118	10
99	112	98
99	130	85
99	129	58
99	132	78
99	140	40
99	100	11
99	142	100
99	133	22
99	122	79
99	124	88
100	159	16
100	156	60
100	151	45
100	108	78
100	153	83
100	104	16
100	146	90
100	158	98
100	154	77
100	106	64
100	149	76
100	103	71
100	125	99
100	123	8
100	114	51
100	126	62
100	117	51
100	121	23
100	130	59
100	155	65
100	122	44
100	113	91
100	157	6
100	118	30
100	138	73
100	128	14
101	158	27
101	145	30
101	104	50
101	105	35
101	106	79
101	147	66
101	107	32
101	149	45
101	110	9
101	156	28
101	142	83
101	113	45
101	146	71
101	154	32
101	114	7
101	155	76
101	102	55
101	159	58
101	157	90
101	151	84
101	116	31
101	144	62
101	150	86
101	123	42
101	112	55
101	148	51
101	117	31
101	125	18
102	147	46
102	148	57
102	154	28
102	145	11
102	159	43
102	106	51
102	157	87
102	113	33
102	156	60
102	158	20
102	116	16
102	153	51
102	110	58
102	151	94
102	121	49
102	105	32
102	122	15
102	107	71
102	124	87
102	144	11
102	155	78
102	108	25
102	143	94
102	104	30
103	158	43
103	144	44
103	104	36
103	106	60
103	108	5
103	111	91
103	113	97
103	147	51
103	115	32
103	107	30
103	149	54
103	151	20
103	157	29
103	155	37
103	148	61
103	145	72
103	146	19
103	120	16
103	125	16
103	150	89
103	117	81
103	130	34
103	123	58
103	116	15
103	135	55
103	119	36
103	133	54
104	106	36
104	153	51
104	159	13
104	108	86
104	149	31
104	152	7
104	110	98
104	157	49
104	113	97
104	118	75
104	145	10
104	124	79
104	123	49
104	127	12
104	109	63
104	121	24
104	128	57
104	132	83
104	148	83
104	151	60
104	120	11
104	147	69
104	155	45
104	138	10
104	115	17
104	116	20
105	108	12
105	113	36
105	148	78
105	152	44
105	115	80
105	155	53
105	120	53
105	153	87
105	125	66
105	126	26
105	116	95
105	157	58
105	133	26
105	118	55
105	130	61
105	122	45
105	123	53
105	112	20
105	146	38
105	131	35
106	150	52
106	148	91
106	158	84
106	108	35
106	111	47
106	107	71
106	156	56
106	155	88
106	123	32
106	112	82
106	122	7
106	159	70
106	152	18
106	128	75
106	127	72
106	157	14
106	113	57
106	124	44
106	136	20
106	114	12
106	119	37
106	117	59
106	141	6
106	129	12
106	115	75
106	139	50
107	157	62
107	108	63
107	112	20
107	110	77
107	151	6
107	156	12
107	159	23
107	118	42
107	117	16
107	155	24
107	154	90
107	124	92
107	130	9
107	152	70
107	122	21
107	109	99
107	123	90
107	126	46
107	121	63
107	135	9
107	158	44
107	129	58
107	150	77
107	136	29
108	154	34
108	155	81
108	149	37
108	156	85
108	110	58
108	121	61
108	151	66
108	122	15
108	123	99
108	124	94
108	152	53
108	115	46
108	132	60
108	117	36
108	112	61
108	137	76
108	157	70
108	133	52
108	131	11
108	120	25
108	128	87
108	150	20
108	109	51
108	144	49
109	157	76
109	110	31
109	114	97
109	117	80
109	116	31
109	119	66
109	153	26
109	158	90
109	150	54
109	155	66
109	121	66
109	111	77
109	113	33
109	112	12
109	134	86
109	125	30
109	159	49
109	123	61
109	133	10
109	138	56
109	130	17
109	145	71
109	141	97
110	153	42
110	118	62
110	151	63
110	154	83
110	124	78
110	158	82
110	159	16
110	125	79
110	156	99
110	121	32
110	157	63
110	135	9
110	129	63
110	123	19
110	111	6
110	112	79
110	141	16
110	148	46
111	153	12
111	112	72
111	114	36
111	113	22
111	117	31
111	119	87
111	120	72
111	123	34
111	122	46
111	156	71
111	159	9
111	158	87
111	116	20
111	131	47
111	154	42
111	157	30
111	136	30
111	139	35
111	128	23
111	129	10
111	133	74
111	127	37
111	155	7
111	132	52
111	140	95
111	118	64
111	135	73
112	156	15
112	157	73
112	154	36
112	120	36
112	118	38
112	116	63
112	132	11
112	153	98
112	129	84
112	124	46
112	136	93
112	125	92
112	158	99
112	126	14
112	122	66
112	115	77
112	150	31
112	155	69
113	115	53
113	158	20
113	118	17
113	132	71
113	154	49
113	125	14
113	114	49
113	116	33
113	159	37
113	128	7
113	157	44
113	156	85
113	123	99
113	131	97
113	149	13
113	139	81
113	144	26
113	146	61
113	121	9
114	159	62
114	116	10
114	157	86
114	158	79
114	156	54
114	139	62
114	141	78
114	131	58
114	145	41
114	124	43
114	119	64
114	136	53
114	115	80
115	157	31
115	159	16
115	128	73
115	123	44
115	136	52
115	137	43
115	131	92
115	116	14
115	124	19
115	132	65
115	139	11
115	146	15
115	142	67
115	119	39
115	133	51
116	126	59
116	120	89
116	118	48
116	127	37
116	128	93
116	135	95
116	130	57
116	159	16
116	132	23
116	157	73
116	131	40
116	140	22
116	144	88
116	121	70
116	154	28
117	126	18
117	120	79
117	124	92
117	122	50
117	118	84
117	129	59
117	133	51
117	119	43
117	158	93
117	138	50
117	137	39
117	145	20
117	121	15
117	141	81
117	143	85
118	120	38
118	126	96
118	134	54
118	128	21
118	125	88
118	159	73
118	144	82
118	133	39
118	142	90
118	145	96
118	140	59
118	124	33
118	122	63
119	126	89
119	130	82
119	132	34
119	136	50
119	123	46
119	120	22
119	142	56
119	127	18
119	143	33
119	131	16
119	149	34
119	151	64
119	144	34
120	122	50
120	132	42
120	125	11
120	134	8
120	121	21
120	128	80
120	143	71
120	124	87
120	146	83
120	141	97
120	136	23
120	148	15
120	133	85
120	137	87
120	152	94
121	124	10
121	122	18
121	127	73
121	131	59
121	135	78
121	138	10
121	141	39
121	140	83
121	142	64
121	130	77
121	144	62
121	155	71
121	145	39
121	146	80
121	147	10
121	151	81
122	124	89
122	133	36
122	128	49
122	138	41
122	134	35
122	125	20
122	123	38
122	145	89
122	137	41
122	146	11
122	132	88
122	135	95
122	129	6
122	139	18
122	143	61
122	144	44
122	152	14
122	151	10
123	125	37
123	124	65
123	130	97
123	126	86
123	131	81
123	143	85
123	141	84
123	144	79
123	135	74
123	127	14
123	147	82
123	142	65
123	129	44
123	140	15
123	150	5
123	138	83
123	134	32
123	156	36
123	139	77
124	130	89
124	128	84
124	142	68
124	139	72
124	136	55
124	125	75
124	141	100
124	149	62
124	145	42
124	135	64
124	127	82
124	133	7
124	156	73
125	135	84
125	141	18
125	131	56
125	132	62
125	148	41
125	139	26
125	130	61
125	142	90
125	127	22
125	126	16
125	153	90
125	151	9
126	127	79
126	136	18
126	137	27
126	129	95
126	143	54
126	150	55
126	134	21
126	139	76
126	156	91
126	149	80
126	148	90
126	151	85
126	142	83
126	133	34
126	138	81
127	129	16
127	134	11
127	136	14
127	146	24
127	133	28
127	142	58
127	147	80
127	152	81
127	150	79
127	156	60
127	139	93
127	141	40
127	144	81
127	138	80
127	154	92
127	143	57
128	135	66
128	131	83
128	133	94
128	150	59
128	149	68
128	136	88
128	146	72
128	156	71
128	154	69
128	144	98
128	130	21
128	152	75
128	153	27
128	129	40
128	157	76
128	137	28
129	132	78
129	139	43
129	136	27
129	140	19
129	131	80
129	144	54
129	142	17
129	130	54
129	149	37
129	134	99
129	159	84
129	147	56
129	153	30
129	156	35
129	137	83
129	157	86
130	132	39
130	138	42
130	141	10
130	134	66
130	137	19
130	135	94
130	131	83
130	143	41
130	146	54
130	156	19
130	133	93
130	147	25
131	139	88
131	142	40
131	141	97
131	146	6
131	145	66
131	154	52
131	135	42
131	152	59
131	137	98
131	150	87
131	140	85
131	148	14
132	134	84
132	136	89
132	143	10
132	139	95
132	142	94
132	152	39
132	146	99
132	149	96
132	138	15
132	157	61
132	145	27
132	137	64
132	158	67
133	144	65
133	142	22
133	135	23
133	141	36
133	150	24
133	147	54
133	153	54
133	151	51
133	140	58
133	137	89
133	158	87
133	146	44
133	149	44
133	159	55
134	137	89
134	138	54
134	139	60
134	143	36
134	151	24
134	149	71
134	136	54
134	140	58
134	154	40
134	142	76
134	147	32
134	152	97
134	145	71
135	136	62
135	138	42
135	140	30
135	146	36
135	142	77
135	137	50
135	144	18
135	149	44
135	151	46
135	145	70
135	153	15
135	150	94
135	147	45
135	157	81
136	139	69
136	140	5
136	142	41
136	137	49
136	149	35
136	144	70
136	143	56
136	146	36
136	155	76
136	157	70
136	152	61
136	148	12
136	153	99
136	147	79
137	139	53
137	151	77
137	141	27
137	147	31
137	146	25
137	149	69
137	144	67
137	140	50
137	155	16
137	156	70
137	145	79
137	138	20
137	153	83
137	150	31
137	152	60
138	139	61
138	145	17
138	144	9
138	142	63
138	141	91
138	154	53
138	150	10
138	157	59
138	151	7
138	146	73
139	140	80
139	143	98
139	147	11
139	154	94
139	156	18
139	148	32
139	142	99
139	155	16
139	152	37
139	145	17
139	144	47
139	151	47
139	149	46
140	150	59
140	154	13
140	148	21
140	145	28
140	141	61
140	146	40
140	143	12
140	159	63
141	145	49
141	144	38
141	152	95
141	157	30
141	158	93
141	148	23
141	150	47
141	153	65
142	143	36
142	155	83
142	150	87
142	147	79
142	151	47
142	153	16
142	156	40
142	149	94
142	152	82
143	152	96
143	144	99
143	148	30
143	155	45
143	154	78
143	145	85
143	147	73
143	146	67
143	149	13
144	145	54
144	147	15
144	148	48
144	157	80
144	156	9
144	159	22
144	150	59
144	151	30
144	155	64
145	153	32
145	149	27
145	156	96
145	154	48
145	158	87
145	152	39
145	147	68
145	151	26
145	146	39
145	157	89
145	150	76
146	158	29
146	155	8
146	153	22
146	151	98
146	148	24
146	156	46
147	155	59
147	148	35
147	151	9
147	152	12
147	157	20
147	158	70
147	149	34
148	151	55
148	149	86
148	156	83
148	157	69
148	154	37
148	153	14
148	152	35
148	159	17
148	150	34
148	155	36
149	150	23
149	152	28
149	159	63
149	153	81
149	155	25
150	153	96
150	151	44
150	158	16
150	159	18
150	156	35
150	155	53
151	154	93
151	152	87
151	153	13
151	158	27
151	155	94
151	157	53
152	159	71
152	158	8
152	157	15
152	155	79
152	153	40
153	159	28
153	155	47
153	157	26
154	155	44
154	158	83
154	159	99
155	157	51
155	159	17
156	157	10
157	158	14
157	159	73
